N(2h+4f, 3, [4,0,0,0,0,0], [0,0,0,0,0,0]) = 31
N(2h+4f, 3, [2,1,0,0,0,0], [0,0,0,0,0,0]) = 29
N(2h+4f, 3, [1,0,1,0,0,0], [0,0,0,0,0,0]) = 28
N(2h+4f, 3, [0,2,0,0,0,0], [0,0,0,0,0,0]) = 27
N(2h+4f, 3, [0,0,0,1,0,0], [0,0,0,0,0,0]) = 27
N(2h+4f, 3, [3,0,0,0,0,0], [1,0,0,0,0,0]) = 36
N(2h+4f, 3, [1,1,0,0,0,0], [1,0,0,0,0,0]) = 34
N(2h+4f, 3, [0,0,1,0,0,0], [1,0,0,0,0,0]) = 33
N(2h+4f, 3, [2,0,0,0,0,0], [2,0,0,0,0,0]) = 36
N(2h+4f, 3, [2,0,0,0,0,0], [0,1,0,0,0,0]) = 58
N(2h+4f, 3, [0,1,0,0,0,0], [2,0,0,0,0,0]) = 34
N(2h+4f, 3, [0,1,0,0,0,0], [0,1,0,0,0,0]) = 54
N(2h+4f, 3, [1,0,0,0,0,0], [3,0,0,0,0,0]) = 36
N(2h+4f, 3, [1,0,0,0,0,0], [1,1,0,0,0,0]) = 126
N(2h+4f, 3, [1,0,0,0,0,0], [0,0,1,0,0,0]) = 84
N(2h+4f, 3, [0,0,0,0,0,0], [4,0,0,0,0,0]) = 36
N(2h+4f, 3, [0,0,0,0,0,0], [2,1,0,0,0,0]) = 194
N(2h+4f, 3, [0,0,0,0,0,0], [1,0,1,0,0,0]) = 183
N(2h+4f, 3, [0,0,0,0,0,0], [0,2,0,0,0,0]) = 108
N(2h+4f, 3, [0,0,0,0,0,0], [0,0,0,1,0,0]) = 108
