N(2h+4f, 1, [4,0,0,0,0,0], [0,0,0,0,0,0]) = 1552
N(2h+4f, 1, [2,1,0,0,0,0], [0,0,0,0,0,0]) = 1146
N(2h+4f, 1, [1,0,1,0,0,0], [0,0,0,0,0,0]) = 946
N(2h+4f, 1, [0,2,0,0,0,0], [0,0,0,0,0,0]) = 816
N(2h+4f, 1, [0,0,0,1,0,0], [0,0,0,0,0,0]) = 782
N(2h+4f, 1, [3,0,0,0,0,0], [1,0,0,0,0,0]) = 2452
N(2h+4f, 1, [1,1,0,0,0,0], [1,0,0,0,0,0]) = 1904
N(2h+4f, 1, [0,0,1,0,0,0], [1,0,0,0,0,0]) = 1633
N(2h+4f, 1, [2,0,0,0,0,0], [2,0,0,0,0,0]) = 2622
N(2h+4f, 1, [2,0,0,0,0,0], [0,1,0,0,0,0]) = 2412
N(2h+4f, 1, [0,1,0,0,0,0], [2,0,0,0,0,0]) = 2062
N(2h+4f, 1, [0,1,0,0,0,0], [0,1,0,0,0,0]) = 1740
N(2h+4f, 1, [1,0,0,0,0,0], [3,0,0,0,0,0]) = 2632
N(2h+4f, 1, [1,0,0,0,0,0], [1,1,0,0,0,0]) = 6244
N(2h+4f, 1, [1,0,0,0,0,0], [0,0,1,0,0,0]) = 2847
N(2h+4f, 1, [0,0,0,0,0,0], [4,0,0,0,0,0]) = 2632
N(2h+4f, 1, [0,0,0,0,0,0], [2,1,0,0,0,0]) = 10368
N(2h+4f, 1, [0,0,0,0,0,0], [1,0,1,0,0,0]) = 7746
N(2h+4f, 1, [0,0,0,0,0,0], [0,2,0,0,0,0]) = 3480
N(2h+4f, 1, [0,0,0,0,0,0], [0,0,0,1,0,0]) = 3128
