alpha = [4,0,0,0,0,0,0,0,0,0,0,0,0]
90932+

alpha = [2,1,0,0,0,0,0,0,0,0,0,0,0]
50628+

alpha = [1,0,1,0,0,0,0,0,0,0,0,0,0]
32996+

alpha = [0,2,0,0,0,0,0,0,0,0,0,0,0]
26624+

alpha = [0,0,0,1,0,0,0,0,0,0,0,0,0]
21830+

alpha = [3,0,0,0,0,0,0,0,0,0,0,0,0]
106406+61228b^1+

alpha = [1,1,0,0,0,0,0,0,0,0,0,0,0]
61562+30780b^1+

alpha = [0,0,1,0,0,0,0,0,0,0,0,0,0]
41720+18052b^1+

alpha = [2,0,0,0,0,0,0,0,0,0,0,0,0]
109556+168492b^1+49008c^1+

alpha = [0,1,0,0,0,0,0,0,0,0,0,0,0]
64262+88756b^1+22092c^1+

alpha = [1,0,0,0,0,0,0,0,0,0,0,0,0]
109781+292626b^1+148836c^1+61984b^2+38192d^1+

alpha = [0,0,0,0,0,0,0,0,0,0,0,0,0]
109781+421150b^1+273996c^1+239496b^2+125512d^1+98340b^1 c^1+27385e^1+

