alpha = [4,0,0,0,0,0,0,0,0,0,0,0,0]
13158564+3608792b^1+

alpha = [2,1,0,0,0,0,0,0,0,0,0,0,0]
5435068+1087592b^1+

alpha = [1,0,1,0,0,0,0,0,0,0,0,0,0]
2757279+372416b^1+

alpha = [0,2,0,0,0,0,0,0,0,0,0,0,0]
2008600+220440b^1+

alpha = [0,0,0,1,0,0,0,0,0,0,0,0,0]
1398606+91080b^1+

alpha = [3,0,0,0,0,0,0,0,0,0,0,0,0]
14920932+12386664b^1+1872189c^1+

alpha = [1,1,0,0,0,0,0,0,0,0,0,0,0]
6405438+4187048b^1+412203c^1+

alpha = [0,0,1,0,0,0,0,0,0,0,0,0,0]
3399591+1687026b^1+67914c^1+

alpha = [2,0,0,0,0,0,0,0,0,0,0,0,0]
15470239+24413480b^1+7330170c^1+2361632b^2+886424d^1+

alpha = [0,1,0,0,0,0,0,0,0,0,0,0,0]
6735183+8775676b^1+1971552c^1+503360b^2+91080d^1+

alpha = [1,0,0,0,0,0,0,0,0,0,0,0,0]
15580020+37645506b^1+15876003c^1+10975224b^2+4030776d^1+2039994b^1 c^1+301235e^1+

alpha = [0,0,0,0,0,0,0,0,0,0,0,0,0]
15580020+51115872b^1+26074776c^1+28526576b^2+9625200d^1+11044176b^1 c^1+1807410e^1+1006720b^3+546480b^1 d^1+203742c^2+0f^1+

