alpha = [4,0,0,0,0,0,0,0,0,0,0,0,0]
12491256+11752944b^1+

alpha = [2,1,0,0,0,0,0,0,0,0,0,0,0]
9601514+8619056b^1+

alpha = [1,0,1,0,0,0,0,0,0,0,0,0,0]
8196855+7108776b^1+

alpha = [0,2,0,0,0,0,0,0,0,0,0,0,0]
7295860+6221184b^1+

alpha = [0,0,0,1,0,0,0,0,0,0,0,0,0]
7057428+5928720b^1+

alpha = [3,0,0,0,0,0,0,0,0,0,0,0,0]
12593346+29553432b^1+13900176c^1+

alpha = [1,1,0,0,0,0,0,0,0,0,0,0,0]
9696450+22016536b^1+10002726c^1+

alpha = [0,0,1,0,0,0,0,0,0,0,0,0,0]
8288217+18373848b^1+8131140c^1+

alpha = [2,0,0,0,0,0,0,0,0,0,0,0,0]
12597852+48775314b^1+36275196c^1+17245992b^2+15452712d^1+

alpha = [0,1,0,0,0,0,0,0,0,0,0,0,0]
9700860+36626574b^1+26644644c^1+12449928b^2+10985064d^1+

alpha = [1,0,0,0,0,0,0,0,0,0,0,0,0]
12597900+68168574b^1+60866154c^1+61279560b^2+40937160d^1+41332248b^1 c^1+16115230e^1+

alpha = [0,0,0,0,0,0,0,0,0,0,0,0,0]
12597900+87570294b^1+85730805c^1+134532708b^2+69166872d^1+149743080b^1 c^1+43250780e^1+24899856b^3+45685008b^1 d^1+24393420c^2+16038960f^1+

