alpha = [4,0,0,0,0,0,0,0,0,0,0,0,0]
70874234248+75478427552b^1+16250472366c^1+

alpha = [2,1,0,0,0,0,0,0,0,0,0,0,0]
35572421728+34752470688b^1+6786786342c^1+

alpha = [1,0,1,0,0,0,0,0,0,0,0,0,0]
21652915048+19474967744b^1+3444703827c^1+

alpha = [0,2,0,0,0,0,0,0,0,0,0,0,0]
17288247264+15329986880b^1+2668307202c^1+

alpha = [0,0,0,1,0,0,0,0,0,0,0,0,0]
13677854484+11322828560b^1+1800728136c^1+

alpha = [3,0,0,0,0,0,0,0,0,0,0,0,0]
73219032354+142451026960b^1+55569255648c^1+22196133632b^2+11351353896d^1+

alpha = [1,1,0,0,0,0,0,0,0,0,0,0,0]
37143366000+67165705640b^1+24200503680c^1+9500447488b^2+4464155320d^1+

alpha = [0,0,1,0,0,0,0,0,0,0,0,0,0]
22868224104+38577033328b^1+12835045392c^1+4954402688b^2+2124818592d^1+

alpha = [2,0,0,0,0,0,0,0,0,0,0,0,0]
73718685360+215337763656b^1+112011883152c^1+92657556128b^2+41331776640d^1+31229331840b^1 c^1+7701812805e^1+

alpha = [0,1,0,0,0,0,0,0,0,0,0,0,0]
37523399286+102971381640b^1+50223253416c^1+40771818368b^2+17093180160d^1+12502698528b^1 c^1+2837960995e^1+

alpha = [1,0,0,0,0,0,0,0,0,0,0,0,0]
73778495220+289958733162b^1+177247226880c^1+227383437168b^2+87058636104d^1+138405087912b^1 c^1+29576951260e^1+19054134176b^3+21845265024b^1 d^1+10376099676c^2+4964526324f^1+

alpha = [0,0,0,0,0,0,0,0,0,0,0,0,0]
73778495220+365005531734b^1+245851899192c^1+433326200448b^2+141770054040d^1+354582694728b^1 c^1+64594531610e^1+100597770912b^3+101322939584b^1 d^1+48881235852c^2+20090933280f^1+39868605120b^2 c^1+14538639080b^1 e^1+13577368320c^1 d^1+3003509061g^1+

