alpha = [4,0,0,0,0,0,0,0,0,0,0,0,0,0,0,0,0,0,0,0,0,0,0,0,0,0,0,0,0,0]
2667360+8571176b^1+5349432c^1+

alpha = [2,1,0,0,0,0,0,0,0,0,0,0,0,0,0,0,0,0,0,0,0,0,0,0,0,0,0,0,0,0]
2435748+7775728b^1+4823052c^1+

alpha = [1,0,1,0,0,0,0,0,0,0,0,0,0,0,0,0,0,0,0,0,0,0,0,0,0,0,0,0,0,0]
2320206+7379012b^1+4560591c^1+

alpha = [0,2,0,0,0,0,0,0,0,0,0,0,0,0,0,0,0,0,0,0,0,0,0,0,0,0,0,0,0,0]
2219536+7036432b^1+4335816c^1+

alpha = [0,0,0,1,0,0,0,0,0,0,0,0,0,0,0,0,0,0,0,0,0,0,0,0,0,0,0,0,0,0]
2212188+7009700b^1+4317216c^1+

alpha = [3,0,0,0,0,0,0,0,0,0,0,0,0,0,0,0,0,0,0,0,0,0,0,0,0,0,0,0,0,0]
2667375+13439532b^1+12167328c^1+6854232b^2+6766696d^1+

alpha = [1,1,0,0,0,0,0,0,0,0,0,0,0,0,0,0,0,0,0,0,0,0,0,0,0,0,0,0,0,0]
2435763+12211700b^1+11020242c^1+6175352b^2+6091640d^1+

alpha = [0,0,1,0,0,0,0,0,0,0,0,0,0,0,0,0,0,0,0,0,0,0,0,0,0,0,0,0,0,0]
2320221+11599308b^1+10448193c^1+5836872b^2+5755072d^1+

alpha = [2,0,0,0,0,0,0,0,0,0,0,0,0,0,0,0,0,0,0,0,0,0,0,0,0,0,0,0,0,0]
2667375+18311028b^1+19123176c^1+22405688b^2+15428360d^1+19379544b^1 c^1+8020130e^1+

alpha = [0,1,0,0,0,0,0,0,0,0,0,0,0,0,0,0,0,0,0,0,0,0,0,0,0,0,0,0,0,0]
2435763+16650772b^1+17350596c^1+20248216b^2+13955048d^1+17426904b^1 c^1+7208920e^1+

alpha = [1,0,0,0,0,0,0,0,0,0,0,0,0,0,0,0,0,0,0,0,0,0,0,0,0,0,0,0,0,0]
2667375+23182554b^1+26083794c^1+46829088b^2+24270792d^1+63557064b^1 c^1+18330385e^1+12350704b^3+24482976b^1 d^1+13681773c^2+9118350f^1+

alpha = [0,0,0,0,0,0,0,0,0,0,0,0,0,0,0,0,0,0,0,0,0,0,0,0,0,0,0,0,0,0]
2667375+28054080b^1+33044457c^1+80130632b^2+33119544d^1+133056180b^1 c^1+28862610e^1+52847136b^3+80431872b^1 d^1+45026352c^2+20892474f^1+52364424b^2 c^1+28978120b^1 e^1+34534080c^1 d^1+10070788g^1+

