alpha = [4,0,0,0,0,0,0,0,0,0,0,0,0,0,0,0,0,0,0,0,0,0,0,0,0,0,0,0,0,0]
145383+497344b^1+327240c^1+

alpha = [2,1,0,0,0,0,0,0,0,0,0,0,0,0,0,0,0,0,0,0,0,0,0,0,0,0,0,0,0,0]
136407+464732b^1+304626c^1+

alpha = [1,0,1,0,0,0,0,0,0,0,0,0,0,0,0,0,0,0,0,0,0,0,0,0,0,0,0,0,0,0]
131922+448438b^1+293328c^1+

alpha = [0,2,0,0,0,0,0,0,0,0,0,0,0,0,0,0,0,0,0,0,0,0,0,0,0,0,0,0,0,0]
127807+433560b^1+283056c^1+

alpha = [0,0,0,1,0,0,0,0,0,0,0,0,0,0,0,0,0,0,0,0,0,0,0,0,0,0,0,0,0,0]
127623+432856b^1+282546c^1+

alpha = [3,0,0,0,0,0,0,0,0,0,0,0,0,0,0,0,0,0,0,0,0,0,0,0,0,0,0,0,0,0]
145383+770118b^1+719151c^1+423256b^2+420872d^1+

alpha = [1,1,0,0,0,0,0,0,0,0,0,0,0,0,0,0,0,0,0,0,0,0,0,0,0,0,0,0,0,0]
136407+720306b^1+671361c^1+393760b^2+391424d^1+

alpha = [0,0,1,0,0,0,0,0,0,0,0,0,0,0,0,0,0,0,0,0,0,0,0,0,0,0,0,0,0,0]
131922+695418b^1+647484c^1+379024b^2+376712d^1+

alpha = [2,0,0,0,0,0,0,0,0,0,0,0,0,0,0,0,0,0,0,0,0,0,0,0,0,0,0,0,0,0]
145383+1042932b^1+1114857c^1+1352720b^2+926264d^1+1220976b^1 c^1+507250e^1+

alpha = [0,1,0,0,0,0,0,0,0,0,0,0,0,0,0,0,0,0,0,0,0,0,0,0,0,0,0,0,0,0]
136407+975920b^1+1041831c^1+1260880b^2+863984d^1+1134648b^1 c^1+471310e^1+

alpha = [1,0,0,0,0,0,0,0,0,0,0,0,0,0,0,0,0,0,0,0,0,0,0,0,0,0,0,0,0,0]
145383+1315746b^1+1510623c^1+2793332b^2+1436676d^1+3909012b^1 c^1+1118015e^1+787520b^3+1568992b^1 d^1+879984c^2+586620f^1+

alpha = [0,0,0,0,0,0,0,0,0,0,0,0,0,0,0,0,0,0,0,0,0,0,0,0,0,0,0,0,0,0]
145383+1588560b^1+1906389c^1+4745172b^2+1947168d^1+8078928b^1 c^1+1735005e^1+3309280b^3+5028384b^1 d^1+2822436c^2+1294920f^1+3406368b^2 c^1+1889320b^1 e^1+2260320c^1 d^1+659239g^1+

