alpha = [4,0,0,0,0,0,0,0,0,0,0,0,0]
1949466636+4992663400b^1+2560437120c^1+

alpha = [2,1,0,0,0,0,0,0,0,0,0,0,0]
1602159524+4026751832b^1+2027399634c^1+

alpha = [1,0,1,0,0,0,0,0,0,0,0,0,0]
1431457035+3553198246b^1+1766736687c^1+

alpha = [0,2,0,0,0,0,0,0,0,0,0,0,0]
1309532284+3225529496b^1+1592043840c^1+

alpha = [0,0,0,1,0,0,0,0,0,0,0,0,0]
1286126828+3155720096b^1+1551009966c^1+

alpha = [3,0,0,0,0,0,0,0,0,0,0,0,0]
1950165477+8174263752b^1+6502145895c^1+3218740360b^2+3011634488d^1+

alpha = [1,1,0,0,0,0,0,0,0,0,0,0,0]
1602834513+6624785096b^1+5211690213c^1+2550854272b^2+2372724328d^1+

alpha = [0,0,1,0,0,0,0,0,0,0,0,0,0]
1432120101+5864699040b^1+4579601013c^1+2224316200b^2+2060557904d^1+

alpha = [2,0,0,0,0,0,0,0,0,0,0,0,0]
1950179847+11378670780b^1+10760172618c^1+11272339232b^2+7711475160d^1+8285099160b^1 c^1+3323863500e^1+

alpha = [0,1,0,0,0,0,0,0,0,0,0,0,0]
1602848733+9243936496b^1+8675510256c^1+9002006848b^2+6154691128d^1+6519422844b^1 c^1+2606193980e^1+

alpha = [1,0,0,0,0,0,0,0,0,0,0,0,0]
1950179922+14584340526b^1+15054544572c^1+24521911068b^2+12809212872d^1+29368076724b^1 c^1+8571798690e^1+5101709056b^3+9723547184b^1 d^1+5300210637c^2+3513357060f^1+

alpha = [0,0,0,0,0,0,0,0,0,0,0,0,0]
1950179922+17790037992b^1+19350904875c^1+43009784060b^2+17953720184d^1+64313194356b^1 c^1+14286507480e^1+23105722752b^3+34655809824b^1 d^1+19039013676c^2+9127328712f^1+19711794288b^2 c^1+10695377360b^1 e^1+12385713576c^1 d^1+3600799181g^1+

