alpha = [4,0,0,0,0,0,0,0,0,0,0,0,0]
3356771215+16245943500b^1+14335158768c^1+7796936480b^2+7638483208d^1+

alpha = [2,1,0,0,0,0,0,0,0,0,0,0,0]
3021868477+14550406680b^1+12795074760c^1+6923523312b^2+6775803240d^1+

alpha = [1,0,1,0,0,0,0,0,0,0,0,0,0]
2855165968+13706719926b^1+12028908921c^1+6489172856b^2+6346811776d^1+

alpha = [0,2,0,0,0,0,0,0,0,0,0,0,0]
2715263927+13004307796b^1+11394292632c^1+6132444880b^2+5994924760d^1+

alpha = [0,0,0,1,0,0,0,0,0,0,0,0,0]
2702113309+12935031012b^1+11329809888c^1+6094419000b^2+5957155360d^1+

alpha = [3,0,0,0,0,0,0,0,0,0,0,0,0]
3356773525+22289299214b^1+22880523429c^1+26061819696b^2+18032768216d^1+21794412936b^1 c^1+8982202110e^1+

alpha = [1,1,0,0,0,0,0,0,0,0,0,0,0]
3021870775+19980559774b^1+20463638073c^1+23216331328b^2+16075955480d^1+19317815148b^1 c^1+7956988270e^1+

alpha = [0,0,1,0,0,0,0,0,0,0,0,0,0]
2855168260+18831691898b^1+19261143630c^1+21800977536b^2+15102572960d^1+18086368386b^1 c^1+7447231650e^1+

alpha = [2,0,0,0,0,0,0,0,0,0,0,0,0]
3356773532+28333036228b^1+31445435163c^1+55162633176b^2+28814823024d^1+73165692912b^1 c^1+21259774860e^1+13847046656b^3+27315939312b^1 d^1+15210967077c^2+10132841628f^1+

alpha = [0,1,0,0,0,0,0,0,0,0,0,0,0]
3021870782+25411087688b^1+28151076951c^1+49224947040b^2+25741592088d^1+65074089000b^1 c^1+18929723510e^1+12264889792b^3+24178285872b^1 d^1+13456918269c^2+8963867844f^1+

alpha = [1,0,0,0,0,0,0,0,0,0,0,0,0]
3356773532+34376777778b^1+40010933067c^1+95123752724b^2+39622501180d^1+155213128836b^1 c^1+34007859015e^1+60279709312b^3+91874164224b^1 d^1+51297693840c^2+24046704378f^1+58103148864b^2 c^1+32085019510b^1 e^1+38091148848c^1 d^1+11105368841g^1+

alpha = [0,0,0,0,0,0,0,0,0,0,0,0,0]
3356773532+40420519342b^1+48576437847c^1+145945928100b^2+50430954416d^1+268010358432b^1 c^1+46787412815e^1+158729603392b^3+195097472448b^1 d^1+109081124730c^2+38508473088f^1+253654259472b^2 c^1+108112019280b^1 e^1+128718107280c^1 d^1+26426383060g^1+24529779584b^4+72734247744b^2 d^1+81172941696b^1 c^2+36153351396b^1 f^1+44696231460c^1 e^1+23828621440d^2+11914054400h^1+

