alpha = [4,0,0,0,0,0,0,0,0,0,0,0,0]
170406002752501+590726395068780b^1+404715042171498c^1+182810607828336b^2+156421706469048d^1+

alpha = [2,1,0,0,0,0,0,0,0,0,0,0,0]
127307881548355+432249479092920b^1+290885045131224c^1+129932209442896b^2+109812324147768d^1+

alpha = [1,0,1,0,0,0,0,0,0,0,0,0,0]
106720187908372+356921644568298b^1+237010559955942c^1+104987916964944b^2+87887553202512d^1+

alpha = [0,2,0,0,0,0,0,0,0,0,0,0,0]
94472326484309+313782390695580b^1+207152311230798c^1+91492599587280b^2+76285893251768d^1+

alpha = [0,0,0,1,0,0,0,0,0,0,0,0,0]
90621649277479+298985958545440b^1+196152806886474c^1+86263773160224b^2+71581750516152d^1+

alpha = [3,0,0,0,0,0,0,0,0,0,0,0,0]
170458312008811+844424486490068b^1+712323225374841c^1+682159843685916b^2+448087639684260d^1+425444273135688b^1 c^1+161346288394095e^1+

alpha = [1,1,0,0,0,0,0,0,0,0,0,0,0]
127356492131791+620393561127028b^1+516823217659257c^1+489620759000892b^2+320017246935900d^1+299164426180044b^1 c^1+112547722600665e^1+

alpha = [0,0,1,0,0,0,0,0,0,0,0,0,0]
106766954946286+513818420638460b^1+424104051584079c^1+398576158470348b^2+259515930730668d^1+239775747447072b^1 c^1+89640519996795e^1+

alpha = [2,0,0,0,0,0,0,0,0,0,0,0,0]
170460495416260+1099055343144370b^1+1030875848591574c^1+1546682294892036b^2+795089389696752d^1+1622104359721692b^1 c^1+467241342900895e^1+259869010120456b^3+464641828195528b^1 d^1+245044842985170c^2+159456503374536f^1+

alpha = [0,1,0,0,0,0,0,0,0,0,0,0,0]
127358608098532+809352747244526b^1+751869736147908c^1+1117207961990988b^2+573653624802392d^1+1153642193514384b^1 c^1+331795842856965e^1+182989527642760b^3+324451532008808b^1 d^1+170341365926520c^2+110522107283232f^1+

alpha = [1,0,0,0,0,0,0,0,0,0,0,0,0]
170460529136614+1353768667331796b^1+1351036803954156c^1+2787470340940364b^2+1155550471546144d^1+3726517218301404b^1 c^1+834199354896765e^1+1239111100886944b^3+1788029298914080b^1 d^1+956077008394329c^2+466661123234298f^1+913293146659956b^2 c^1+478056087485830b^1 e^1+531160355324700c^1 d^1+152677313890577g^1+

alpha = [0,0,0,0,0,0,0,0,0,0,0,0,0]
170460529136614+1608485883528860b^1+1671337668793014c^1+4406175835429416b^2+1518037068656060d^1+6771711952512600b^1 c^1+1216460514625790e^1+3473527024868920b^3+4131280382700624b^1 d^1+2228389163146566c^2+838312031879700f^1+4416306009099768b^2 c^1+1853345516823960b^1 e^1+2094319375062600c^1 d^1+451684704381169g^1+365979055285520b^4+993958156658512b^2 d^1+1060009974194256b^1 c^2+471021451064820b^1 f^1+542564574899175c^1 e^1+286327002064608d^2+142659923859104h^1+

