alpha = [4,0,0,0,0,0,0,0,0,0,0,0,0]
12371204883456+48775130934802b^1+37103480060784c^1+17714578124248b^2+16206289236056d^1+

alpha = [2,1,0,0,0,0,0,0,0,0,0,0,0]
9956921776020+38713772639998b^1+29123706965172c^1+13767321461960b^2+12516229390408d^1+

alpha = [1,0,1,0,0,0,0,0,0,0,0,0,0]
8778708408465+33815321492836b^1+25245957679332c^1+11852924785744b^2+10728303129680d^1+

alpha = [0,2,0,0,0,0,0,0,0,0,0,0,0]
7976765374168+30562104207554b^1+22719812216400c^1+10630619422024b^2+9598367550504d^1+

alpha = [0,0,0,1,0,0,0,0,0,0,0,0,0]
7798262248808+29783507978166b^1+22081338486108c^1+10304287917424b^2+9288377300640d^1+

alpha = [3,0,0,0,0,0,0,0,0,0,0,0,0]
12372017567949+68662558897542b^1+62942476061634c^1+63781917301432b^2+43413541340760d^1+44643058747884b^1 c^1+17674637847585e^1+

alpha = [1,1,0,0,0,0,0,0,0,0,0,0,0]
9957702152271+54642911729146b^1+49714220146608c^1+49938451942504b^2+33949046001688d^1+34472860071708b^1 c^1+13595995278675e^1+

alpha = [0,0,1,0,0,0,0,0,0,0,0,0,0]
8779472644059+47814767976210b^1+43279990430091c^1+43215975090136b^2+29353493177184d^1+29546767778760b^1 c^1+11621602726665e^1+

alpha = [2,0,0,0,0,0,0,0,0,0,0,0,0]
12372036530340+88576545351474b^1+89234844962535c^1+141209708559988b^2+73977252422876d^1+163033814478576b^1 c^1+47686167824430e^1+27534697346096b^3+51739538482160b^1 d^1+27968623400178c^2+18473394719604f^1+

alpha = [0,1,0,0,0,0,0,0,0,0,0,0,0]
9957720823896+70596582747882b^1+70707942408045c^1+111062900749508b^2+58232498573620d^1+126952693375008b^1 c^1+37158047495610e^1+21261291691184b^3+39783256272112b^1 d^1+21448666572480c^2+14152988357076f^1+

alpha = [1,0,0,0,0,0,0,0,0,0,0,0,0]
12372036675723+108491951244576b^1+115570972094319c^1+250495536763452b^2+105113990543212d^1+363908227329228b^1 c^1+81558168855285e^1+127411604540384b^3+190042757009728b^1 d^1+103706499260610c^2+50199761224056f^1+104504497907016b^2 c^1+56297932238580b^1 e^1+64561528227264c^1 d^1+18730540938389g^1+

alpha = [0,0,0,0,0,0,0,0,0,0,0,0,0]
12372036675723+128407392892368b^1+141909390026496c^1+391688702259216b^2+136307039538444d^1+648768416073948b^1 c^1+116104749139365e^1+349537406039400b^3+425641786069632b^1 d^1+233546470550883c^2+86181127926186f^1+488057809927440b^2 c^1+207817800142460b^1 e^1+240947361703248c^1 d^1+51276412828914g^1+42522583382368b^4+120783664213920b^2 d^1+131537636481240b^1 c^2+58696267125552b^1 f^1+69967757810250c^1 e^1+37153509202560d^2+18560675518416h^1+

