alpha = [4,0,0,0,0,0,0,0,0,0,0,0,0]
51933646043901+192483233324028b^1+139379910246648c^1+64656833211664b^2+57405092942648d^1+

alpha = [2,1,0,0,0,0,0,0,0,0,0,0,0]
40343649091493+146989040062032b^1+104933028796170c^1+48158096224832b^2+42376334114752d^1+

alpha = [1,0,1,0,0,0,0,0,0,0,0,0,0]
34740383644191+125071064610282b^1+88385009462622c^1+40252825953928b^2+35187597933176d^1+

alpha = [0,2,0,0,0,0,0,0,0,0,0,0,0]
31165032235273+111509974431492b^1+78402924619056c^1+35590245565872b^2+31012123613640d^1+

alpha = [0,0,0,1,0,0,0,0,0,0,0,0,0]
30214850882535+107607238248900b^1+75344502186222c^1+34083265246544b^2+29613711513592d^1+

alpha = [3,0,0,0,0,0,0,0,0,0,0,0,0]
51941288760309+272988691315702b^1+240715155298194c^1+237028124442936b^2+158971541014608d^1+157018140210522b^1 c^1+61003379801220e^1+

alpha = [1,1,0,0,0,0,0,0,0,0,0,0,0]
40350881597291+209155411265886b^1+182633137028586c^1+178069815573624b^2+119098718815648d^1+115975924918566b^1 c^1+44805349386760e^1+

alpha = [0,0,1,0,0,0,0,0,0,0,0,0,0]
34747411392102+178384736577472b^1+154691604091530c^1+149770323320772b^2+99967776247788d^1+96350506020084b^1 c^1+37068092811885e^1+

alpha = [2,0,0,0,0,0,0,0,0,0,0,0,0]
51941530137537+353677735483016b^1+344627141595801c^1+531009069607992b^2+276221308625808d^1+585881622298692b^1 c^1+170436380041370e^1+96316789915776b^3+177038655458192b^1 d^1+94603638997422c^2+62115668063244f^1+

alpha = [0,1,0,0,0,0,0,0,0,0,0,0,0]
40351117639769+271487175355652b^1+262556069316963c^1+401092535819424b^2+208661149449192d^1+437022212038812b^1 c^1+127112829151730e^1+71181063896448b^3+130050427079600b^1 d^1+69249791909916c^2+45389944671744f^1+

alpha = [1,0,0,0,0,0,0,0,0,0,0,0,0]
51941532804912+434379526731678b^1+448848325572831c^1+949319972270396b^2+396686755245780d^1+1326361223242890b^1 c^1+297565380693420e^1+452456473910160b^3+665454347686704b^1 d^1+359758712411640c^2+175068999600972f^1+352710380063340b^2 c^1+187669435774270b^1 e^1+212126062108116c^1 d^1+61319462193563g^1+

alpha = [0,0,0,0,0,0,0,0,0,0,0,0,0]
51941532804912+515081762011216b^1+553090559749137c^1+1492294322981700b^2+517546158775920d^1+2386627571609232b^1 c^1+428420178246845e^1+1254641545549008b^3+1513205599580688b^1 d^1+823833524686230c^2+307140821128572f^1+1676065774103280b^2 c^1+709732861598220b^1 e^1+813407399596368c^1 d^1+174390189759429g^1+142362127792896b^4+396433915145376b^2 d^1+427551101880084b^1 c^2+190558775300640b^1 f^1+223646828603415c^1 e^1+118454846054368d^2+59121676584368h^1+

