alpha = [4,0,0,0,0,0,0,0,0,0,0,0,0]
224710098+1134675900b^1+1029022704c^1+579363888b^2+572178880d^1+

alpha = [2,1,0,0,0,0,0,0,0,0,0,0,0]
206769080+1040189076b^1+941086590c^1+527765224b^2+520924688d^1+

alpha = [1,0,1,0,0,0,0,0,0,0,0,0,0]
197820414+993068940b^1+897237918c^1+502040844b^2+495372472d^1+

alpha = [0,2,0,0,0,0,0,0,0,0,0,0,0]
189990566+952067404b^1+859211052c^1+479866272b^2+473359488d^1+

alpha = [0,0,0,1,0,0,0,0,0,0,0,0,0]
189438438+949049196b^1+856339944c^1+478116352b^2+471614832d^1+

alpha = [3,0,0,0,0,0,0,0,0,0,0,0,0]
224710119+1548206320b^1+1621838826c^1+1900604796b^2+1311149784d^1+1647570834b^1 c^1+682001900e^1+

alpha = [1,1,0,0,0,0,0,0,0,0,0,0,0]
206769101+1420162528b^1+1485322296c^1+1735438164b^2+1198054464d^1+1498977558b^1 c^1+620303270e^1+

alpha = [0,0,1,0,0,0,0,0,0,0,0,0,0]
197820435+1356306154b^1+1417245705c^1+1653086292b^2+1141663200d^1+1424901600b^1 c^1+589545860e^1+

alpha = [2,0,0,0,0,0,0,0,0,0,0,0,0]
224710119+1961744480b^1+2215288323c^1+3980982948b^2+2068052316d^1+5420440182b^1 c^1+1565724660e^1+1055530448b^3+2093671824b^1 d^1+1170379944c^2+779999760f^1+

alpha = [0,1,0,0,0,0,0,0,0,0,0,0,0]
206769101+1800143660b^1+2030177937c^1+3639572972b^2+1892392548d^1+4943967654b^1 c^1+1429403670e^1+959732544b^3+1902943168b^1 d^1+1063458540c^2+708726792f^1+

alpha = [1,0,0,0,0,0,0,0,0,0,0,0,0]
224710119+2375282682b^1+2808749565c^1+6821308004b^2+2825790468d^1+11370291594b^1 c^1+2471404350e^1+4526406776b^3+6897249048b^1 d^1+3862093698c^2+1794127692f^1+4504077648b^2 c^1+2493386970b^1 e^1+2972579088c^1 d^1+866854359g^1+

alpha = [0,0,0,0,0,0,0,0,0,0,0,0,0]
224710119+2788820884b^1+3402210870c^1+10421595324b^2+3583544220d^1+19499565930b^1 c^1+3378117365e^1+11805552720b^3+14478230928b^1 d^1+8113830813c^2+2834061510f^1+19351271832b^2 c^1+8224886610b^1 e^1+9822928464c^1 d^1+1997815512g^1+1919465088b^4+5718351744b^2 d^1+6401621880b^1 c^2+2849164992b^1 f^1+3537705420c^1 e^1+1886459328d^2+943224400h^1+

