alpha = [4,0,0,0,0,0,0,0,0,0,0,0,0]
336503828702+1481281337472b^1+1224188143398c^1+622388790416b^2+594335882828d^1+

alpha = [2,1,0,0,0,0,0,0,0,0,0,0,0]
287976877258+1256568440368b^1+1031787622152c^1+520551583760b^2+495700005436d^1+

alpha = [1,0,1,0,0,0,0,0,0,0,0,0,0]
263991124478+1145609566908b^1+936851796891c^1+470350644032b^2+447089991764d^1+

alpha = [0,2,0,0,0,0,0,0,0,0,0,0,0]
245696215862+1062216313264b^1+866244977034c^1+433542763728b^2+411591742892d^1+

alpha = [0,0,0,1,0,0,0,0,0,0,0,0,0]
242943347390+1048899245448b^1+854501840490c^1+427085384816b^2+405271765180d^1+

alpha = [3,0,0,0,0,0,0,0,0,0,0,0,0]
336507092271+2057024162032b^1+2010099636810c^1+2159885530020b^2+1492584201612d^1+1664986987500b^1 c^1+676338606320e^1+

alpha = [1,1,0,0,0,0,0,0,0,0,0,0,0]
287980078509+1747758665872b^1+1700545440246c^1+1815807200932b^2+1255265915228d^1+1387574164092b^1 c^1+562742594480e^1+

alpha = [0,0,1,0,0,0,0,0,0,0,0,0,0]
263994294573+1595026375000b^1+1547747402472c^1+1646096176644b^2+1138203081252d^1+1250887657488b^1 c^1+506780134820e^1+

alpha = [2,0,0,0,0,0,0,0,0,0,0,0,0]
336507128712+2632978211274b^1+2801738090748c^1+4673022961664b^2+2456530018776d^1+5826860144184b^1 c^1+1706142236395e^1+1041103302568b^3+2017500206440b^1 d^1+1110384356175c^2+738004098894f^1+

alpha = [0,1,0,0,0,0,0,0,0,0,0,0,0]
287980114734+2239151390226b^1+2374646017284c^1+3940240373520b^2+2074046769144d^1+4883660495400b^1 c^1+1431801171955e^1+867085660968b^3+1677153632360b^1 d^1+921873551121c^2+612545053974f^1+

alpha = [1,0,0,0,0,0,0,0,0,0,0,0,0]
336507128820+3208938369552b^1+3593711465739c^1+8168540297472b^2+3427865578816d^1+12664779732600b^1 c^1+2813865261270e^1+4672717707552b^3+7084714029408b^1 d^1+3920939749494c^2+1870224868434f^1+4186200263700b^2 c^1+2291893915610b^1 e^1+2685296106708c^1 d^1+781900498582g^1+

alpha = [0,0,0,0,0,0,0,0,0,0,0,0,0]
336507128820+3784898599020b^1+4385694349458c^1+12646843077924b^2+4399638968376d^1+22199150892168b^1 c^1+3930505523120e^1+12553198454592b^3+15428404549488b^1 d^1+8564181956910c^2+3091095162768f^1+18891809784432b^2 c^1+8073772772520b^1 e^1+9517912712424c^1 d^1+1990821382935g^1+1734171321936b^4+5062648803984b^2 d^1+5596410074706b^1 c^2+2496359265972b^1 f^1+3044118572175c^1 e^1+1621087060720d^2+810406796040h^1+

