alpha = [4,0,0,0,0,0,0,0,0,0,0,0,0,0,0,0,0,0,0,0,0,0,0,0,0,0,0,0,0,0]
37206936+271672314b^1+293349972c^1+359901932b^2+246367760d^1+329541312b^1 c^1+137020350e^1+

alpha = [2,1,0,0,0,0,0,0,0,0,0,0,0,0,0,0,0,0,0,0,0,0,0,0,0,0,0,0,0,0]
35504898+258914606b^1+279407670c^1+342365196b^2+234454704d^1+313042752b^1 c^1+130152380e^1+

alpha = [1,0,1,0,0,0,0,0,0,0,0,0,0,0,0,0,0,0,0,0,0,0,0,0,0,0,0,0,0,0]
34654395+252539796b^1+272441028c^1+333602732b^2+228502136d^1+304799268b^1 c^1+126720810e^1+

alpha = [0,2,0,0,0,0,0,0,0,0,0,0,0,0,0,0,0,0,0,0,0,0,0,0,0,0,0,0,0,0]
33861736+246608986b^1+265964820c^1+325470988b^2+222974960d^1+297163416b^1 c^1+123542350e^1+

alpha = [0,0,0,1,0,0,0,0,0,0,0,0,0,0,0,0,0,0,0,0,0,0,0,0,0,0,0,0,0,0]
33832986+246388334b^1+265721106c^1+325157596b^2+222763584d^1+296861532b^1 c^1+123416600e^1+

alpha = [3,0,0,0,0,0,0,0,0,0,0,0,0,0,0,0,0,0,0,0,0,0,0,0,0,0,0,0,0,0]
37206936+342682110b^1+397312947c^1+742284480b^2+381663976d^1+1051350624b^1 c^1+300376935e^1+214641144b^3+428170192b^1 d^1+240349419c^2+160225278f^1+

alpha = [1,1,0,0,0,0,0,0,0,0,0,0,0,0,0,0,0,0,0,0,0,0,0,0,0,0,0,0,0,0]
35504898+326638078b^1+378529455c^1+706479120b^2+363411288d^1+999750960b^1 c^1+285759745e^1+203838392b^3+406590224b^1 d^1+228222009c^2+152140422f^1+

alpha = [0,0,1,0,0,0,0,0,0,0,0,0,0,0,0,0,0,0,0,0,0,0,0,0,0,0,0,0,0,0]
34654395+318621126b^1+369143739c^1+688588320b^2+354290920d^1+973968732b^1 c^1+278456070e^1+198440856b^3+395807920b^1 d^1+222162624c^2+148100874f^1+

alpha = [2,0,0,0,0,0,0,0,0,0,0,0,0,0,0,0,0,0,0,0,0,0,0,0,0,0,0,0,0,0]
37206936+413691906b^1+501276132c^1+1260113692b^2+516995640d^1+2169541782b^1 c^1+465463905e^1+899371536b^3+1366735424b^1 d^1+767643498c^2+351519522f^1+939637380b^2 c^1+521467180b^1 e^1+624437208c^1 d^1+182123046g^1+

alpha = [0,1,0,0,0,0,0,0,0,0,0,0,0,0,0,0,0,0,0,0,0,0,0,0,0,0,0,0,0,0]
35504898+394361550b^1+477651450c^1+1199697092b^2+492403040d^1+2064158982b^1 c^1+443064225e^1+854780368b^3+1299220832b^1 d^1+729692424c^2+334303854f^1+891988116b^2 c^1+495008200b^1 e^1+592716624c^1 d^1+172871258g^1+

alpha = [1,0,0,0,0,0,0,0,0,0,0,0,0,0,0,0,0,0,0,0,0,0,0,0,0,0,0,0,0,0]
37206936+484701702b^1+605239317c^1+1913389848b^2+652327584d^1+3684220080b^1 c^1+630595010e^1+2312329776b^3+2821127832b^1 d^1+1584966582c^2+544870176f^1+3939947496b^2 c^1+1665429400b^1 e^1+1995461688c^1 d^1+399876386g^1+407676784b^4+1220449456b^2 d^1+1370841822b^1 c^2+609579504b^1 f^1+760338990c^1 e^1+405504128d^2+202752008h^1+

alpha = [0,0,0,0,0,0,0,0,0,0,0,0,0,0,0,0,0,0,0,0,0,0,0,0,0,0,0,0,0,0]
37206936+555711498b^1+709202502c^1+2702112948b^2+787659528d^1+5595386358b^1 c^1+795726465e^1+4711723960b^3+4791487248b^1 d^1+2692397799c^2+738273582f^1+10134030420b^2 c^1+3438610590b^1 e^1+4121218872c^1 d^1+620005582g^1+2117237520b^4+5119521504b^2 d^1+5752132866b^1 c^2+1947891072b^1 f^1+2431089990c^1 e^1+1296558464d^2+445527096h^1+2379298800b^3 c^1+1485863700b^2 e^1+3560303136b^1 c^1 d^1+692659282b^1 g^1+666487872c^3+888622110c^1 f^1+987332900d^1 e^1+222149871i^1+

