alpha = [4,0,0,0,0,0,0,0,0,0,0,0,0,0,0,0,0,0,0,0,0,0,0,0,0,0,0,0,0,0]
17220+131930b^1+145680c^1+186552b^2+126144d^1+178938b^1 c^1+74535e^1+

alpha = [2,1,0,0,0,0,0,0,0,0,0,0,0,0,0,0,0,0,0,0,0,0,0,0,0,0,0,0,0,0]
16850+129030b^1+142446c^1+182320b^2+123304d^1+174786b^1 c^1+72805e^1+

alpha = [1,0,1,0,0,0,0,0,0,0,0,0,0,0,0,0,0,0,0,0,0,0,0,0,0,0,0,0,0,0]
16665+127580b^1+140829c^1+180204b^2+121884d^1+172710b^1 c^1+71940e^1+

alpha = [0,2,0,0,0,0,0,0,0,0,0,0,0,0,0,0,0,0,0,0,0,0,0,0,0,0,0,0,0,0]
16484+126162b^1+139248c^1+178136b^2+120496d^1+170682b^1 c^1+71095e^1+

alpha = [0,0,0,1,0,0,0,0,0,0,0,0,0,0,0,0,0,0,0,0,0,0,0,0,0,0,0,0,0,0]
16482+126146b^1+139230c^1+178112b^2+120480d^1+170658b^1 c^1+71085e^1+

alpha = [3,0,0,0,0,0,0,0,0,0,0,0,0,0,0,0,0,0,0,0,0,0,0,0,0,0,0,0,0,0]
17220+165630b^1+195675c^1+378676b^2+192072d^1+553152b^1 c^1+155895e^1+117944b^3+235800b^1 d^1+132597c^2+88398f^1+

alpha = [1,1,0,0,0,0,0,0,0,0,0,0,0,0,0,0,0,0,0,0,0,0,0,0,0,0,0,0,0,0]
16850+161998b^1+191349c^1+370156b^2+187784d^1+540528b^1 c^1+152365e^1+115192b^3+230296b^1 d^1+129501c^2+86334f^1+

alpha = [0,0,1,0,0,0,0,0,0,0,0,0,0,0,0,0,0,0,0,0,0,0,0,0,0,0,0,0,0,0]
16665+160182b^1+189186c^1+365896b^2+185640d^1+534216b^1 c^1+150600e^1+113816b^3+227544b^1 d^1+127953c^2+85302f^1+

alpha = [2,0,0,0,0,0,0,0,0,0,0,0,0,0,0,0,0,0,0,0,0,0,0,0,0,0,0,0,0,0]
17220+199330b^1+245670c^1+636736b^2+258000d^1+1122978b^1 c^1+237395e^1+482584b^3+729072b^1 d^1+410013c^2+184944f^1+524400b^2 c^1+291290b^1 e^1+349440c^1 d^1+101920g^1+

alpha = [0,1,0,0,0,0,0,0,0,0,0,0,0,0,0,0,0,0,0,0,0,0,0,0,0,0,0,0,0,0]
16850+194966b^1+240252c^1+622480b^2+252264d^1+1097562b^1 c^1+232065e^1+471464b^3+712336b^1 d^1+400599c^2+180732f^1+512088b^2 c^1+284450b^1 e^1+341232c^1 d^1+99526g^1+

alpha = [1,0,0,0,0,0,0,0,0,0,0,0,0,0,0,0,0,0,0,0,0,0,0,0,0,0,0,0,0,0]
17220+233030b^1+295665c^1+960732b^2+323928d^1+1888416b^1 c^1+318895e^1+1222896b^3+1480264b^1 d^1+832500c^2+281658f^1+2146068b^2 c^1+900820b^1 e^1+1080744c^1 d^1+213297g^1+230384b^4+690944b^2 d^1+777132b^1 c^2+345420b^1 f^1+431640c^1 e^1+230208d^2+115104h^1+

alpha = [0,0,0,0,0,0,0,0,0,0,0,0,0,0,0,0,0,0,0,0,0,0,0,0,0,0,0,0,0,0]
17220+266730b^1+345660c^1+1350664b^2+389856d^1+2849466b^1 c^1+400395e^1+2467856b^3+2489376b^1 d^1+1400058c^2+378372f^1+5438880b^2 c^1+1829150b^1 e^1+2194584c^1 d^1+324870g^1+1173312b^4+2828064b^2 d^1+3180978b^1 c^2+1068432b^1 f^1+1335240c^1 e^1+712128d^2+240960h^1+1365624b^3 c^1+853420b^2 e^1+2047728b^1 c^1 d^1+398202b^1 g^1+383859c^3+511812c^1 f^1+568680d^1 e^1+127953i^1+

