N(1h+4f, -1, [4,0,0,0,0,0,0,0], [0,0,0,0,0,0,0,0]) = 4
N(1h+4f, -1, [2,1,0,0,0,0,0,0], [0,0,0,0,0,0,0,0]) = 2
N(1h+4f, -1, [1,0,1,0,0,0,0,0], [0,0,0,0,0,0,0,0]) = 1
N(1h+4f, -1, [0,2,0,0,0,0,0,0], [0,0,0,0,0,0,0,0]) = 0
N(1h+4f, -1, [0,0,0,1,0,0,0,0], [0,0,0,0,0,0,0,0]) = 0
N(1h+4f, -1, [3,0,0,0,0,0,0,0], [1,0,0,0,0,0,0,0]) = 12
N(1h+4f, -1, [1,1,0,0,0,0,0,0], [1,0,0,0,0,0,0,0]) = 10
N(1h+4f, -1, [0,0,1,0,0,0,0,0], [1,0,0,0,0,0,0,0]) = 9
N(1h+4f, -1, [2,0,0,0,0,0,0,0], [2,0,0,0,0,0,0,0]) = 12
N(1h+4f, -1, [2,0,0,0,0,0,0,0], [0,1,0,0,0,0,0,0]) = 4
N(1h+4f, -1, [0,1,0,0,0,0,0,0], [2,0,0,0,0,0,0,0]) = 10
N(1h+4f, -1, [0,1,0,0,0,0,0,0], [0,1,0,0,0,0,0,0]) = 0
N(1h+4f, -1, [1,0,0,0,0,0,0,0], [3,0,0,0,0,0,0,0]) = 12
N(1h+4f, -1, [1,0,0,0,0,0,0,0], [1,1,0,0,0,0,0,0]) = 24
N(1h+4f, -1, [1,0,0,0,0,0,0,0], [0,0,1,0,0,0,0,0]) = 3
N(1h+4f, -1, [0,0,0,0,0,0,0,0], [4,0,0,0,0,0,0,0]) = 12
N(1h+4f, -1, [0,0,0,0,0,0,0,0], [2,1,0,0,0,0,0,0]) = 44
N(1h+4f, -1, [0,0,0,0,0,0,0,0], [1,0,1,0,0,0,0,0]) = 30
N(1h+4f, -1, [0,0,0,0,0,0,0,0], [0,2,0,0,0,0,0,0]) = 0
N(1h+4f, -1, [0,0,0,0,0,0,0,0], [0,0,0,1,0,0,0,0]) = 0
