N(0h+12f, -11, [12,0,0,0,0,0,0,0,0,0,0,0], [0,0,0,0,0,0,0,0,0,0,0,0]) = 1
N(0h+12f, -11, [10,1,0,0,0,0,0,0,0,0,0,0], [0,0,0,0,0,0,0,0,0,0,0,0]) = 0
N(0h+12f, -11, [9,0,1,0,0,0,0,0,0,0,0,0], [0,0,0,0,0,0,0,0,0,0,0,0]) = 0
N(0h+12f, -11, [8,2,0,0,0,0,0,0,0,0,0,0], [0,0,0,0,0,0,0,0,0,0,0,0]) = 0
N(0h+12f, -11, [8,0,0,1,0,0,0,0,0,0,0,0], [0,0,0,0,0,0,0,0,0,0,0,0]) = 0
N(0h+12f, -11, [7,1,1,0,0,0,0,0,0,0,0,0], [0,0,0,0,0,0,0,0,0,0,0,0]) = 0
N(0h+12f, -11, [7,0,0,0,1,0,0,0,0,0,0,0], [0,0,0,0,0,0,0,0,0,0,0,0]) = 0
N(0h+12f, -11, [6,3,0,0,0,0,0,0,0,0,0,0], [0,0,0,0,0,0,0,0,0,0,0,0]) = 0
N(0h+12f, -11, [6,1,0,1,0,0,0,0,0,0,0,0], [0,0,0,0,0,0,0,0,0,0,0,0]) = 0
N(0h+12f, -11, [6,0,2,0,0,0,0,0,0,0,0,0], [0,0,0,0,0,0,0,0,0,0,0,0]) = 0
N(0h+12f, -11, [6,0,0,0,0,1,0,0,0,0,0,0], [0,0,0,0,0,0,0,0,0,0,0,0]) = 0
N(0h+12f, -11, [5,2,1,0,0,0,0,0,0,0,0,0], [0,0,0,0,0,0,0,0,0,0,0,0]) = 0
N(0h+12f, -11, [5,1,0,0,1,0,0,0,0,0,0,0], [0,0,0,0,0,0,0,0,0,0,0,0]) = 0
N(0h+12f, -11, [5,0,1,1,0,0,0,0,0,0,0,0], [0,0,0,0,0,0,0,0,0,0,0,0]) = 0
N(0h+12f, -11, [5,0,0,0,0,0,1,0,0,0,0,0], [0,0,0,0,0,0,0,0,0,0,0,0]) = 0
N(0h+12f, -11, [4,4,0,0,0,0,0,0,0,0,0,0], [0,0,0,0,0,0,0,0,0,0,0,0]) = 0
N(0h+12f, -11, [4,2,0,1,0,0,0,0,0,0,0,0], [0,0,0,0,0,0,0,0,0,0,0,0]) = 0
N(0h+12f, -11, [4,1,2,0,0,0,0,0,0,0,0,0], [0,0,0,0,0,0,0,0,0,0,0,0]) = 0
N(0h+12f, -11, [4,1,0,0,0,1,0,0,0,0,0,0], [0,0,0,0,0,0,0,0,0,0,0,0]) = 0
N(0h+12f, -11, [4,0,1,0,1,0,0,0,0,0,0,0], [0,0,0,0,0,0,0,0,0,0,0,0]) = 0
N(0h+12f, -11, [4,0,0,2,0,0,0,0,0,0,0,0], [0,0,0,0,0,0,0,0,0,0,0,0]) = 0
N(0h+12f, -11, [4,0,0,0,0,0,0,1,0,0,0,0], [0,0,0,0,0,0,0,0,0,0,0,0]) = 0
N(0h+12f, -11, [3,3,1,0,0,0,0,0,0,0,0,0], [0,0,0,0,0,0,0,0,0,0,0,0]) = 0
N(0h+12f, -11, [3,2,0,0,1,0,0,0,0,0,0,0], [0,0,0,0,0,0,0,0,0,0,0,0]) = 0
N(0h+12f, -11, [3,1,1,1,0,0,0,0,0,0,0,0], [0,0,0,0,0,0,0,0,0,0,0,0]) = 0
N(0h+12f, -11, [3,1,0,0,0,0,1,0,0,0,0,0], [0,0,0,0,0,0,0,0,0,0,0,0]) = 0
N(0h+12f, -11, [3,0,3,0,0,0,0,0,0,0,0,0], [0,0,0,0,0,0,0,0,0,0,0,0]) = 0
N(0h+12f, -11, [3,0,1,0,0,1,0,0,0,0,0,0], [0,0,0,0,0,0,0,0,0,0,0,0]) = 0
N(0h+12f, -11, [3,0,0,1,1,0,0,0,0,0,0,0], [0,0,0,0,0,0,0,0,0,0,0,0]) = 0
N(0h+12f, -11, [3,0,0,0,0,0,0,0,1,0,0,0], [0,0,0,0,0,0,0,0,0,0,0,0]) = 0
N(0h+12f, -11, [2,5,0,0,0,0,0,0,0,0,0,0], [0,0,0,0,0,0,0,0,0,0,0,0]) = 0
N(0h+12f, -11, [2,3,0,1,0,0,0,0,0,0,0,0], [0,0,0,0,0,0,0,0,0,0,0,0]) = 0
N(0h+12f, -11, [2,2,2,0,0,0,0,0,0,0,0,0], [0,0,0,0,0,0,0,0,0,0,0,0]) = 0
N(0h+12f, -11, [2,2,0,0,0,1,0,0,0,0,0,0], [0,0,0,0,0,0,0,0,0,0,0,0]) = 0
N(0h+12f, -11, [2,1,1,0,1,0,0,0,0,0,0,0], [0,0,0,0,0,0,0,0,0,0,0,0]) = 0
N(0h+12f, -11, [2,1,0,2,0,0,0,0,0,0,0,0], [0,0,0,0,0,0,0,0,0,0,0,0]) = 0
N(0h+12f, -11, [2,1,0,0,0,0,0,1,0,0,0,0], [0,0,0,0,0,0,0,0,0,0,0,0]) = 0
N(0h+12f, -11, [2,0,2,1,0,0,0,0,0,0,0,0], [0,0,0,0,0,0,0,0,0,0,0,0]) = 0
N(0h+12f, -11, [2,0,1,0,0,0,1,0,0,0,0,0], [0,0,0,0,0,0,0,0,0,0,0,0]) = 0
N(0h+12f, -11, [2,0,0,1,0,1,0,0,0,0,0,0], [0,0,0,0,0,0,0,0,0,0,0,0]) = 0
N(0h+12f, -11, [2,0,0,0,2,0,0,0,0,0,0,0], [0,0,0,0,0,0,0,0,0,0,0,0]) = 0
N(0h+12f, -11, [2,0,0,0,0,0,0,0,0,1,0,0], [0,0,0,0,0,0,0,0,0,0,0,0]) = 0
N(0h+12f, -11, [1,4,1,0,0,0,0,0,0,0,0,0], [0,0,0,0,0,0,0,0,0,0,0,0]) = 0
N(0h+12f, -11, [1,3,0,0,1,0,0,0,0,0,0,0], [0,0,0,0,0,0,0,0,0,0,0,0]) = 0
N(0h+12f, -11, [1,2,1,1,0,0,0,0,0,0,0,0], [0,0,0,0,0,0,0,0,0,0,0,0]) = 0
N(0h+12f, -11, [1,2,0,0,0,0,1,0,0,0,0,0], [0,0,0,0,0,0,0,0,0,0,0,0]) = 0
N(0h+12f, -11, [1,1,3,0,0,0,0,0,0,0,0,0], [0,0,0,0,0,0,0,0,0,0,0,0]) = 0
N(0h+12f, -11, [1,1,1,0,0,1,0,0,0,0,0,0], [0,0,0,0,0,0,0,0,0,0,0,0]) = 0
N(0h+12f, -11, [1,1,0,1,1,0,0,0,0,0,0,0], [0,0,0,0,0,0,0,0,0,0,0,0]) = 0
N(0h+12f, -11, [1,1,0,0,0,0,0,0,1,0,0,0], [0,0,0,0,0,0,0,0,0,0,0,0]) = 0
N(0h+12f, -11, [1,0,2,0,1,0,0,0,0,0,0,0], [0,0,0,0,0,0,0,0,0,0,0,0]) = 0
N(0h+12f, -11, [1,0,1,2,0,0,0,0,0,0,0,0], [0,0,0,0,0,0,0,0,0,0,0,0]) = 0
N(0h+12f, -11, [1,0,1,0,0,0,0,1,0,0,0,0], [0,0,0,0,0,0,0,0,0,0,0,0]) = 0
N(0h+12f, -11, [1,0,0,1,0,0,1,0,0,0,0,0], [0,0,0,0,0,0,0,0,0,0,0,0]) = 0
N(0h+12f, -11, [1,0,0,0,1,1,0,0,0,0,0,0], [0,0,0,0,0,0,0,0,0,0,0,0]) = 0
N(0h+12f, -11, [1,0,0,0,0,0,0,0,0,0,1,0], [0,0,0,0,0,0,0,0,0,0,0,0]) = 0
N(0h+12f, -11, [0,6,0,0,0,0,0,0,0,0,0,0], [0,0,0,0,0,0,0,0,0,0,0,0]) = 0
N(0h+12f, -11, [0,4,0,1,0,0,0,0,0,0,0,0], [0,0,0,0,0,0,0,0,0,0,0,0]) = 0
N(0h+12f, -11, [0,3,2,0,0,0,0,0,0,0,0,0], [0,0,0,0,0,0,0,0,0,0,0,0]) = 0
N(0h+12f, -11, [0,3,0,0,0,1,0,0,0,0,0,0], [0,0,0,0,0,0,0,0,0,0,0,0]) = 0
N(0h+12f, -11, [0,2,1,0,1,0,0,0,0,0,0,0], [0,0,0,0,0,0,0,0,0,0,0,0]) = 0
N(0h+12f, -11, [0,2,0,2,0,0,0,0,0,0,0,0], [0,0,0,0,0,0,0,0,0,0,0,0]) = 0
N(0h+12f, -11, [0,2,0,0,0,0,0,1,0,0,0,0], [0,0,0,0,0,0,0,0,0,0,0,0]) = 0
N(0h+12f, -11, [0,1,2,1,0,0,0,0,0,0,0,0], [0,0,0,0,0,0,0,0,0,0,0,0]) = 0
N(0h+12f, -11, [0,1,1,0,0,0,1,0,0,0,0,0], [0,0,0,0,0,0,0,0,0,0,0,0]) = 0
N(0h+12f, -11, [0,1,0,1,0,1,0,0,0,0,0,0], [0,0,0,0,0,0,0,0,0,0,0,0]) = 0
N(0h+12f, -11, [0,1,0,0,2,0,0,0,0,0,0,0], [0,0,0,0,0,0,0,0,0,0,0,0]) = 0
N(0h+12f, -11, [0,1,0,0,0,0,0,0,0,1,0,0], [0,0,0,0,0,0,0,0,0,0,0,0]) = 0
N(0h+12f, -11, [0,0,4,0,0,0,0,0,0,0,0,0], [0,0,0,0,0,0,0,0,0,0,0,0]) = 0
N(0h+12f, -11, [0,0,2,0,0,1,0,0,0,0,0,0], [0,0,0,0,0,0,0,0,0,0,0,0]) = 0
N(0h+12f, -11, [0,0,1,1,1,0,0,0,0,0,0,0], [0,0,0,0,0,0,0,0,0,0,0,0]) = 0
N(0h+12f, -11, [0,0,1,0,0,0,0,0,1,0,0,0], [0,0,0,0,0,0,0,0,0,0,0,0]) = 0
N(0h+12f, -11, [0,0,0,3,0,0,0,0,0,0,0,0], [0,0,0,0,0,0,0,0,0,0,0,0]) = 0
N(0h+12f, -11, [0,0,0,1,0,0,0,1,0,0,0,0], [0,0,0,0,0,0,0,0,0,0,0,0]) = 0
N(0h+12f, -11, [0,0,0,0,1,0,1,0,0,0,0,0], [0,0,0,0,0,0,0,0,0,0,0,0]) = 0
N(0h+12f, -11, [0,0,0,0,0,2,0,0,0,0,0,0], [0,0,0,0,0,0,0,0,0,0,0,0]) = 0
N(0h+12f, -11, [0,0,0,0,0,0,0,0,0,0,0,1], [0,0,0,0,0,0,0,0,0,0,0,0]) = 0
N(0h+12f, -11, [11,0,0,0,0,0,0,0,0,0,0,0], [1,0,0,0,0,0,0,0,0,0,0,0]) = 1
N(0h+12f, -11, [9,1,0,0,0,0,0,0,0,0,0,0], [1,0,0,0,0,0,0,0,0,0,0,0]) = 0
N(0h+12f, -11, [8,0,1,0,0,0,0,0,0,0,0,0], [1,0,0,0,0,0,0,0,0,0,0,0]) = 0
N(0h+12f, -11, [7,2,0,0,0,0,0,0,0,0,0,0], [1,0,0,0,0,0,0,0,0,0,0,0]) = 0
N(0h+12f, -11, [7,0,0,1,0,0,0,0,0,0,0,0], [1,0,0,0,0,0,0,0,0,0,0,0]) = 0
N(0h+12f, -11, [6,1,1,0,0,0,0,0,0,0,0,0], [1,0,0,0,0,0,0,0,0,0,0,0]) = 0
N(0h+12f, -11, [6,0,0,0,1,0,0,0,0,0,0,0], [1,0,0,0,0,0,0,0,0,0,0,0]) = 0
N(0h+12f, -11, [5,3,0,0,0,0,0,0,0,0,0,0], [1,0,0,0,0,0,0,0,0,0,0,0]) = 0
N(0h+12f, -11, [5,1,0,1,0,0,0,0,0,0,0,0], [1,0,0,0,0,0,0,0,0,0,0,0]) = 0
N(0h+12f, -11, [5,0,2,0,0,0,0,0,0,0,0,0], [1,0,0,0,0,0,0,0,0,0,0,0]) = 0
N(0h+12f, -11, [5,0,0,0,0,1,0,0,0,0,0,0], [1,0,0,0,0,0,0,0,0,0,0,0]) = 0
N(0h+12f, -11, [4,2,1,0,0,0,0,0,0,0,0,0], [1,0,0,0,0,0,0,0,0,0,0,0]) = 0
N(0h+12f, -11, [4,1,0,0,1,0,0,0,0,0,0,0], [1,0,0,0,0,0,0,0,0,0,0,0]) = 0
N(0h+12f, -11, [4,0,1,1,0,0,0,0,0,0,0,0], [1,0,0,0,0,0,0,0,0,0,0,0]) = 0
N(0h+12f, -11, [4,0,0,0,0,0,1,0,0,0,0,0], [1,0,0,0,0,0,0,0,0,0,0,0]) = 0
N(0h+12f, -11, [3,4,0,0,0,0,0,0,0,0,0,0], [1,0,0,0,0,0,0,0,0,0,0,0]) = 0
N(0h+12f, -11, [3,2,0,1,0,0,0,0,0,0,0,0], [1,0,0,0,0,0,0,0,0,0,0,0]) = 0
N(0h+12f, -11, [3,1,2,0,0,0,0,0,0,0,0,0], [1,0,0,0,0,0,0,0,0,0,0,0]) = 0
N(0h+12f, -11, [3,1,0,0,0,1,0,0,0,0,0,0], [1,0,0,0,0,0,0,0,0,0,0,0]) = 0
N(0h+12f, -11, [3,0,1,0,1,0,0,0,0,0,0,0], [1,0,0,0,0,0,0,0,0,0,0,0]) = 0
N(0h+12f, -11, [3,0,0,2,0,0,0,0,0,0,0,0], [1,0,0,0,0,0,0,0,0,0,0,0]) = 0
N(0h+12f, -11, [3,0,0,0,0,0,0,1,0,0,0,0], [1,0,0,0,0,0,0,0,0,0,0,0]) = 0
N(0h+12f, -11, [2,3,1,0,0,0,0,0,0,0,0,0], [1,0,0,0,0,0,0,0,0,0,0,0]) = 0
N(0h+12f, -11, [2,2,0,0,1,0,0,0,0,0,0,0], [1,0,0,0,0,0,0,0,0,0,0,0]) = 0
N(0h+12f, -11, [2,1,1,1,0,0,0,0,0,0,0,0], [1,0,0,0,0,0,0,0,0,0,0,0]) = 0
N(0h+12f, -11, [2,1,0,0,0,0,1,0,0,0,0,0], [1,0,0,0,0,0,0,0,0,0,0,0]) = 0
N(0h+12f, -11, [2,0,3,0,0,0,0,0,0,0,0,0], [1,0,0,0,0,0,0,0,0,0,0,0]) = 0
N(0h+12f, -11, [2,0,1,0,0,1,0,0,0,0,0,0], [1,0,0,0,0,0,0,0,0,0,0,0]) = 0
N(0h+12f, -11, [2,0,0,1,1,0,0,0,0,0,0,0], [1,0,0,0,0,0,0,0,0,0,0,0]) = 0
N(0h+12f, -11, [2,0,0,0,0,0,0,0,1,0,0,0], [1,0,0,0,0,0,0,0,0,0,0,0]) = 0
N(0h+12f, -11, [1,5,0,0,0,0,0,0,0,0,0,0], [1,0,0,0,0,0,0,0,0,0,0,0]) = 0
N(0h+12f, -11, [1,3,0,1,0,0,0,0,0,0,0,0], [1,0,0,0,0,0,0,0,0,0,0,0]) = 0
N(0h+12f, -11, [1,2,2,0,0,0,0,0,0,0,0,0], [1,0,0,0,0,0,0,0,0,0,0,0]) = 0
N(0h+12f, -11, [1,2,0,0,0,1,0,0,0,0,0,0], [1,0,0,0,0,0,0,0,0,0,0,0]) = 0
N(0h+12f, -11, [1,1,1,0,1,0,0,0,0,0,0,0], [1,0,0,0,0,0,0,0,0,0,0,0]) = 0
N(0h+12f, -11, [1,1,0,2,0,0,0,0,0,0,0,0], [1,0,0,0,0,0,0,0,0,0,0,0]) = 0
N(0h+12f, -11, [1,1,0,0,0,0,0,1,0,0,0,0], [1,0,0,0,0,0,0,0,0,0,0,0]) = 0
N(0h+12f, -11, [1,0,2,1,0,0,0,0,0,0,0,0], [1,0,0,0,0,0,0,0,0,0,0,0]) = 0
N(0h+12f, -11, [1,0,1,0,0,0,1,0,0,0,0,0], [1,0,0,0,0,0,0,0,0,0,0,0]) = 0
N(0h+12f, -11, [1,0,0,1,0,1,0,0,0,0,0,0], [1,0,0,0,0,0,0,0,0,0,0,0]) = 0
N(0h+12f, -11, [1,0,0,0,2,0,0,0,0,0,0,0], [1,0,0,0,0,0,0,0,0,0,0,0]) = 0
N(0h+12f, -11, [1,0,0,0,0,0,0,0,0,1,0,0], [1,0,0,0,0,0,0,0,0,0,0,0]) = 0
N(0h+12f, -11, [0,4,1,0,0,0,0,0,0,0,0,0], [1,0,0,0,0,0,0,0,0,0,0,0]) = 0
N(0h+12f, -11, [0,3,0,0,1,0,0,0,0,0,0,0], [1,0,0,0,0,0,0,0,0,0,0,0]) = 0
N(0h+12f, -11, [0,2,1,1,0,0,0,0,0,0,0,0], [1,0,0,0,0,0,0,0,0,0,0,0]) = 0
N(0h+12f, -11, [0,2,0,0,0,0,1,0,0,0,0,0], [1,0,0,0,0,0,0,0,0,0,0,0]) = 0
N(0h+12f, -11, [0,1,3,0,0,0,0,0,0,0,0,0], [1,0,0,0,0,0,0,0,0,0,0,0]) = 0
N(0h+12f, -11, [0,1,1,0,0,1,0,0,0,0,0,0], [1,0,0,0,0,0,0,0,0,0,0,0]) = 0
N(0h+12f, -11, [0,1,0,1,1,0,0,0,0,0,0,0], [1,0,0,0,0,0,0,0,0,0,0,0]) = 0
N(0h+12f, -11, [0,1,0,0,0,0,0,0,1,0,0,0], [1,0,0,0,0,0,0,0,0,0,0,0]) = 0
N(0h+12f, -11, [0,0,2,0,1,0,0,0,0,0,0,0], [1,0,0,0,0,0,0,0,0,0,0,0]) = 0
N(0h+12f, -11, [0,0,1,2,0,0,0,0,0,0,0,0], [1,0,0,0,0,0,0,0,0,0,0,0]) = 0
N(0h+12f, -11, [0,0,1,0,0,0,0,1,0,0,0,0], [1,0,0,0,0,0,0,0,0,0,0,0]) = 0
N(0h+12f, -11, [0,0,0,1,0,0,1,0,0,0,0,0], [1,0,0,0,0,0,0,0,0,0,0,0]) = 0
N(0h+12f, -11, [0,0,0,0,1,1,0,0,0,0,0,0], [1,0,0,0,0,0,0,0,0,0,0,0]) = 0
N(0h+12f, -11, [0,0,0,0,0,0,0,0,0,0,1,0], [1,0,0,0,0,0,0,0,0,0,0,0]) = 0
N(0h+12f, -11, [10,0,0,0,0,0,0,0,0,0,0,0], [2,0,0,0,0,0,0,0,0,0,0,0]) = 1
N(0h+12f, -11, [10,0,0,0,0,0,0,0,0,0,0,0], [0,1,0,0,0,0,0,0,0,0,0,0]) = 0
N(0h+12f, -11, [8,1,0,0,0,0,0,0,0,0,0,0], [2,0,0,0,0,0,0,0,0,0,0,0]) = 0
N(0h+12f, -11, [8,1,0,0,0,0,0,0,0,0,0,0], [0,1,0,0,0,0,0,0,0,0,0,0]) = 0
N(0h+12f, -11, [7,0,1,0,0,0,0,0,0,0,0,0], [2,0,0,0,0,0,0,0,0,0,0,0]) = 0
N(0h+12f, -11, [7,0,1,0,0,0,0,0,0,0,0,0], [0,1,0,0,0,0,0,0,0,0,0,0]) = 0
N(0h+12f, -11, [6,2,0,0,0,0,0,0,0,0,0,0], [2,0,0,0,0,0,0,0,0,0,0,0]) = 0
N(0h+12f, -11, [6,2,0,0,0,0,0,0,0,0,0,0], [0,1,0,0,0,0,0,0,0,0,0,0]) = 0
N(0h+12f, -11, [6,0,0,1,0,0,0,0,0,0,0,0], [2,0,0,0,0,0,0,0,0,0,0,0]) = 0
N(0h+12f, -11, [6,0,0,1,0,0,0,0,0,0,0,0], [0,1,0,0,0,0,0,0,0,0,0,0]) = 0
N(0h+12f, -11, [5,1,1,0,0,0,0,0,0,0,0,0], [2,0,0,0,0,0,0,0,0,0,0,0]) = 0
N(0h+12f, -11, [5,1,1,0,0,0,0,0,0,0,0,0], [0,1,0,0,0,0,0,0,0,0,0,0]) = 0
N(0h+12f, -11, [5,0,0,0,1,0,0,0,0,0,0,0], [2,0,0,0,0,0,0,0,0,0,0,0]) = 0
N(0h+12f, -11, [5,0,0,0,1,0,0,0,0,0,0,0], [0,1,0,0,0,0,0,0,0,0,0,0]) = 0
N(0h+12f, -11, [4,3,0,0,0,0,0,0,0,0,0,0], [2,0,0,0,0,0,0,0,0,0,0,0]) = 0
N(0h+12f, -11, [4,3,0,0,0,0,0,0,0,0,0,0], [0,1,0,0,0,0,0,0,0,0,0,0]) = 0
N(0h+12f, -11, [4,1,0,1,0,0,0,0,0,0,0,0], [2,0,0,0,0,0,0,0,0,0,0,0]) = 0
N(0h+12f, -11, [4,1,0,1,0,0,0,0,0,0,0,0], [0,1,0,0,0,0,0,0,0,0,0,0]) = 0
N(0h+12f, -11, [4,0,2,0,0,0,0,0,0,0,0,0], [2,0,0,0,0,0,0,0,0,0,0,0]) = 0
N(0h+12f, -11, [4,0,2,0,0,0,0,0,0,0,0,0], [0,1,0,0,0,0,0,0,0,0,0,0]) = 0
N(0h+12f, -11, [4,0,0,0,0,1,0,0,0,0,0,0], [2,0,0,0,0,0,0,0,0,0,0,0]) = 0
N(0h+12f, -11, [4,0,0,0,0,1,0,0,0,0,0,0], [0,1,0,0,0,0,0,0,0,0,0,0]) = 0
N(0h+12f, -11, [3,2,1,0,0,0,0,0,0,0,0,0], [2,0,0,0,0,0,0,0,0,0,0,0]) = 0
N(0h+12f, -11, [3,2,1,0,0,0,0,0,0,0,0,0], [0,1,0,0,0,0,0,0,0,0,0,0]) = 0
N(0h+12f, -11, [3,1,0,0,1,0,0,0,0,0,0,0], [2,0,0,0,0,0,0,0,0,0,0,0]) = 0
N(0h+12f, -11, [3,1,0,0,1,0,0,0,0,0,0,0], [0,1,0,0,0,0,0,0,0,0,0,0]) = 0
N(0h+12f, -11, [3,0,1,1,0,0,0,0,0,0,0,0], [2,0,0,0,0,0,0,0,0,0,0,0]) = 0
N(0h+12f, -11, [3,0,1,1,0,0,0,0,0,0,0,0], [0,1,0,0,0,0,0,0,0,0,0,0]) = 0
N(0h+12f, -11, [3,0,0,0,0,0,1,0,0,0,0,0], [2,0,0,0,0,0,0,0,0,0,0,0]) = 0
N(0h+12f, -11, [3,0,0,0,0,0,1,0,0,0,0,0], [0,1,0,0,0,0,0,0,0,0,0,0]) = 0
N(0h+12f, -11, [2,4,0,0,0,0,0,0,0,0,0,0], [2,0,0,0,0,0,0,0,0,0,0,0]) = 0
N(0h+12f, -11, [2,4,0,0,0,0,0,0,0,0,0,0], [0,1,0,0,0,0,0,0,0,0,0,0]) = 0
N(0h+12f, -11, [2,2,0,1,0,0,0,0,0,0,0,0], [2,0,0,0,0,0,0,0,0,0,0,0]) = 0
N(0h+12f, -11, [2,2,0,1,0,0,0,0,0,0,0,0], [0,1,0,0,0,0,0,0,0,0,0,0]) = 0
N(0h+12f, -11, [2,1,2,0,0,0,0,0,0,0,0,0], [2,0,0,0,0,0,0,0,0,0,0,0]) = 0
N(0h+12f, -11, [2,1,2,0,0,0,0,0,0,0,0,0], [0,1,0,0,0,0,0,0,0,0,0,0]) = 0
N(0h+12f, -11, [2,1,0,0,0,1,0,0,0,0,0,0], [2,0,0,0,0,0,0,0,0,0,0,0]) = 0
N(0h+12f, -11, [2,1,0,0,0,1,0,0,0,0,0,0], [0,1,0,0,0,0,0,0,0,0,0,0]) = 0
N(0h+12f, -11, [2,0,1,0,1,0,0,0,0,0,0,0], [2,0,0,0,0,0,0,0,0,0,0,0]) = 0
N(0h+12f, -11, [2,0,1,0,1,0,0,0,0,0,0,0], [0,1,0,0,0,0,0,0,0,0,0,0]) = 0
N(0h+12f, -11, [2,0,0,2,0,0,0,0,0,0,0,0], [2,0,0,0,0,0,0,0,0,0,0,0]) = 0
N(0h+12f, -11, [2,0,0,2,0,0,0,0,0,0,0,0], [0,1,0,0,0,0,0,0,0,0,0,0]) = 0
N(0h+12f, -11, [2,0,0,0,0,0,0,1,0,0,0,0], [2,0,0,0,0,0,0,0,0,0,0,0]) = 0
N(0h+12f, -11, [2,0,0,0,0,0,0,1,0,0,0,0], [0,1,0,0,0,0,0,0,0,0,0,0]) = 0
N(0h+12f, -11, [1,3,1,0,0,0,0,0,0,0,0,0], [2,0,0,0,0,0,0,0,0,0,0,0]) = 0
N(0h+12f, -11, [1,3,1,0,0,0,0,0,0,0,0,0], [0,1,0,0,0,0,0,0,0,0,0,0]) = 0
N(0h+12f, -11, [1,2,0,0,1,0,0,0,0,0,0,0], [2,0,0,0,0,0,0,0,0,0,0,0]) = 0
N(0h+12f, -11, [1,2,0,0,1,0,0,0,0,0,0,0], [0,1,0,0,0,0,0,0,0,0,0,0]) = 0
N(0h+12f, -11, [1,1,1,1,0,0,0,0,0,0,0,0], [2,0,0,0,0,0,0,0,0,0,0,0]) = 0
N(0h+12f, -11, [1,1,1,1,0,0,0,0,0,0,0,0], [0,1,0,0,0,0,0,0,0,0,0,0]) = 0
N(0h+12f, -11, [1,1,0,0,0,0,1,0,0,0,0,0], [2,0,0,0,0,0,0,0,0,0,0,0]) = 0
N(0h+12f, -11, [1,1,0,0,0,0,1,0,0,0,0,0], [0,1,0,0,0,0,0,0,0,0,0,0]) = 0
N(0h+12f, -11, [1,0,3,0,0,0,0,0,0,0,0,0], [2,0,0,0,0,0,0,0,0,0,0,0]) = 0
N(0h+12f, -11, [1,0,3,0,0,0,0,0,0,0,0,0], [0,1,0,0,0,0,0,0,0,0,0,0]) = 0
N(0h+12f, -11, [1,0,1,0,0,1,0,0,0,0,0,0], [2,0,0,0,0,0,0,0,0,0,0,0]) = 0
N(0h+12f, -11, [1,0,1,0,0,1,0,0,0,0,0,0], [0,1,0,0,0,0,0,0,0,0,0,0]) = 0
N(0h+12f, -11, [1,0,0,1,1,0,0,0,0,0,0,0], [2,0,0,0,0,0,0,0,0,0,0,0]) = 0
N(0h+12f, -11, [1,0,0,1,1,0,0,0,0,0,0,0], [0,1,0,0,0,0,0,0,0,0,0,0]) = 0
N(0h+12f, -11, [1,0,0,0,0,0,0,0,1,0,0,0], [2,0,0,0,0,0,0,0,0,0,0,0]) = 0
N(0h+12f, -11, [1,0,0,0,0,0,0,0,1,0,0,0], [0,1,0,0,0,0,0,0,0,0,0,0]) = 0
N(0h+12f, -11, [0,5,0,0,0,0,0,0,0,0,0,0], [2,0,0,0,0,0,0,0,0,0,0,0]) = 0
N(0h+12f, -11, [0,5,0,0,0,0,0,0,0,0,0,0], [0,1,0,0,0,0,0,0,0,0,0,0]) = 0
N(0h+12f, -11, [0,3,0,1,0,0,0,0,0,0,0,0], [2,0,0,0,0,0,0,0,0,0,0,0]) = 0
N(0h+12f, -11, [0,3,0,1,0,0,0,0,0,0,0,0], [0,1,0,0,0,0,0,0,0,0,0,0]) = 0
N(0h+12f, -11, [0,2,2,0,0,0,0,0,0,0,0,0], [2,0,0,0,0,0,0,0,0,0,0,0]) = 0
N(0h+12f, -11, [0,2,2,0,0,0,0,0,0,0,0,0], [0,1,0,0,0,0,0,0,0,0,0,0]) = 0
N(0h+12f, -11, [0,2,0,0,0,1,0,0,0,0,0,0], [2,0,0,0,0,0,0,0,0,0,0,0]) = 0
N(0h+12f, -11, [0,2,0,0,0,1,0,0,0,0,0,0], [0,1,0,0,0,0,0,0,0,0,0,0]) = 0
N(0h+12f, -11, [0,1,1,0,1,0,0,0,0,0,0,0], [2,0,0,0,0,0,0,0,0,0,0,0]) = 0
N(0h+12f, -11, [0,1,1,0,1,0,0,0,0,0,0,0], [0,1,0,0,0,0,0,0,0,0,0,0]) = 0
N(0h+12f, -11, [0,1,0,2,0,0,0,0,0,0,0,0], [2,0,0,0,0,0,0,0,0,0,0,0]) = 0
N(0h+12f, -11, [0,1,0,2,0,0,0,0,0,0,0,0], [0,1,0,0,0,0,0,0,0,0,0,0]) = 0
N(0h+12f, -11, [0,1,0,0,0,0,0,1,0,0,0,0], [2,0,0,0,0,0,0,0,0,0,0,0]) = 0
N(0h+12f, -11, [0,1,0,0,0,0,0,1,0,0,0,0], [0,1,0,0,0,0,0,0,0,0,0,0]) = 0
N(0h+12f, -11, [0,0,2,1,0,0,0,0,0,0,0,0], [2,0,0,0,0,0,0,0,0,0,0,0]) = 0
N(0h+12f, -11, [0,0,2,1,0,0,0,0,0,0,0,0], [0,1,0,0,0,0,0,0,0,0,0,0]) = 0
N(0h+12f, -11, [0,0,1,0,0,0,1,0,0,0,0,0], [2,0,0,0,0,0,0,0,0,0,0,0]) = 0
N(0h+12f, -11, [0,0,1,0,0,0,1,0,0,0,0,0], [0,1,0,0,0,0,0,0,0,0,0,0]) = 0
N(0h+12f, -11, [0,0,0,1,0,1,0,0,0,0,0,0], [2,0,0,0,0,0,0,0,0,0,0,0]) = 0
N(0h+12f, -11, [0,0,0,1,0,1,0,0,0,0,0,0], [0,1,0,0,0,0,0,0,0,0,0,0]) = 0
N(0h+12f, -11, [0,0,0,0,2,0,0,0,0,0,0,0], [2,0,0,0,0,0,0,0,0,0,0,0]) = 0
N(0h+12f, -11, [0,0,0,0,2,0,0,0,0,0,0,0], [0,1,0,0,0,0,0,0,0,0,0,0]) = 0
N(0h+12f, -11, [0,0,0,0,0,0,0,0,0,1,0,0], [2,0,0,0,0,0,0,0,0,0,0,0]) = 0
N(0h+12f, -11, [0,0,0,0,0,0,0,0,0,1,0,0], [0,1,0,0,0,0,0,0,0,0,0,0]) = 0
N(0h+12f, -11, [9,0,0,0,0,0,0,0,0,0,0,0], [3,0,0,0,0,0,0,0,0,0,0,0]) = 1
N(0h+12f, -11, [9,0,0,0,0,0,0,0,0,0,0,0], [1,1,0,0,0,0,0,0,0,0,0,0]) = 0
N(0h+12f, -11, [9,0,0,0,0,0,0,0,0,0,0,0], [0,0,1,0,0,0,0,0,0,0,0,0]) = 0
N(0h+12f, -11, [7,1,0,0,0,0,0,0,0,0,0,0], [3,0,0,0,0,0,0,0,0,0,0,0]) = 0
N(0h+12f, -11, [7,1,0,0,0,0,0,0,0,0,0,0], [1,1,0,0,0,0,0,0,0,0,0,0]) = 0
N(0h+12f, -11, [7,1,0,0,0,0,0,0,0,0,0,0], [0,0,1,0,0,0,0,0,0,0,0,0]) = 0
N(0h+12f, -11, [6,0,1,0,0,0,0,0,0,0,0,0], [3,0,0,0,0,0,0,0,0,0,0,0]) = 0
N(0h+12f, -11, [6,0,1,0,0,0,0,0,0,0,0,0], [1,1,0,0,0,0,0,0,0,0,0,0]) = 0
N(0h+12f, -11, [6,0,1,0,0,0,0,0,0,0,0,0], [0,0,1,0,0,0,0,0,0,0,0,0]) = 0
N(0h+12f, -11, [5,2,0,0,0,0,0,0,0,0,0,0], [3,0,0,0,0,0,0,0,0,0,0,0]) = 0
N(0h+12f, -11, [5,2,0,0,0,0,0,0,0,0,0,0], [1,1,0,0,0,0,0,0,0,0,0,0]) = 0
N(0h+12f, -11, [5,2,0,0,0,0,0,0,0,0,0,0], [0,0,1,0,0,0,0,0,0,0,0,0]) = 0
N(0h+12f, -11, [5,0,0,1,0,0,0,0,0,0,0,0], [3,0,0,0,0,0,0,0,0,0,0,0]) = 0
N(0h+12f, -11, [5,0,0,1,0,0,0,0,0,0,0,0], [1,1,0,0,0,0,0,0,0,0,0,0]) = 0
N(0h+12f, -11, [5,0,0,1,0,0,0,0,0,0,0,0], [0,0,1,0,0,0,0,0,0,0,0,0]) = 0
N(0h+12f, -11, [4,1,1,0,0,0,0,0,0,0,0,0], [3,0,0,0,0,0,0,0,0,0,0,0]) = 0
N(0h+12f, -11, [4,1,1,0,0,0,0,0,0,0,0,0], [1,1,0,0,0,0,0,0,0,0,0,0]) = 0
N(0h+12f, -11, [4,1,1,0,0,0,0,0,0,0,0,0], [0,0,1,0,0,0,0,0,0,0,0,0]) = 0
N(0h+12f, -11, [4,0,0,0,1,0,0,0,0,0,0,0], [3,0,0,0,0,0,0,0,0,0,0,0]) = 0
N(0h+12f, -11, [4,0,0,0,1,0,0,0,0,0,0,0], [1,1,0,0,0,0,0,0,0,0,0,0]) = 0
N(0h+12f, -11, [4,0,0,0,1,0,0,0,0,0,0,0], [0,0,1,0,0,0,0,0,0,0,0,0]) = 0
N(0h+12f, -11, [3,3,0,0,0,0,0,0,0,0,0,0], [3,0,0,0,0,0,0,0,0,0,0,0]) = 0
N(0h+12f, -11, [3,3,0,0,0,0,0,0,0,0,0,0], [1,1,0,0,0,0,0,0,0,0,0,0]) = 0
N(0h+12f, -11, [3,3,0,0,0,0,0,0,0,0,0,0], [0,0,1,0,0,0,0,0,0,0,0,0]) = 0
N(0h+12f, -11, [3,1,0,1,0,0,0,0,0,0,0,0], [3,0,0,0,0,0,0,0,0,0,0,0]) = 0
N(0h+12f, -11, [3,1,0,1,0,0,0,0,0,0,0,0], [1,1,0,0,0,0,0,0,0,0,0,0]) = 0
N(0h+12f, -11, [3,1,0,1,0,0,0,0,0,0,0,0], [0,0,1,0,0,0,0,0,0,0,0,0]) = 0
N(0h+12f, -11, [3,0,2,0,0,0,0,0,0,0,0,0], [3,0,0,0,0,0,0,0,0,0,0,0]) = 0
N(0h+12f, -11, [3,0,2,0,0,0,0,0,0,0,0,0], [1,1,0,0,0,0,0,0,0,0,0,0]) = 0
N(0h+12f, -11, [3,0,2,0,0,0,0,0,0,0,0,0], [0,0,1,0,0,0,0,0,0,0,0,0]) = 0
N(0h+12f, -11, [3,0,0,0,0,1,0,0,0,0,0,0], [3,0,0,0,0,0,0,0,0,0,0,0]) = 0
N(0h+12f, -11, [3,0,0,0,0,1,0,0,0,0,0,0], [1,1,0,0,0,0,0,0,0,0,0,0]) = 0
N(0h+12f, -11, [3,0,0,0,0,1,0,0,0,0,0,0], [0,0,1,0,0,0,0,0,0,0,0,0]) = 0
N(0h+12f, -11, [2,2,1,0,0,0,0,0,0,0,0,0], [3,0,0,0,0,0,0,0,0,0,0,0]) = 0
N(0h+12f, -11, [2,2,1,0,0,0,0,0,0,0,0,0], [1,1,0,0,0,0,0,0,0,0,0,0]) = 0
N(0h+12f, -11, [2,2,1,0,0,0,0,0,0,0,0,0], [0,0,1,0,0,0,0,0,0,0,0,0]) = 0
N(0h+12f, -11, [2,1,0,0,1,0,0,0,0,0,0,0], [3,0,0,0,0,0,0,0,0,0,0,0]) = 0
N(0h+12f, -11, [2,1,0,0,1,0,0,0,0,0,0,0], [1,1,0,0,0,0,0,0,0,0,0,0]) = 0
N(0h+12f, -11, [2,1,0,0,1,0,0,0,0,0,0,0], [0,0,1,0,0,0,0,0,0,0,0,0]) = 0
N(0h+12f, -11, [2,0,1,1,0,0,0,0,0,0,0,0], [3,0,0,0,0,0,0,0,0,0,0,0]) = 0
N(0h+12f, -11, [2,0,1,1,0,0,0,0,0,0,0,0], [1,1,0,0,0,0,0,0,0,0,0,0]) = 0
N(0h+12f, -11, [2,0,1,1,0,0,0,0,0,0,0,0], [0,0,1,0,0,0,0,0,0,0,0,0]) = 0
N(0h+12f, -11, [2,0,0,0,0,0,1,0,0,0,0,0], [3,0,0,0,0,0,0,0,0,0,0,0]) = 0
N(0h+12f, -11, [2,0,0,0,0,0,1,0,0,0,0,0], [1,1,0,0,0,0,0,0,0,0,0,0]) = 0
N(0h+12f, -11, [2,0,0,0,0,0,1,0,0,0,0,0], [0,0,1,0,0,0,0,0,0,0,0,0]) = 0
N(0h+12f, -11, [1,4,0,0,0,0,0,0,0,0,0,0], [3,0,0,0,0,0,0,0,0,0,0,0]) = 0
N(0h+12f, -11, [1,4,0,0,0,0,0,0,0,0,0,0], [1,1,0,0,0,0,0,0,0,0,0,0]) = 0
N(0h+12f, -11, [1,4,0,0,0,0,0,0,0,0,0,0], [0,0,1,0,0,0,0,0,0,0,0,0]) = 0
N(0h+12f, -11, [1,2,0,1,0,0,0,0,0,0,0,0], [3,0,0,0,0,0,0,0,0,0,0,0]) = 0
N(0h+12f, -11, [1,2,0,1,0,0,0,0,0,0,0,0], [1,1,0,0,0,0,0,0,0,0,0,0]) = 0
N(0h+12f, -11, [1,2,0,1,0,0,0,0,0,0,0,0], [0,0,1,0,0,0,0,0,0,0,0,0]) = 0
N(0h+12f, -11, [1,1,2,0,0,0,0,0,0,0,0,0], [3,0,0,0,0,0,0,0,0,0,0,0]) = 0
N(0h+12f, -11, [1,1,2,0,0,0,0,0,0,0,0,0], [1,1,0,0,0,0,0,0,0,0,0,0]) = 0
N(0h+12f, -11, [1,1,2,0,0,0,0,0,0,0,0,0], [0,0,1,0,0,0,0,0,0,0,0,0]) = 0
N(0h+12f, -11, [1,1,0,0,0,1,0,0,0,0,0,0], [3,0,0,0,0,0,0,0,0,0,0,0]) = 0
N(0h+12f, -11, [1,1,0,0,0,1,0,0,0,0,0,0], [1,1,0,0,0,0,0,0,0,0,0,0]) = 0
N(0h+12f, -11, [1,1,0,0,0,1,0,0,0,0,0,0], [0,0,1,0,0,0,0,0,0,0,0,0]) = 0
N(0h+12f, -11, [1,0,1,0,1,0,0,0,0,0,0,0], [3,0,0,0,0,0,0,0,0,0,0,0]) = 0
N(0h+12f, -11, [1,0,1,0,1,0,0,0,0,0,0,0], [1,1,0,0,0,0,0,0,0,0,0,0]) = 0
N(0h+12f, -11, [1,0,1,0,1,0,0,0,0,0,0,0], [0,0,1,0,0,0,0,0,0,0,0,0]) = 0
N(0h+12f, -11, [1,0,0,2,0,0,0,0,0,0,0,0], [3,0,0,0,0,0,0,0,0,0,0,0]) = 0
N(0h+12f, -11, [1,0,0,2,0,0,0,0,0,0,0,0], [1,1,0,0,0,0,0,0,0,0,0,0]) = 0
N(0h+12f, -11, [1,0,0,2,0,0,0,0,0,0,0,0], [0,0,1,0,0,0,0,0,0,0,0,0]) = 0
N(0h+12f, -11, [1,0,0,0,0,0,0,1,0,0,0,0], [3,0,0,0,0,0,0,0,0,0,0,0]) = 0
N(0h+12f, -11, [1,0,0,0,0,0,0,1,0,0,0,0], [1,1,0,0,0,0,0,0,0,0,0,0]) = 0
N(0h+12f, -11, [1,0,0,0,0,0,0,1,0,0,0,0], [0,0,1,0,0,0,0,0,0,0,0,0]) = 0
N(0h+12f, -11, [0,3,1,0,0,0,0,0,0,0,0,0], [3,0,0,0,0,0,0,0,0,0,0,0]) = 0
N(0h+12f, -11, [0,3,1,0,0,0,0,0,0,0,0,0], [1,1,0,0,0,0,0,0,0,0,0,0]) = 0
N(0h+12f, -11, [0,3,1,0,0,0,0,0,0,0,0,0], [0,0,1,0,0,0,0,0,0,0,0,0]) = 0
N(0h+12f, -11, [0,2,0,0,1,0,0,0,0,0,0,0], [3,0,0,0,0,0,0,0,0,0,0,0]) = 0
N(0h+12f, -11, [0,2,0,0,1,0,0,0,0,0,0,0], [1,1,0,0,0,0,0,0,0,0,0,0]) = 0
N(0h+12f, -11, [0,2,0,0,1,0,0,0,0,0,0,0], [0,0,1,0,0,0,0,0,0,0,0,0]) = 0
N(0h+12f, -11, [0,1,1,1,0,0,0,0,0,0,0,0], [3,0,0,0,0,0,0,0,0,0,0,0]) = 0
N(0h+12f, -11, [0,1,1,1,0,0,0,0,0,0,0,0], [1,1,0,0,0,0,0,0,0,0,0,0]) = 0
N(0h+12f, -11, [0,1,1,1,0,0,0,0,0,0,0,0], [0,0,1,0,0,0,0,0,0,0,0,0]) = 0
N(0h+12f, -11, [0,1,0,0,0,0,1,0,0,0,0,0], [3,0,0,0,0,0,0,0,0,0,0,0]) = 0
N(0h+12f, -11, [0,1,0,0,0,0,1,0,0,0,0,0], [1,1,0,0,0,0,0,0,0,0,0,0]) = 0
N(0h+12f, -11, [0,1,0,0,0,0,1,0,0,0,0,0], [0,0,1,0,0,0,0,0,0,0,0,0]) = 0
N(0h+12f, -11, [0,0,3,0,0,0,0,0,0,0,0,0], [3,0,0,0,0,0,0,0,0,0,0,0]) = 0
N(0h+12f, -11, [0,0,3,0,0,0,0,0,0,0,0,0], [1,1,0,0,0,0,0,0,0,0,0,0]) = 0
N(0h+12f, -11, [0,0,3,0,0,0,0,0,0,0,0,0], [0,0,1,0,0,0,0,0,0,0,0,0]) = 0
N(0h+12f, -11, [0,0,1,0,0,1,0,0,0,0,0,0], [3,0,0,0,0,0,0,0,0,0,0,0]) = 0
N(0h+12f, -11, [0,0,1,0,0,1,0,0,0,0,0,0], [1,1,0,0,0,0,0,0,0,0,0,0]) = 0
N(0h+12f, -11, [0,0,1,0,0,1,0,0,0,0,0,0], [0,0,1,0,0,0,0,0,0,0,0,0]) = 0
N(0h+12f, -11, [0,0,0,1,1,0,0,0,0,0,0,0], [3,0,0,0,0,0,0,0,0,0,0,0]) = 0
N(0h+12f, -11, [0,0,0,1,1,0,0,0,0,0,0,0], [1,1,0,0,0,0,0,0,0,0,0,0]) = 0
N(0h+12f, -11, [0,0,0,1,1,0,0,0,0,0,0,0], [0,0,1,0,0,0,0,0,0,0,0,0]) = 0
N(0h+12f, -11, [0,0,0,0,0,0,0,0,1,0,0,0], [3,0,0,0,0,0,0,0,0,0,0,0]) = 0
N(0h+12f, -11, [0,0,0,0,0,0,0,0,1,0,0,0], [1,1,0,0,0,0,0,0,0,0,0,0]) = 0
N(0h+12f, -11, [0,0,0,0,0,0,0,0,1,0,0,0], [0,0,1,0,0,0,0,0,0,0,0,0]) = 0
N(0h+12f, -11, [8,0,0,0,0,0,0,0,0,0,0,0], [4,0,0,0,0,0,0,0,0,0,0,0]) = 1
N(0h+12f, -11, [8,0,0,0,0,0,0,0,0,0,0,0], [2,1,0,0,0,0,0,0,0,0,0,0]) = 0
N(0h+12f, -11, [8,0,0,0,0,0,0,0,0,0,0,0], [1,0,1,0,0,0,0,0,0,0,0,0]) = 0
N(0h+12f, -11, [8,0,0,0,0,0,0,0,0,0,0,0], [0,2,0,0,0,0,0,0,0,0,0,0]) = 0
N(0h+12f, -11, [8,0,0,0,0,0,0,0,0,0,0,0], [0,0,0,1,0,0,0,0,0,0,0,0]) = 0
N(0h+12f, -11, [6,1,0,0,0,0,0,0,0,0,0,0], [4,0,0,0,0,0,0,0,0,0,0,0]) = 0
N(0h+12f, -11, [6,1,0,0,0,0,0,0,0,0,0,0], [2,1,0,0,0,0,0,0,0,0,0,0]) = 0
N(0h+12f, -11, [6,1,0,0,0,0,0,0,0,0,0,0], [1,0,1,0,0,0,0,0,0,0,0,0]) = 0
N(0h+12f, -11, [6,1,0,0,0,0,0,0,0,0,0,0], [0,2,0,0,0,0,0,0,0,0,0,0]) = 0
N(0h+12f, -11, [6,1,0,0,0,0,0,0,0,0,0,0], [0,0,0,1,0,0,0,0,0,0,0,0]) = 0
N(0h+12f, -11, [5,0,1,0,0,0,0,0,0,0,0,0], [4,0,0,0,0,0,0,0,0,0,0,0]) = 0
N(0h+12f, -11, [5,0,1,0,0,0,0,0,0,0,0,0], [2,1,0,0,0,0,0,0,0,0,0,0]) = 0
N(0h+12f, -11, [5,0,1,0,0,0,0,0,0,0,0,0], [1,0,1,0,0,0,0,0,0,0,0,0]) = 0
N(0h+12f, -11, [5,0,1,0,0,0,0,0,0,0,0,0], [0,2,0,0,0,0,0,0,0,0,0,0]) = 0
N(0h+12f, -11, [5,0,1,0,0,0,0,0,0,0,0,0], [0,0,0,1,0,0,0,0,0,0,0,0]) = 0
N(0h+12f, -11, [4,2,0,0,0,0,0,0,0,0,0,0], [4,0,0,0,0,0,0,0,0,0,0,0]) = 0
N(0h+12f, -11, [4,2,0,0,0,0,0,0,0,0,0,0], [2,1,0,0,0,0,0,0,0,0,0,0]) = 0
N(0h+12f, -11, [4,2,0,0,0,0,0,0,0,0,0,0], [1,0,1,0,0,0,0,0,0,0,0,0]) = 0
N(0h+12f, -11, [4,2,0,0,0,0,0,0,0,0,0,0], [0,2,0,0,0,0,0,0,0,0,0,0]) = 0
N(0h+12f, -11, [4,2,0,0,0,0,0,0,0,0,0,0], [0,0,0,1,0,0,0,0,0,0,0,0]) = 0
N(0h+12f, -11, [4,0,0,1,0,0,0,0,0,0,0,0], [4,0,0,0,0,0,0,0,0,0,0,0]) = 0
N(0h+12f, -11, [4,0,0,1,0,0,0,0,0,0,0,0], [2,1,0,0,0,0,0,0,0,0,0,0]) = 0
N(0h+12f, -11, [4,0,0,1,0,0,0,0,0,0,0,0], [1,0,1,0,0,0,0,0,0,0,0,0]) = 0
N(0h+12f, -11, [4,0,0,1,0,0,0,0,0,0,0,0], [0,2,0,0,0,0,0,0,0,0,0,0]) = 0
N(0h+12f, -11, [4,0,0,1,0,0,0,0,0,0,0,0], [0,0,0,1,0,0,0,0,0,0,0,0]) = 0
N(0h+12f, -11, [3,1,1,0,0,0,0,0,0,0,0,0], [4,0,0,0,0,0,0,0,0,0,0,0]) = 0
N(0h+12f, -11, [3,1,1,0,0,0,0,0,0,0,0,0], [2,1,0,0,0,0,0,0,0,0,0,0]) = 0
N(0h+12f, -11, [3,1,1,0,0,0,0,0,0,0,0,0], [1,0,1,0,0,0,0,0,0,0,0,0]) = 0
N(0h+12f, -11, [3,1,1,0,0,0,0,0,0,0,0,0], [0,2,0,0,0,0,0,0,0,0,0,0]) = 0
N(0h+12f, -11, [3,1,1,0,0,0,0,0,0,0,0,0], [0,0,0,1,0,0,0,0,0,0,0,0]) = 0
N(0h+12f, -11, [3,0,0,0,1,0,0,0,0,0,0,0], [4,0,0,0,0,0,0,0,0,0,0,0]) = 0
N(0h+12f, -11, [3,0,0,0,1,0,0,0,0,0,0,0], [2,1,0,0,0,0,0,0,0,0,0,0]) = 0
N(0h+12f, -11, [3,0,0,0,1,0,0,0,0,0,0,0], [1,0,1,0,0,0,0,0,0,0,0,0]) = 0
N(0h+12f, -11, [3,0,0,0,1,0,0,0,0,0,0,0], [0,2,0,0,0,0,0,0,0,0,0,0]) = 0
N(0h+12f, -11, [3,0,0,0,1,0,0,0,0,0,0,0], [0,0,0,1,0,0,0,0,0,0,0,0]) = 0
N(0h+12f, -11, [2,3,0,0,0,0,0,0,0,0,0,0], [4,0,0,0,0,0,0,0,0,0,0,0]) = 0
N(0h+12f, -11, [2,3,0,0,0,0,0,0,0,0,0,0], [2,1,0,0,0,0,0,0,0,0,0,0]) = 0
N(0h+12f, -11, [2,3,0,0,0,0,0,0,0,0,0,0], [1,0,1,0,0,0,0,0,0,0,0,0]) = 0
N(0h+12f, -11, [2,3,0,0,0,0,0,0,0,0,0,0], [0,2,0,0,0,0,0,0,0,0,0,0]) = 0
N(0h+12f, -11, [2,3,0,0,0,0,0,0,0,0,0,0], [0,0,0,1,0,0,0,0,0,0,0,0]) = 0
N(0h+12f, -11, [2,1,0,1,0,0,0,0,0,0,0,0], [4,0,0,0,0,0,0,0,0,0,0,0]) = 0
N(0h+12f, -11, [2,1,0,1,0,0,0,0,0,0,0,0], [2,1,0,0,0,0,0,0,0,0,0,0]) = 0
N(0h+12f, -11, [2,1,0,1,0,0,0,0,0,0,0,0], [1,0,1,0,0,0,0,0,0,0,0,0]) = 0
N(0h+12f, -11, [2,1,0,1,0,0,0,0,0,0,0,0], [0,2,0,0,0,0,0,0,0,0,0,0]) = 0
N(0h+12f, -11, [2,1,0,1,0,0,0,0,0,0,0,0], [0,0,0,1,0,0,0,0,0,0,0,0]) = 0
N(0h+12f, -11, [2,0,2,0,0,0,0,0,0,0,0,0], [4,0,0,0,0,0,0,0,0,0,0,0]) = 0
N(0h+12f, -11, [2,0,2,0,0,0,0,0,0,0,0,0], [2,1,0,0,0,0,0,0,0,0,0,0]) = 0
N(0h+12f, -11, [2,0,2,0,0,0,0,0,0,0,0,0], [1,0,1,0,0,0,0,0,0,0,0,0]) = 0
N(0h+12f, -11, [2,0,2,0,0,0,0,0,0,0,0,0], [0,2,0,0,0,0,0,0,0,0,0,0]) = 0
N(0h+12f, -11, [2,0,2,0,0,0,0,0,0,0,0,0], [0,0,0,1,0,0,0,0,0,0,0,0]) = 0
N(0h+12f, -11, [2,0,0,0,0,1,0,0,0,0,0,0], [4,0,0,0,0,0,0,0,0,0,0,0]) = 0
N(0h+12f, -11, [2,0,0,0,0,1,0,0,0,0,0,0], [2,1,0,0,0,0,0,0,0,0,0,0]) = 0
N(0h+12f, -11, [2,0,0,0,0,1,0,0,0,0,0,0], [1,0,1,0,0,0,0,0,0,0,0,0]) = 0
N(0h+12f, -11, [2,0,0,0,0,1,0,0,0,0,0,0], [0,2,0,0,0,0,0,0,0,0,0,0]) = 0
N(0h+12f, -11, [2,0,0,0,0,1,0,0,0,0,0,0], [0,0,0,1,0,0,0,0,0,0,0,0]) = 0
N(0h+12f, -11, [1,2,1,0,0,0,0,0,0,0,0,0], [4,0,0,0,0,0,0,0,0,0,0,0]) = 0
N(0h+12f, -11, [1,2,1,0,0,0,0,0,0,0,0,0], [2,1,0,0,0,0,0,0,0,0,0,0]) = 0
N(0h+12f, -11, [1,2,1,0,0,0,0,0,0,0,0,0], [1,0,1,0,0,0,0,0,0,0,0,0]) = 0
N(0h+12f, -11, [1,2,1,0,0,0,0,0,0,0,0,0], [0,2,0,0,0,0,0,0,0,0,0,0]) = 0
N(0h+12f, -11, [1,2,1,0,0,0,0,0,0,0,0,0], [0,0,0,1,0,0,0,0,0,0,0,0]) = 0
N(0h+12f, -11, [1,1,0,0,1,0,0,0,0,0,0,0], [4,0,0,0,0,0,0,0,0,0,0,0]) = 0
N(0h+12f, -11, [1,1,0,0,1,0,0,0,0,0,0,0], [2,1,0,0,0,0,0,0,0,0,0,0]) = 0
N(0h+12f, -11, [1,1,0,0,1,0,0,0,0,0,0,0], [1,0,1,0,0,0,0,0,0,0,0,0]) = 0
N(0h+12f, -11, [1,1,0,0,1,0,0,0,0,0,0,0], [0,2,0,0,0,0,0,0,0,0,0,0]) = 0
N(0h+12f, -11, [1,1,0,0,1,0,0,0,0,0,0,0], [0,0,0,1,0,0,0,0,0,0,0,0]) = 0
N(0h+12f, -11, [1,0,1,1,0,0,0,0,0,0,0,0], [4,0,0,0,0,0,0,0,0,0,0,0]) = 0
N(0h+12f, -11, [1,0,1,1,0,0,0,0,0,0,0,0], [2,1,0,0,0,0,0,0,0,0,0,0]) = 0
N(0h+12f, -11, [1,0,1,1,0,0,0,0,0,0,0,0], [1,0,1,0,0,0,0,0,0,0,0,0]) = 0
N(0h+12f, -11, [1,0,1,1,0,0,0,0,0,0,0,0], [0,2,0,0,0,0,0,0,0,0,0,0]) = 0
N(0h+12f, -11, [1,0,1,1,0,0,0,0,0,0,0,0], [0,0,0,1,0,0,0,0,0,0,0,0]) = 0
N(0h+12f, -11, [1,0,0,0,0,0,1,0,0,0,0,0], [4,0,0,0,0,0,0,0,0,0,0,0]) = 0
N(0h+12f, -11, [1,0,0,0,0,0,1,0,0,0,0,0], [2,1,0,0,0,0,0,0,0,0,0,0]) = 0
N(0h+12f, -11, [1,0,0,0,0,0,1,0,0,0,0,0], [1,0,1,0,0,0,0,0,0,0,0,0]) = 0
N(0h+12f, -11, [1,0,0,0,0,0,1,0,0,0,0,0], [0,2,0,0,0,0,0,0,0,0,0,0]) = 0
N(0h+12f, -11, [1,0,0,0,0,0,1,0,0,0,0,0], [0,0,0,1,0,0,0,0,0,0,0,0]) = 0
N(0h+12f, -11, [0,4,0,0,0,0,0,0,0,0,0,0], [4,0,0,0,0,0,0,0,0,0,0,0]) = 0
N(0h+12f, -11, [0,4,0,0,0,0,0,0,0,0,0,0], [2,1,0,0,0,0,0,0,0,0,0,0]) = 0
N(0h+12f, -11, [0,4,0,0,0,0,0,0,0,0,0,0], [1,0,1,0,0,0,0,0,0,0,0,0]) = 0
N(0h+12f, -11, [0,4,0,0,0,0,0,0,0,0,0,0], [0,2,0,0,0,0,0,0,0,0,0,0]) = 0
N(0h+12f, -11, [0,4,0,0,0,0,0,0,0,0,0,0], [0,0,0,1,0,0,0,0,0,0,0,0]) = 0
N(0h+12f, -11, [0,2,0,1,0,0,0,0,0,0,0,0], [4,0,0,0,0,0,0,0,0,0,0,0]) = 0
N(0h+12f, -11, [0,2,0,1,0,0,0,0,0,0,0,0], [2,1,0,0,0,0,0,0,0,0,0,0]) = 0
N(0h+12f, -11, [0,2,0,1,0,0,0,0,0,0,0,0], [1,0,1,0,0,0,0,0,0,0,0,0]) = 0
N(0h+12f, -11, [0,2,0,1,0,0,0,0,0,0,0,0], [0,2,0,0,0,0,0,0,0,0,0,0]) = 0
N(0h+12f, -11, [0,2,0,1,0,0,0,0,0,0,0,0], [0,0,0,1,0,0,0,0,0,0,0,0]) = 0
N(0h+12f, -11, [0,1,2,0,0,0,0,0,0,0,0,0], [4,0,0,0,0,0,0,0,0,0,0,0]) = 0
N(0h+12f, -11, [0,1,2,0,0,0,0,0,0,0,0,0], [2,1,0,0,0,0,0,0,0,0,0,0]) = 0
N(0h+12f, -11, [0,1,2,0,0,0,0,0,0,0,0,0], [1,0,1,0,0,0,0,0,0,0,0,0]) = 0
N(0h+12f, -11, [0,1,2,0,0,0,0,0,0,0,0,0], [0,2,0,0,0,0,0,0,0,0,0,0]) = 0
N(0h+12f, -11, [0,1,2,0,0,0,0,0,0,0,0,0], [0,0,0,1,0,0,0,0,0,0,0,0]) = 0
N(0h+12f, -11, [0,1,0,0,0,1,0,0,0,0,0,0], [4,0,0,0,0,0,0,0,0,0,0,0]) = 0
N(0h+12f, -11, [0,1,0,0,0,1,0,0,0,0,0,0], [2,1,0,0,0,0,0,0,0,0,0,0]) = 0
N(0h+12f, -11, [0,1,0,0,0,1,0,0,0,0,0,0], [1,0,1,0,0,0,0,0,0,0,0,0]) = 0
N(0h+12f, -11, [0,1,0,0,0,1,0,0,0,0,0,0], [0,2,0,0,0,0,0,0,0,0,0,0]) = 0
N(0h+12f, -11, [0,1,0,0,0,1,0,0,0,0,0,0], [0,0,0,1,0,0,0,0,0,0,0,0]) = 0
N(0h+12f, -11, [0,0,1,0,1,0,0,0,0,0,0,0], [4,0,0,0,0,0,0,0,0,0,0,0]) = 0
N(0h+12f, -11, [0,0,1,0,1,0,0,0,0,0,0,0], [2,1,0,0,0,0,0,0,0,0,0,0]) = 0
N(0h+12f, -11, [0,0,1,0,1,0,0,0,0,0,0,0], [1,0,1,0,0,0,0,0,0,0,0,0]) = 0
N(0h+12f, -11, [0,0,1,0,1,0,0,0,0,0,0,0], [0,2,0,0,0,0,0,0,0,0,0,0]) = 0
N(0h+12f, -11, [0,0,1,0,1,0,0,0,0,0,0,0], [0,0,0,1,0,0,0,0,0,0,0,0]) = 0
N(0h+12f, -11, [0,0,0,2,0,0,0,0,0,0,0,0], [4,0,0,0,0,0,0,0,0,0,0,0]) = 0
N(0h+12f, -11, [0,0,0,2,0,0,0,0,0,0,0,0], [2,1,0,0,0,0,0,0,0,0,0,0]) = 0
N(0h+12f, -11, [0,0,0,2,0,0,0,0,0,0,0,0], [1,0,1,0,0,0,0,0,0,0,0,0]) = 0
N(0h+12f, -11, [0,0,0,2,0,0,0,0,0,0,0,0], [0,2,0,0,0,0,0,0,0,0,0,0]) = 0
N(0h+12f, -11, [0,0,0,2,0,0,0,0,0,0,0,0], [0,0,0,1,0,0,0,0,0,0,0,0]) = 0
N(0h+12f, -11, [0,0,0,0,0,0,0,1,0,0,0,0], [4,0,0,0,0,0,0,0,0,0,0,0]) = 0
N(0h+12f, -11, [0,0,0,0,0,0,0,1,0,0,0,0], [2,1,0,0,0,0,0,0,0,0,0,0]) = 0
N(0h+12f, -11, [0,0,0,0,0,0,0,1,0,0,0,0], [1,0,1,0,0,0,0,0,0,0,0,0]) = 0
N(0h+12f, -11, [0,0,0,0,0,0,0,1,0,0,0,0], [0,2,0,0,0,0,0,0,0,0,0,0]) = 0
N(0h+12f, -11, [0,0,0,0,0,0,0,1,0,0,0,0], [0,0,0,1,0,0,0,0,0,0,0,0]) = 0
N(0h+12f, -11, [7,0,0,0,0,0,0,0,0,0,0,0], [5,0,0,0,0,0,0,0,0,0,0,0]) = 1
N(0h+12f, -11, [7,0,0,0,0,0,0,0,0,0,0,0], [3,1,0,0,0,0,0,0,0,0,0,0]) = 0
N(0h+12f, -11, [7,0,0,0,0,0,0,0,0,0,0,0], [2,0,1,0,0,0,0,0,0,0,0,0]) = 0
N(0h+12f, -11, [7,0,0,0,0,0,0,0,0,0,0,0], [1,2,0,0,0,0,0,0,0,0,0,0]) = 0
N(0h+12f, -11, [7,0,0,0,0,0,0,0,0,0,0,0], [1,0,0,1,0,0,0,0,0,0,0,0]) = 0
N(0h+12f, -11, [7,0,0,0,0,0,0,0,0,0,0,0], [0,1,1,0,0,0,0,0,0,0,0,0]) = 0
N(0h+12f, -11, [7,0,0,0,0,0,0,0,0,0,0,0], [0,0,0,0,1,0,0,0,0,0,0,0]) = 0
N(0h+12f, -11, [5,1,0,0,0,0,0,0,0,0,0,0], [5,0,0,0,0,0,0,0,0,0,0,0]) = 0
N(0h+12f, -11, [5,1,0,0,0,0,0,0,0,0,0,0], [3,1,0,0,0,0,0,0,0,0,0,0]) = 0
N(0h+12f, -11, [5,1,0,0,0,0,0,0,0,0,0,0], [2,0,1,0,0,0,0,0,0,0,0,0]) = 0
N(0h+12f, -11, [5,1,0,0,0,0,0,0,0,0,0,0], [1,2,0,0,0,0,0,0,0,0,0,0]) = 0
N(0h+12f, -11, [5,1,0,0,0,0,0,0,0,0,0,0], [1,0,0,1,0,0,0,0,0,0,0,0]) = 0
N(0h+12f, -11, [5,1,0,0,0,0,0,0,0,0,0,0], [0,1,1,0,0,0,0,0,0,0,0,0]) = 0
N(0h+12f, -11, [5,1,0,0,0,0,0,0,0,0,0,0], [0,0,0,0,1,0,0,0,0,0,0,0]) = 0
N(0h+12f, -11, [4,0,1,0,0,0,0,0,0,0,0,0], [5,0,0,0,0,0,0,0,0,0,0,0]) = 0
N(0h+12f, -11, [4,0,1,0,0,0,0,0,0,0,0,0], [3,1,0,0,0,0,0,0,0,0,0,0]) = 0
N(0h+12f, -11, [4,0,1,0,0,0,0,0,0,0,0,0], [2,0,1,0,0,0,0,0,0,0,0,0]) = 0
N(0h+12f, -11, [4,0,1,0,0,0,0,0,0,0,0,0], [1,2,0,0,0,0,0,0,0,0,0,0]) = 0
N(0h+12f, -11, [4,0,1,0,0,0,0,0,0,0,0,0], [1,0,0,1,0,0,0,0,0,0,0,0]) = 0
N(0h+12f, -11, [4,0,1,0,0,0,0,0,0,0,0,0], [0,1,1,0,0,0,0,0,0,0,0,0]) = 0
N(0h+12f, -11, [4,0,1,0,0,0,0,0,0,0,0,0], [0,0,0,0,1,0,0,0,0,0,0,0]) = 0
N(0h+12f, -11, [3,2,0,0,0,0,0,0,0,0,0,0], [5,0,0,0,0,0,0,0,0,0,0,0]) = 0
N(0h+12f, -11, [3,2,0,0,0,0,0,0,0,0,0,0], [3,1,0,0,0,0,0,0,0,0,0,0]) = 0
N(0h+12f, -11, [3,2,0,0,0,0,0,0,0,0,0,0], [2,0,1,0,0,0,0,0,0,0,0,0]) = 0
N(0h+12f, -11, [3,2,0,0,0,0,0,0,0,0,0,0], [1,2,0,0,0,0,0,0,0,0,0,0]) = 0
N(0h+12f, -11, [3,2,0,0,0,0,0,0,0,0,0,0], [1,0,0,1,0,0,0,0,0,0,0,0]) = 0
N(0h+12f, -11, [3,2,0,0,0,0,0,0,0,0,0,0], [0,1,1,0,0,0,0,0,0,0,0,0]) = 0
N(0h+12f, -11, [3,2,0,0,0,0,0,0,0,0,0,0], [0,0,0,0,1,0,0,0,0,0,0,0]) = 0
N(0h+12f, -11, [3,0,0,1,0,0,0,0,0,0,0,0], [5,0,0,0,0,0,0,0,0,0,0,0]) = 0
N(0h+12f, -11, [3,0,0,1,0,0,0,0,0,0,0,0], [3,1,0,0,0,0,0,0,0,0,0,0]) = 0
N(0h+12f, -11, [3,0,0,1,0,0,0,0,0,0,0,0], [2,0,1,0,0,0,0,0,0,0,0,0]) = 0
N(0h+12f, -11, [3,0,0,1,0,0,0,0,0,0,0,0], [1,2,0,0,0,0,0,0,0,0,0,0]) = 0
N(0h+12f, -11, [3,0,0,1,0,0,0,0,0,0,0,0], [1,0,0,1,0,0,0,0,0,0,0,0]) = 0
N(0h+12f, -11, [3,0,0,1,0,0,0,0,0,0,0,0], [0,1,1,0,0,0,0,0,0,0,0,0]) = 0
N(0h+12f, -11, [3,0,0,1,0,0,0,0,0,0,0,0], [0,0,0,0,1,0,0,0,0,0,0,0]) = 0
N(0h+12f, -11, [2,1,1,0,0,0,0,0,0,0,0,0], [5,0,0,0,0,0,0,0,0,0,0,0]) = 0
N(0h+12f, -11, [2,1,1,0,0,0,0,0,0,0,0,0], [3,1,0,0,0,0,0,0,0,0,0,0]) = 0
N(0h+12f, -11, [2,1,1,0,0,0,0,0,0,0,0,0], [2,0,1,0,0,0,0,0,0,0,0,0]) = 0
N(0h+12f, -11, [2,1,1,0,0,0,0,0,0,0,0,0], [1,2,0,0,0,0,0,0,0,0,0,0]) = 0
N(0h+12f, -11, [2,1,1,0,0,0,0,0,0,0,0,0], [1,0,0,1,0,0,0,0,0,0,0,0]) = 0
N(0h+12f, -11, [2,1,1,0,0,0,0,0,0,0,0,0], [0,1,1,0,0,0,0,0,0,0,0,0]) = 0
N(0h+12f, -11, [2,1,1,0,0,0,0,0,0,0,0,0], [0,0,0,0,1,0,0,0,0,0,0,0]) = 0
N(0h+12f, -11, [2,0,0,0,1,0,0,0,0,0,0,0], [5,0,0,0,0,0,0,0,0,0,0,0]) = 0
N(0h+12f, -11, [2,0,0,0,1,0,0,0,0,0,0,0], [3,1,0,0,0,0,0,0,0,0,0,0]) = 0
N(0h+12f, -11, [2,0,0,0,1,0,0,0,0,0,0,0], [2,0,1,0,0,0,0,0,0,0,0,0]) = 0
N(0h+12f, -11, [2,0,0,0,1,0,0,0,0,0,0,0], [1,2,0,0,0,0,0,0,0,0,0,0]) = 0
N(0h+12f, -11, [2,0,0,0,1,0,0,0,0,0,0,0], [1,0,0,1,0,0,0,0,0,0,0,0]) = 0
N(0h+12f, -11, [2,0,0,0,1,0,0,0,0,0,0,0], [0,1,1,0,0,0,0,0,0,0,0,0]) = 0
N(0h+12f, -11, [2,0,0,0,1,0,0,0,0,0,0,0], [0,0,0,0,1,0,0,0,0,0,0,0]) = 0
N(0h+12f, -11, [1,3,0,0,0,0,0,0,0,0,0,0], [5,0,0,0,0,0,0,0,0,0,0,0]) = 0
N(0h+12f, -11, [1,3,0,0,0,0,0,0,0,0,0,0], [3,1,0,0,0,0,0,0,0,0,0,0]) = 0
N(0h+12f, -11, [1,3,0,0,0,0,0,0,0,0,0,0], [2,0,1,0,0,0,0,0,0,0,0,0]) = 0
N(0h+12f, -11, [1,3,0,0,0,0,0,0,0,0,0,0], [1,2,0,0,0,0,0,0,0,0,0,0]) = 0
N(0h+12f, -11, [1,3,0,0,0,0,0,0,0,0,0,0], [1,0,0,1,0,0,0,0,0,0,0,0]) = 0
N(0h+12f, -11, [1,3,0,0,0,0,0,0,0,0,0,0], [0,1,1,0,0,0,0,0,0,0,0,0]) = 0
N(0h+12f, -11, [1,3,0,0,0,0,0,0,0,0,0,0], [0,0,0,0,1,0,0,0,0,0,0,0]) = 0
N(0h+12f, -11, [1,1,0,1,0,0,0,0,0,0,0,0], [5,0,0,0,0,0,0,0,0,0,0,0]) = 0
N(0h+12f, -11, [1,1,0,1,0,0,0,0,0,0,0,0], [3,1,0,0,0,0,0,0,0,0,0,0]) = 0
N(0h+12f, -11, [1,1,0,1,0,0,0,0,0,0,0,0], [2,0,1,0,0,0,0,0,0,0,0,0]) = 0
N(0h+12f, -11, [1,1,0,1,0,0,0,0,0,0,0,0], [1,2,0,0,0,0,0,0,0,0,0,0]) = 0
N(0h+12f, -11, [1,1,0,1,0,0,0,0,0,0,0,0], [1,0,0,1,0,0,0,0,0,0,0,0]) = 0
N(0h+12f, -11, [1,1,0,1,0,0,0,0,0,0,0,0], [0,1,1,0,0,0,0,0,0,0,0,0]) = 0
N(0h+12f, -11, [1,1,0,1,0,0,0,0,0,0,0,0], [0,0,0,0,1,0,0,0,0,0,0,0]) = 0
N(0h+12f, -11, [1,0,2,0,0,0,0,0,0,0,0,0], [5,0,0,0,0,0,0,0,0,0,0,0]) = 0
N(0h+12f, -11, [1,0,2,0,0,0,0,0,0,0,0,0], [3,1,0,0,0,0,0,0,0,0,0,0]) = 0
N(0h+12f, -11, [1,0,2,0,0,0,0,0,0,0,0,0], [2,0,1,0,0,0,0,0,0,0,0,0]) = 0
N(0h+12f, -11, [1,0,2,0,0,0,0,0,0,0,0,0], [1,2,0,0,0,0,0,0,0,0,0,0]) = 0
N(0h+12f, -11, [1,0,2,0,0,0,0,0,0,0,0,0], [1,0,0,1,0,0,0,0,0,0,0,0]) = 0
N(0h+12f, -11, [1,0,2,0,0,0,0,0,0,0,0,0], [0,1,1,0,0,0,0,0,0,0,0,0]) = 0
N(0h+12f, -11, [1,0,2,0,0,0,0,0,0,0,0,0], [0,0,0,0,1,0,0,0,0,0,0,0]) = 0
N(0h+12f, -11, [1,0,0,0,0,1,0,0,0,0,0,0], [5,0,0,0,0,0,0,0,0,0,0,0]) = 0
N(0h+12f, -11, [1,0,0,0,0,1,0,0,0,0,0,0], [3,1,0,0,0,0,0,0,0,0,0,0]) = 0
N(0h+12f, -11, [1,0,0,0,0,1,0,0,0,0,0,0], [2,0,1,0,0,0,0,0,0,0,0,0]) = 0
N(0h+12f, -11, [1,0,0,0,0,1,0,0,0,0,0,0], [1,2,0,0,0,0,0,0,0,0,0,0]) = 0
N(0h+12f, -11, [1,0,0,0,0,1,0,0,0,0,0,0], [1,0,0,1,0,0,0,0,0,0,0,0]) = 0
N(0h+12f, -11, [1,0,0,0,0,1,0,0,0,0,0,0], [0,1,1,0,0,0,0,0,0,0,0,0]) = 0
N(0h+12f, -11, [1,0,0,0,0,1,0,0,0,0,0,0], [0,0,0,0,1,0,0,0,0,0,0,0]) = 0
N(0h+12f, -11, [0,2,1,0,0,0,0,0,0,0,0,0], [5,0,0,0,0,0,0,0,0,0,0,0]) = 0
N(0h+12f, -11, [0,2,1,0,0,0,0,0,0,0,0,0], [3,1,0,0,0,0,0,0,0,0,0,0]) = 0
N(0h+12f, -11, [0,2,1,0,0,0,0,0,0,0,0,0], [2,0,1,0,0,0,0,0,0,0,0,0]) = 0
N(0h+12f, -11, [0,2,1,0,0,0,0,0,0,0,0,0], [1,2,0,0,0,0,0,0,0,0,0,0]) = 0
N(0h+12f, -11, [0,2,1,0,0,0,0,0,0,0,0,0], [1,0,0,1,0,0,0,0,0,0,0,0]) = 0
N(0h+12f, -11, [0,2,1,0,0,0,0,0,0,0,0,0], [0,1,1,0,0,0,0,0,0,0,0,0]) = 0
N(0h+12f, -11, [0,2,1,0,0,0,0,0,0,0,0,0], [0,0,0,0,1,0,0,0,0,0,0,0]) = 0
N(0h+12f, -11, [0,1,0,0,1,0,0,0,0,0,0,0], [5,0,0,0,0,0,0,0,0,0,0,0]) = 0
N(0h+12f, -11, [0,1,0,0,1,0,0,0,0,0,0,0], [3,1,0,0,0,0,0,0,0,0,0,0]) = 0
N(0h+12f, -11, [0,1,0,0,1,0,0,0,0,0,0,0], [2,0,1,0,0,0,0,0,0,0,0,0]) = 0
N(0h+12f, -11, [0,1,0,0,1,0,0,0,0,0,0,0], [1,2,0,0,0,0,0,0,0,0,0,0]) = 0
N(0h+12f, -11, [0,1,0,0,1,0,0,0,0,0,0,0], [1,0,0,1,0,0,0,0,0,0,0,0]) = 0
N(0h+12f, -11, [0,1,0,0,1,0,0,0,0,0,0,0], [0,1,1,0,0,0,0,0,0,0,0,0]) = 0
N(0h+12f, -11, [0,1,0,0,1,0,0,0,0,0,0,0], [0,0,0,0,1,0,0,0,0,0,0,0]) = 0
N(0h+12f, -11, [0,0,1,1,0,0,0,0,0,0,0,0], [5,0,0,0,0,0,0,0,0,0,0,0]) = 0
N(0h+12f, -11, [0,0,1,1,0,0,0,0,0,0,0,0], [3,1,0,0,0,0,0,0,0,0,0,0]) = 0
N(0h+12f, -11, [0,0,1,1,0,0,0,0,0,0,0,0], [2,0,1,0,0,0,0,0,0,0,0,0]) = 0
N(0h+12f, -11, [0,0,1,1,0,0,0,0,0,0,0,0], [1,2,0,0,0,0,0,0,0,0,0,0]) = 0
N(0h+12f, -11, [0,0,1,1,0,0,0,0,0,0,0,0], [1,0,0,1,0,0,0,0,0,0,0,0]) = 0
N(0h+12f, -11, [0,0,1,1,0,0,0,0,0,0,0,0], [0,1,1,0,0,0,0,0,0,0,0,0]) = 0
N(0h+12f, -11, [0,0,1,1,0,0,0,0,0,0,0,0], [0,0,0,0,1,0,0,0,0,0,0,0]) = 0
N(0h+12f, -11, [0,0,0,0,0,0,1,0,0,0,0,0], [5,0,0,0,0,0,0,0,0,0,0,0]) = 0
N(0h+12f, -11, [0,0,0,0,0,0,1,0,0,0,0,0], [3,1,0,0,0,0,0,0,0,0,0,0]) = 0
N(0h+12f, -11, [0,0,0,0,0,0,1,0,0,0,0,0], [2,0,1,0,0,0,0,0,0,0,0,0]) = 0
N(0h+12f, -11, [0,0,0,0,0,0,1,0,0,0,0,0], [1,2,0,0,0,0,0,0,0,0,0,0]) = 0
N(0h+12f, -11, [0,0,0,0,0,0,1,0,0,0,0,0], [1,0,0,1,0,0,0,0,0,0,0,0]) = 0
N(0h+12f, -11, [0,0,0,0,0,0,1,0,0,0,0,0], [0,1,1,0,0,0,0,0,0,0,0,0]) = 0
N(0h+12f, -11, [0,0,0,0,0,0,1,0,0,0,0,0], [0,0,0,0,1,0,0,0,0,0,0,0]) = 0
N(0h+12f, -11, [6,0,0,0,0,0,0,0,0,0,0,0], [6,0,0,0,0,0,0,0,0,0,0,0]) = 1
N(0h+12f, -11, [6,0,0,0,0,0,0,0,0,0,0,0], [4,1,0,0,0,0,0,0,0,0,0,0]) = 0
N(0h+12f, -11, [6,0,0,0,0,0,0,0,0,0,0,0], [3,0,1,0,0,0,0,0,0,0,0,0]) = 0
N(0h+12f, -11, [6,0,0,0,0,0,0,0,0,0,0,0], [2,2,0,0,0,0,0,0,0,0,0,0]) = 0
N(0h+12f, -11, [6,0,0,0,0,0,0,0,0,0,0,0], [2,0,0,1,0,0,0,0,0,0,0,0]) = 0
N(0h+12f, -11, [6,0,0,0,0,0,0,0,0,0,0,0], [1,1,1,0,0,0,0,0,0,0,0,0]) = 0
N(0h+12f, -11, [6,0,0,0,0,0,0,0,0,0,0,0], [1,0,0,0,1,0,0,0,0,0,0,0]) = 0
N(0h+12f, -11, [6,0,0,0,0,0,0,0,0,0,0,0], [0,3,0,0,0,0,0,0,0,0,0,0]) = 0
N(0h+12f, -11, [6,0,0,0,0,0,0,0,0,0,0,0], [0,1,0,1,0,0,0,0,0,0,0,0]) = 0
N(0h+12f, -11, [6,0,0,0,0,0,0,0,0,0,0,0], [0,0,2,0,0,0,0,0,0,0,0,0]) = 0
N(0h+12f, -11, [6,0,0,0,0,0,0,0,0,0,0,0], [0,0,0,0,0,1,0,0,0,0,0,0]) = 0
N(0h+12f, -11, [4,1,0,0,0,0,0,0,0,0,0,0], [6,0,0,0,0,0,0,0,0,0,0,0]) = 0
N(0h+12f, -11, [4,1,0,0,0,0,0,0,0,0,0,0], [4,1,0,0,0,0,0,0,0,0,0,0]) = 0
N(0h+12f, -11, [4,1,0,0,0,0,0,0,0,0,0,0], [3,0,1,0,0,0,0,0,0,0,0,0]) = 0
N(0h+12f, -11, [4,1,0,0,0,0,0,0,0,0,0,0], [2,2,0,0,0,0,0,0,0,0,0,0]) = 0
N(0h+12f, -11, [4,1,0,0,0,0,0,0,0,0,0,0], [2,0,0,1,0,0,0,0,0,0,0,0]) = 0
N(0h+12f, -11, [4,1,0,0,0,0,0,0,0,0,0,0], [1,1,1,0,0,0,0,0,0,0,0,0]) = 0
N(0h+12f, -11, [4,1,0,0,0,0,0,0,0,0,0,0], [1,0,0,0,1,0,0,0,0,0,0,0]) = 0
N(0h+12f, -11, [4,1,0,0,0,0,0,0,0,0,0,0], [0,3,0,0,0,0,0,0,0,0,0,0]) = 0
N(0h+12f, -11, [4,1,0,0,0,0,0,0,0,0,0,0], [0,1,0,1,0,0,0,0,0,0,0,0]) = 0
N(0h+12f, -11, [4,1,0,0,0,0,0,0,0,0,0,0], [0,0,2,0,0,0,0,0,0,0,0,0]) = 0
N(0h+12f, -11, [4,1,0,0,0,0,0,0,0,0,0,0], [0,0,0,0,0,1,0,0,0,0,0,0]) = 0
N(0h+12f, -11, [3,0,1,0,0,0,0,0,0,0,0,0], [6,0,0,0,0,0,0,0,0,0,0,0]) = 0
N(0h+12f, -11, [3,0,1,0,0,0,0,0,0,0,0,0], [4,1,0,0,0,0,0,0,0,0,0,0]) = 0
N(0h+12f, -11, [3,0,1,0,0,0,0,0,0,0,0,0], [3,0,1,0,0,0,0,0,0,0,0,0]) = 0
N(0h+12f, -11, [3,0,1,0,0,0,0,0,0,0,0,0], [2,2,0,0,0,0,0,0,0,0,0,0]) = 0
N(0h+12f, -11, [3,0,1,0,0,0,0,0,0,0,0,0], [2,0,0,1,0,0,0,0,0,0,0,0]) = 0
N(0h+12f, -11, [3,0,1,0,0,0,0,0,0,0,0,0], [1,1,1,0,0,0,0,0,0,0,0,0]) = 0
N(0h+12f, -11, [3,0,1,0,0,0,0,0,0,0,0,0], [1,0,0,0,1,0,0,0,0,0,0,0]) = 0
N(0h+12f, -11, [3,0,1,0,0,0,0,0,0,0,0,0], [0,3,0,0,0,0,0,0,0,0,0,0]) = 0
N(0h+12f, -11, [3,0,1,0,0,0,0,0,0,0,0,0], [0,1,0,1,0,0,0,0,0,0,0,0]) = 0
N(0h+12f, -11, [3,0,1,0,0,0,0,0,0,0,0,0], [0,0,2,0,0,0,0,0,0,0,0,0]) = 0
N(0h+12f, -11, [3,0,1,0,0,0,0,0,0,0,0,0], [0,0,0,0,0,1,0,0,0,0,0,0]) = 0
N(0h+12f, -11, [2,2,0,0,0,0,0,0,0,0,0,0], [6,0,0,0,0,0,0,0,0,0,0,0]) = 0
N(0h+12f, -11, [2,2,0,0,0,0,0,0,0,0,0,0], [4,1,0,0,0,0,0,0,0,0,0,0]) = 0
N(0h+12f, -11, [2,2,0,0,0,0,0,0,0,0,0,0], [3,0,1,0,0,0,0,0,0,0,0,0]) = 0
N(0h+12f, -11, [2,2,0,0,0,0,0,0,0,0,0,0], [2,2,0,0,0,0,0,0,0,0,0,0]) = 0
N(0h+12f, -11, [2,2,0,0,0,0,0,0,0,0,0,0], [2,0,0,1,0,0,0,0,0,0,0,0]) = 0
N(0h+12f, -11, [2,2,0,0,0,0,0,0,0,0,0,0], [1,1,1,0,0,0,0,0,0,0,0,0]) = 0
N(0h+12f, -11, [2,2,0,0,0,0,0,0,0,0,0,0], [1,0,0,0,1,0,0,0,0,0,0,0]) = 0
N(0h+12f, -11, [2,2,0,0,0,0,0,0,0,0,0,0], [0,3,0,0,0,0,0,0,0,0,0,0]) = 0
N(0h+12f, -11, [2,2,0,0,0,0,0,0,0,0,0,0], [0,1,0,1,0,0,0,0,0,0,0,0]) = 0
N(0h+12f, -11, [2,2,0,0,0,0,0,0,0,0,0,0], [0,0,2,0,0,0,0,0,0,0,0,0]) = 0
N(0h+12f, -11, [2,2,0,0,0,0,0,0,0,0,0,0], [0,0,0,0,0,1,0,0,0,0,0,0]) = 0
N(0h+12f, -11, [2,0,0,1,0,0,0,0,0,0,0,0], [6,0,0,0,0,0,0,0,0,0,0,0]) = 0
N(0h+12f, -11, [2,0,0,1,0,0,0,0,0,0,0,0], [4,1,0,0,0,0,0,0,0,0,0,0]) = 0
N(0h+12f, -11, [2,0,0,1,0,0,0,0,0,0,0,0], [3,0,1,0,0,0,0,0,0,0,0,0]) = 0
N(0h+12f, -11, [2,0,0,1,0,0,0,0,0,0,0,0], [2,2,0,0,0,0,0,0,0,0,0,0]) = 0
N(0h+12f, -11, [2,0,0,1,0,0,0,0,0,0,0,0], [2,0,0,1,0,0,0,0,0,0,0,0]) = 0
N(0h+12f, -11, [2,0,0,1,0,0,0,0,0,0,0,0], [1,1,1,0,0,0,0,0,0,0,0,0]) = 0
N(0h+12f, -11, [2,0,0,1,0,0,0,0,0,0,0,0], [1,0,0,0,1,0,0,0,0,0,0,0]) = 0
N(0h+12f, -11, [2,0,0,1,0,0,0,0,0,0,0,0], [0,3,0,0,0,0,0,0,0,0,0,0]) = 0
N(0h+12f, -11, [2,0,0,1,0,0,0,0,0,0,0,0], [0,1,0,1,0,0,0,0,0,0,0,0]) = 0
N(0h+12f, -11, [2,0,0,1,0,0,0,0,0,0,0,0], [0,0,2,0,0,0,0,0,0,0,0,0]) = 0
N(0h+12f, -11, [2,0,0,1,0,0,0,0,0,0,0,0], [0,0,0,0,0,1,0,0,0,0,0,0]) = 0
N(0h+12f, -11, [1,1,1,0,0,0,0,0,0,0,0,0], [6,0,0,0,0,0,0,0,0,0,0,0]) = 0
N(0h+12f, -11, [1,1,1,0,0,0,0,0,0,0,0,0], [4,1,0,0,0,0,0,0,0,0,0,0]) = 0
N(0h+12f, -11, [1,1,1,0,0,0,0,0,0,0,0,0], [3,0,1,0,0,0,0,0,0,0,0,0]) = 0
N(0h+12f, -11, [1,1,1,0,0,0,0,0,0,0,0,0], [2,2,0,0,0,0,0,0,0,0,0,0]) = 0
N(0h+12f, -11, [1,1,1,0,0,0,0,0,0,0,0,0], [2,0,0,1,0,0,0,0,0,0,0,0]) = 0
N(0h+12f, -11, [1,1,1,0,0,0,0,0,0,0,0,0], [1,1,1,0,0,0,0,0,0,0,0,0]) = 0
N(0h+12f, -11, [1,1,1,0,0,0,0,0,0,0,0,0], [1,0,0,0,1,0,0,0,0,0,0,0]) = 0
N(0h+12f, -11, [1,1,1,0,0,0,0,0,0,0,0,0], [0,3,0,0,0,0,0,0,0,0,0,0]) = 0
N(0h+12f, -11, [1,1,1,0,0,0,0,0,0,0,0,0], [0,1,0,1,0,0,0,0,0,0,0,0]) = 0
N(0h+12f, -11, [1,1,1,0,0,0,0,0,0,0,0,0], [0,0,2,0,0,0,0,0,0,0,0,0]) = 0
N(0h+12f, -11, [1,1,1,0,0,0,0,0,0,0,0,0], [0,0,0,0,0,1,0,0,0,0,0,0]) = 0
N(0h+12f, -11, [1,0,0,0,1,0,0,0,0,0,0,0], [6,0,0,0,0,0,0,0,0,0,0,0]) = 0
N(0h+12f, -11, [1,0,0,0,1,0,0,0,0,0,0,0], [4,1,0,0,0,0,0,0,0,0,0,0]) = 0
N(0h+12f, -11, [1,0,0,0,1,0,0,0,0,0,0,0], [3,0,1,0,0,0,0,0,0,0,0,0]) = 0
N(0h+12f, -11, [1,0,0,0,1,0,0,0,0,0,0,0], [2,2,0,0,0,0,0,0,0,0,0,0]) = 0
N(0h+12f, -11, [1,0,0,0,1,0,0,0,0,0,0,0], [2,0,0,1,0,0,0,0,0,0,0,0]) = 0
N(0h+12f, -11, [1,0,0,0,1,0,0,0,0,0,0,0], [1,1,1,0,0,0,0,0,0,0,0,0]) = 0
N(0h+12f, -11, [1,0,0,0,1,0,0,0,0,0,0,0], [1,0,0,0,1,0,0,0,0,0,0,0]) = 0
N(0h+12f, -11, [1,0,0,0,1,0,0,0,0,0,0,0], [0,3,0,0,0,0,0,0,0,0,0,0]) = 0
N(0h+12f, -11, [1,0,0,0,1,0,0,0,0,0,0,0], [0,1,0,1,0,0,0,0,0,0,0,0]) = 0
N(0h+12f, -11, [1,0,0,0,1,0,0,0,0,0,0,0], [0,0,2,0,0,0,0,0,0,0,0,0]) = 0
N(0h+12f, -11, [1,0,0,0,1,0,0,0,0,0,0,0], [0,0,0,0,0,1,0,0,0,0,0,0]) = 0
N(0h+12f, -11, [0,3,0,0,0,0,0,0,0,0,0,0], [6,0,0,0,0,0,0,0,0,0,0,0]) = 0
N(0h+12f, -11, [0,3,0,0,0,0,0,0,0,0,0,0], [4,1,0,0,0,0,0,0,0,0,0,0]) = 0
N(0h+12f, -11, [0,3,0,0,0,0,0,0,0,0,0,0], [3,0,1,0,0,0,0,0,0,0,0,0]) = 0
N(0h+12f, -11, [0,3,0,0,0,0,0,0,0,0,0,0], [2,2,0,0,0,0,0,0,0,0,0,0]) = 0
N(0h+12f, -11, [0,3,0,0,0,0,0,0,0,0,0,0], [2,0,0,1,0,0,0,0,0,0,0,0]) = 0
N(0h+12f, -11, [0,3,0,0,0,0,0,0,0,0,0,0], [1,1,1,0,0,0,0,0,0,0,0,0]) = 0
N(0h+12f, -11, [0,3,0,0,0,0,0,0,0,0,0,0], [1,0,0,0,1,0,0,0,0,0,0,0]) = 0
N(0h+12f, -11, [0,3,0,0,0,0,0,0,0,0,0,0], [0,3,0,0,0,0,0,0,0,0,0,0]) = 0
N(0h+12f, -11, [0,3,0,0,0,0,0,0,0,0,0,0], [0,1,0,1,0,0,0,0,0,0,0,0]) = 0
N(0h+12f, -11, [0,3,0,0,0,0,0,0,0,0,0,0], [0,0,2,0,0,0,0,0,0,0,0,0]) = 0
N(0h+12f, -11, [0,3,0,0,0,0,0,0,0,0,0,0], [0,0,0,0,0,1,0,0,0,0,0,0]) = 0
N(0h+12f, -11, [0,1,0,1,0,0,0,0,0,0,0,0], [6,0,0,0,0,0,0,0,0,0,0,0]) = 0
N(0h+12f, -11, [0,1,0,1,0,0,0,0,0,0,0,0], [4,1,0,0,0,0,0,0,0,0,0,0]) = 0
N(0h+12f, -11, [0,1,0,1,0,0,0,0,0,0,0,0], [3,0,1,0,0,0,0,0,0,0,0,0]) = 0
N(0h+12f, -11, [0,1,0,1,0,0,0,0,0,0,0,0], [2,2,0,0,0,0,0,0,0,0,0,0]) = 0
N(0h+12f, -11, [0,1,0,1,0,0,0,0,0,0,0,0], [2,0,0,1,0,0,0,0,0,0,0,0]) = 0
N(0h+12f, -11, [0,1,0,1,0,0,0,0,0,0,0,0], [1,1,1,0,0,0,0,0,0,0,0,0]) = 0
N(0h+12f, -11, [0,1,0,1,0,0,0,0,0,0,0,0], [1,0,0,0,1,0,0,0,0,0,0,0]) = 0
N(0h+12f, -11, [0,1,0,1,0,0,0,0,0,0,0,0], [0,3,0,0,0,0,0,0,0,0,0,0]) = 0
N(0h+12f, -11, [0,1,0,1,0,0,0,0,0,0,0,0], [0,1,0,1,0,0,0,0,0,0,0,0]) = 0
N(0h+12f, -11, [0,1,0,1,0,0,0,0,0,0,0,0], [0,0,2,0,0,0,0,0,0,0,0,0]) = 0
N(0h+12f, -11, [0,1,0,1,0,0,0,0,0,0,0,0], [0,0,0,0,0,1,0,0,0,0,0,0]) = 0
N(0h+12f, -11, [0,0,2,0,0,0,0,0,0,0,0,0], [6,0,0,0,0,0,0,0,0,0,0,0]) = 0
N(0h+12f, -11, [0,0,2,0,0,0,0,0,0,0,0,0], [4,1,0,0,0,0,0,0,0,0,0,0]) = 0
N(0h+12f, -11, [0,0,2,0,0,0,0,0,0,0,0,0], [3,0,1,0,0,0,0,0,0,0,0,0]) = 0
N(0h+12f, -11, [0,0,2,0,0,0,0,0,0,0,0,0], [2,2,0,0,0,0,0,0,0,0,0,0]) = 0
N(0h+12f, -11, [0,0,2,0,0,0,0,0,0,0,0,0], [2,0,0,1,0,0,0,0,0,0,0,0]) = 0
N(0h+12f, -11, [0,0,2,0,0,0,0,0,0,0,0,0], [1,1,1,0,0,0,0,0,0,0,0,0]) = 0
N(0h+12f, -11, [0,0,2,0,0,0,0,0,0,0,0,0], [1,0,0,0,1,0,0,0,0,0,0,0]) = 0
N(0h+12f, -11, [0,0,2,0,0,0,0,0,0,0,0,0], [0,3,0,0,0,0,0,0,0,0,0,0]) = 0
N(0h+12f, -11, [0,0,2,0,0,0,0,0,0,0,0,0], [0,1,0,1,0,0,0,0,0,0,0,0]) = 0
N(0h+12f, -11, [0,0,2,0,0,0,0,0,0,0,0,0], [0,0,2,0,0,0,0,0,0,0,0,0]) = 0
N(0h+12f, -11, [0,0,2,0,0,0,0,0,0,0,0,0], [0,0,0,0,0,1,0,0,0,0,0,0]) = 0
N(0h+12f, -11, [0,0,0,0,0,1,0,0,0,0,0,0], [6,0,0,0,0,0,0,0,0,0,0,0]) = 0
N(0h+12f, -11, [0,0,0,0,0,1,0,0,0,0,0,0], [4,1,0,0,0,0,0,0,0,0,0,0]) = 0
N(0h+12f, -11, [0,0,0,0,0,1,0,0,0,0,0,0], [3,0,1,0,0,0,0,0,0,0,0,0]) = 0
N(0h+12f, -11, [0,0,0,0,0,1,0,0,0,0,0,0], [2,2,0,0,0,0,0,0,0,0,0,0]) = 0
N(0h+12f, -11, [0,0,0,0,0,1,0,0,0,0,0,0], [2,0,0,1,0,0,0,0,0,0,0,0]) = 0
N(0h+12f, -11, [0,0,0,0,0,1,0,0,0,0,0,0], [1,1,1,0,0,0,0,0,0,0,0,0]) = 0
N(0h+12f, -11, [0,0,0,0,0,1,0,0,0,0,0,0], [1,0,0,0,1,0,0,0,0,0,0,0]) = 0
N(0h+12f, -11, [0,0,0,0,0,1,0,0,0,0,0,0], [0,3,0,0,0,0,0,0,0,0,0,0]) = 0
N(0h+12f, -11, [0,0,0,0,0,1,0,0,0,0,0,0], [0,1,0,1,0,0,0,0,0,0,0,0]) = 0
N(0h+12f, -11, [0,0,0,0,0,1,0,0,0,0,0,0], [0,0,2,0,0,0,0,0,0,0,0,0]) = 0
N(0h+12f, -11, [0,0,0,0,0,1,0,0,0,0,0,0], [0,0,0,0,0,1,0,0,0,0,0,0]) = 0
N(0h+12f, -11, [5,0,0,0,0,0,0,0,0,0,0,0], [7,0,0,0,0,0,0,0,0,0,0,0]) = 1
N(0h+12f, -11, [5,0,0,0,0,0,0,0,0,0,0,0], [5,1,0,0,0,0,0,0,0,0,0,0]) = 0
N(0h+12f, -11, [5,0,0,0,0,0,0,0,0,0,0,0], [4,0,1,0,0,0,0,0,0,0,0,0]) = 0
N(0h+12f, -11, [5,0,0,0,0,0,0,0,0,0,0,0], [3,2,0,0,0,0,0,0,0,0,0,0]) = 0
N(0h+12f, -11, [5,0,0,0,0,0,0,0,0,0,0,0], [3,0,0,1,0,0,0,0,0,0,0,0]) = 0
N(0h+12f, -11, [5,0,0,0,0,0,0,0,0,0,0,0], [2,1,1,0,0,0,0,0,0,0,0,0]) = 0
N(0h+12f, -11, [5,0,0,0,0,0,0,0,0,0,0,0], [2,0,0,0,1,0,0,0,0,0,0,0]) = 0
N(0h+12f, -11, [5,0,0,0,0,0,0,0,0,0,0,0], [1,3,0,0,0,0,0,0,0,0,0,0]) = 0
N(0h+12f, -11, [5,0,0,0,0,0,0,0,0,0,0,0], [1,1,0,1,0,0,0,0,0,0,0,0]) = 0
N(0h+12f, -11, [5,0,0,0,0,0,0,0,0,0,0,0], [1,0,2,0,0,0,0,0,0,0,0,0]) = 0
N(0h+12f, -11, [5,0,0,0,0,0,0,0,0,0,0,0], [1,0,0,0,0,1,0,0,0,0,0,0]) = 0
N(0h+12f, -11, [5,0,0,0,0,0,0,0,0,0,0,0], [0,2,1,0,0,0,0,0,0,0,0,0]) = 0
N(0h+12f, -11, [5,0,0,0,0,0,0,0,0,0,0,0], [0,1,0,0,1,0,0,0,0,0,0,0]) = 0
N(0h+12f, -11, [5,0,0,0,0,0,0,0,0,0,0,0], [0,0,1,1,0,0,0,0,0,0,0,0]) = 0
N(0h+12f, -11, [5,0,0,0,0,0,0,0,0,0,0,0], [0,0,0,0,0,0,1,0,0,0,0,0]) = 0
N(0h+12f, -11, [3,1,0,0,0,0,0,0,0,0,0,0], [7,0,0,0,0,0,0,0,0,0,0,0]) = 0
N(0h+12f, -11, [3,1,0,0,0,0,0,0,0,0,0,0], [5,1,0,0,0,0,0,0,0,0,0,0]) = 0
N(0h+12f, -11, [3,1,0,0,0,0,0,0,0,0,0,0], [4,0,1,0,0,0,0,0,0,0,0,0]) = 0
N(0h+12f, -11, [3,1,0,0,0,0,0,0,0,0,0,0], [3,2,0,0,0,0,0,0,0,0,0,0]) = 0
N(0h+12f, -11, [3,1,0,0,0,0,0,0,0,0,0,0], [3,0,0,1,0,0,0,0,0,0,0,0]) = 0
N(0h+12f, -11, [3,1,0,0,0,0,0,0,0,0,0,0], [2,1,1,0,0,0,0,0,0,0,0,0]) = 0
N(0h+12f, -11, [3,1,0,0,0,0,0,0,0,0,0,0], [2,0,0,0,1,0,0,0,0,0,0,0]) = 0
N(0h+12f, -11, [3,1,0,0,0,0,0,0,0,0,0,0], [1,3,0,0,0,0,0,0,0,0,0,0]) = 0
N(0h+12f, -11, [3,1,0,0,0,0,0,0,0,0,0,0], [1,1,0,1,0,0,0,0,0,0,0,0]) = 0
N(0h+12f, -11, [3,1,0,0,0,0,0,0,0,0,0,0], [1,0,2,0,0,0,0,0,0,0,0,0]) = 0
N(0h+12f, -11, [3,1,0,0,0,0,0,0,0,0,0,0], [1,0,0,0,0,1,0,0,0,0,0,0]) = 0
N(0h+12f, -11, [3,1,0,0,0,0,0,0,0,0,0,0], [0,2,1,0,0,0,0,0,0,0,0,0]) = 0
N(0h+12f, -11, [3,1,0,0,0,0,0,0,0,0,0,0], [0,1,0,0,1,0,0,0,0,0,0,0]) = 0
N(0h+12f, -11, [3,1,0,0,0,0,0,0,0,0,0,0], [0,0,1,1,0,0,0,0,0,0,0,0]) = 0
N(0h+12f, -11, [3,1,0,0,0,0,0,0,0,0,0,0], [0,0,0,0,0,0,1,0,0,0,0,0]) = 0
N(0h+12f, -11, [2,0,1,0,0,0,0,0,0,0,0,0], [7,0,0,0,0,0,0,0,0,0,0,0]) = 0
N(0h+12f, -11, [2,0,1,0,0,0,0,0,0,0,0,0], [5,1,0,0,0,0,0,0,0,0,0,0]) = 0
N(0h+12f, -11, [2,0,1,0,0,0,0,0,0,0,0,0], [4,0,1,0,0,0,0,0,0,0,0,0]) = 0
N(0h+12f, -11, [2,0,1,0,0,0,0,0,0,0,0,0], [3,2,0,0,0,0,0,0,0,0,0,0]) = 0
N(0h+12f, -11, [2,0,1,0,0,0,0,0,0,0,0,0], [3,0,0,1,0,0,0,0,0,0,0,0]) = 0
N(0h+12f, -11, [2,0,1,0,0,0,0,0,0,0,0,0], [2,1,1,0,0,0,0,0,0,0,0,0]) = 0
N(0h+12f, -11, [2,0,1,0,0,0,0,0,0,0,0,0], [2,0,0,0,1,0,0,0,0,0,0,0]) = 0
N(0h+12f, -11, [2,0,1,0,0,0,0,0,0,0,0,0], [1,3,0,0,0,0,0,0,0,0,0,0]) = 0
N(0h+12f, -11, [2,0,1,0,0,0,0,0,0,0,0,0], [1,1,0,1,0,0,0,0,0,0,0,0]) = 0
N(0h+12f, -11, [2,0,1,0,0,0,0,0,0,0,0,0], [1,0,2,0,0,0,0,0,0,0,0,0]) = 0
N(0h+12f, -11, [2,0,1,0,0,0,0,0,0,0,0,0], [1,0,0,0,0,1,0,0,0,0,0,0]) = 0
N(0h+12f, -11, [2,0,1,0,0,0,0,0,0,0,0,0], [0,2,1,0,0,0,0,0,0,0,0,0]) = 0
N(0h+12f, -11, [2,0,1,0,0,0,0,0,0,0,0,0], [0,1,0,0,1,0,0,0,0,0,0,0]) = 0
N(0h+12f, -11, [2,0,1,0,0,0,0,0,0,0,0,0], [0,0,1,1,0,0,0,0,0,0,0,0]) = 0
N(0h+12f, -11, [2,0,1,0,0,0,0,0,0,0,0,0], [0,0,0,0,0,0,1,0,0,0,0,0]) = 0
N(0h+12f, -11, [1,2,0,0,0,0,0,0,0,0,0,0], [7,0,0,0,0,0,0,0,0,0,0,0]) = 0
N(0h+12f, -11, [1,2,0,0,0,0,0,0,0,0,0,0], [5,1,0,0,0,0,0,0,0,0,0,0]) = 0
N(0h+12f, -11, [1,2,0,0,0,0,0,0,0,0,0,0], [4,0,1,0,0,0,0,0,0,0,0,0]) = 0
N(0h+12f, -11, [1,2,0,0,0,0,0,0,0,0,0,0], [3,2,0,0,0,0,0,0,0,0,0,0]) = 0
N(0h+12f, -11, [1,2,0,0,0,0,0,0,0,0,0,0], [3,0,0,1,0,0,0,0,0,0,0,0]) = 0
N(0h+12f, -11, [1,2,0,0,0,0,0,0,0,0,0,0], [2,1,1,0,0,0,0,0,0,0,0,0]) = 0
N(0h+12f, -11, [1,2,0,0,0,0,0,0,0,0,0,0], [2,0,0,0,1,0,0,0,0,0,0,0]) = 0
N(0h+12f, -11, [1,2,0,0,0,0,0,0,0,0,0,0], [1,3,0,0,0,0,0,0,0,0,0,0]) = 0
N(0h+12f, -11, [1,2,0,0,0,0,0,0,0,0,0,0], [1,1,0,1,0,0,0,0,0,0,0,0]) = 0
N(0h+12f, -11, [1,2,0,0,0,0,0,0,0,0,0,0], [1,0,2,0,0,0,0,0,0,0,0,0]) = 0
N(0h+12f, -11, [1,2,0,0,0,0,0,0,0,0,0,0], [1,0,0,0,0,1,0,0,0,0,0,0]) = 0
N(0h+12f, -11, [1,2,0,0,0,0,0,0,0,0,0,0], [0,2,1,0,0,0,0,0,0,0,0,0]) = 0
N(0h+12f, -11, [1,2,0,0,0,0,0,0,0,0,0,0], [0,1,0,0,1,0,0,0,0,0,0,0]) = 0
N(0h+12f, -11, [1,2,0,0,0,0,0,0,0,0,0,0], [0,0,1,1,0,0,0,0,0,0,0,0]) = 0
N(0h+12f, -11, [1,2,0,0,0,0,0,0,0,0,0,0], [0,0,0,0,0,0,1,0,0,0,0,0]) = 0
N(0h+12f, -11, [1,0,0,1,0,0,0,0,0,0,0,0], [7,0,0,0,0,0,0,0,0,0,0,0]) = 0
N(0h+12f, -11, [1,0,0,1,0,0,0,0,0,0,0,0], [5,1,0,0,0,0,0,0,0,0,0,0]) = 0
N(0h+12f, -11, [1,0,0,1,0,0,0,0,0,0,0,0], [4,0,1,0,0,0,0,0,0,0,0,0]) = 0
N(0h+12f, -11, [1,0,0,1,0,0,0,0,0,0,0,0], [3,2,0,0,0,0,0,0,0,0,0,0]) = 0
N(0h+12f, -11, [1,0,0,1,0,0,0,0,0,0,0,0], [3,0,0,1,0,0,0,0,0,0,0,0]) = 0
N(0h+12f, -11, [1,0,0,1,0,0,0,0,0,0,0,0], [2,1,1,0,0,0,0,0,0,0,0,0]) = 0
N(0h+12f, -11, [1,0,0,1,0,0,0,0,0,0,0,0], [2,0,0,0,1,0,0,0,0,0,0,0]) = 0
N(0h+12f, -11, [1,0,0,1,0,0,0,0,0,0,0,0], [1,3,0,0,0,0,0,0,0,0,0,0]) = 0
N(0h+12f, -11, [1,0,0,1,0,0,0,0,0,0,0,0], [1,1,0,1,0,0,0,0,0,0,0,0]) = 0
N(0h+12f, -11, [1,0,0,1,0,0,0,0,0,0,0,0], [1,0,2,0,0,0,0,0,0,0,0,0]) = 0
N(0h+12f, -11, [1,0,0,1,0,0,0,0,0,0,0,0], [1,0,0,0,0,1,0,0,0,0,0,0]) = 0
N(0h+12f, -11, [1,0,0,1,0,0,0,0,0,0,0,0], [0,2,1,0,0,0,0,0,0,0,0,0]) = 0
N(0h+12f, -11, [1,0,0,1,0,0,0,0,0,0,0,0], [0,1,0,0,1,0,0,0,0,0,0,0]) = 0
N(0h+12f, -11, [1,0,0,1,0,0,0,0,0,0,0,0], [0,0,1,1,0,0,0,0,0,0,0,0]) = 0
N(0h+12f, -11, [1,0,0,1,0,0,0,0,0,0,0,0], [0,0,0,0,0,0,1,0,0,0,0,0]) = 0
N(0h+12f, -11, [0,1,1,0,0,0,0,0,0,0,0,0], [7,0,0,0,0,0,0,0,0,0,0,0]) = 0
N(0h+12f, -11, [0,1,1,0,0,0,0,0,0,0,0,0], [5,1,0,0,0,0,0,0,0,0,0,0]) = 0
N(0h+12f, -11, [0,1,1,0,0,0,0,0,0,0,0,0], [4,0,1,0,0,0,0,0,0,0,0,0]) = 0
N(0h+12f, -11, [0,1,1,0,0,0,0,0,0,0,0,0], [3,2,0,0,0,0,0,0,0,0,0,0]) = 0
N(0h+12f, -11, [0,1,1,0,0,0,0,0,0,0,0,0], [3,0,0,1,0,0,0,0,0,0,0,0]) = 0
N(0h+12f, -11, [0,1,1,0,0,0,0,0,0,0,0,0], [2,1,1,0,0,0,0,0,0,0,0,0]) = 0
N(0h+12f, -11, [0,1,1,0,0,0,0,0,0,0,0,0], [2,0,0,0,1,0,0,0,0,0,0,0]) = 0
N(0h+12f, -11, [0,1,1,0,0,0,0,0,0,0,0,0], [1,3,0,0,0,0,0,0,0,0,0,0]) = 0
N(0h+12f, -11, [0,1,1,0,0,0,0,0,0,0,0,0], [1,1,0,1,0,0,0,0,0,0,0,0]) = 0
N(0h+12f, -11, [0,1,1,0,0,0,0,0,0,0,0,0], [1,0,2,0,0,0,0,0,0,0,0,0]) = 0
N(0h+12f, -11, [0,1,1,0,0,0,0,0,0,0,0,0], [1,0,0,0,0,1,0,0,0,0,0,0]) = 0
N(0h+12f, -11, [0,1,1,0,0,0,0,0,0,0,0,0], [0,2,1,0,0,0,0,0,0,0,0,0]) = 0
N(0h+12f, -11, [0,1,1,0,0,0,0,0,0,0,0,0], [0,1,0,0,1,0,0,0,0,0,0,0]) = 0
N(0h+12f, -11, [0,1,1,0,0,0,0,0,0,0,0,0], [0,0,1,1,0,0,0,0,0,0,0,0]) = 0
N(0h+12f, -11, [0,1,1,0,0,0,0,0,0,0,0,0], [0,0,0,0,0,0,1,0,0,0,0,0]) = 0
N(0h+12f, -11, [0,0,0,0,1,0,0,0,0,0,0,0], [7,0,0,0,0,0,0,0,0,0,0,0]) = 0
N(0h+12f, -11, [0,0,0,0,1,0,0,0,0,0,0,0], [5,1,0,0,0,0,0,0,0,0,0,0]) = 0
N(0h+12f, -11, [0,0,0,0,1,0,0,0,0,0,0,0], [4,0,1,0,0,0,0,0,0,0,0,0]) = 0
N(0h+12f, -11, [0,0,0,0,1,0,0,0,0,0,0,0], [3,2,0,0,0,0,0,0,0,0,0,0]) = 0
N(0h+12f, -11, [0,0,0,0,1,0,0,0,0,0,0,0], [3,0,0,1,0,0,0,0,0,0,0,0]) = 0
N(0h+12f, -11, [0,0,0,0,1,0,0,0,0,0,0,0], [2,1,1,0,0,0,0,0,0,0,0,0]) = 0
N(0h+12f, -11, [0,0,0,0,1,0,0,0,0,0,0,0], [2,0,0,0,1,0,0,0,0,0,0,0]) = 0
N(0h+12f, -11, [0,0,0,0,1,0,0,0,0,0,0,0], [1,3,0,0,0,0,0,0,0,0,0,0]) = 0
N(0h+12f, -11, [0,0,0,0,1,0,0,0,0,0,0,0], [1,1,0,1,0,0,0,0,0,0,0,0]) = 0
N(0h+12f, -11, [0,0,0,0,1,0,0,0,0,0,0,0], [1,0,2,0,0,0,0,0,0,0,0,0]) = 0
N(0h+12f, -11, [0,0,0,0,1,0,0,0,0,0,0,0], [1,0,0,0,0,1,0,0,0,0,0,0]) = 0
N(0h+12f, -11, [0,0,0,0,1,0,0,0,0,0,0,0], [0,2,1,0,0,0,0,0,0,0,0,0]) = 0
N(0h+12f, -11, [0,0,0,0,1,0,0,0,0,0,0,0], [0,1,0,0,1,0,0,0,0,0,0,0]) = 0
N(0h+12f, -11, [0,0,0,0,1,0,0,0,0,0,0,0], [0,0,1,1,0,0,0,0,0,0,0,0]) = 0
N(0h+12f, -11, [0,0,0,0,1,0,0,0,0,0,0,0], [0,0,0,0,0,0,1,0,0,0,0,0]) = 0
N(0h+12f, -11, [4,0,0,0,0,0,0,0,0,0,0,0], [8,0,0,0,0,0,0,0,0,0,0,0]) = 1
N(0h+12f, -11, [4,0,0,0,0,0,0,0,0,0,0,0], [6,1,0,0,0,0,0,0,0,0,0,0]) = 0
N(0h+12f, -11, [4,0,0,0,0,0,0,0,0,0,0,0], [5,0,1,0,0,0,0,0,0,0,0,0]) = 0
N(0h+12f, -11, [4,0,0,0,0,0,0,0,0,0,0,0], [4,2,0,0,0,0,0,0,0,0,0,0]) = 0
N(0h+12f, -11, [4,0,0,0,0,0,0,0,0,0,0,0], [4,0,0,1,0,0,0,0,0,0,0,0]) = 0
N(0h+12f, -11, [4,0,0,0,0,0,0,0,0,0,0,0], [3,1,1,0,0,0,0,0,0,0,0,0]) = 0
N(0h+12f, -11, [4,0,0,0,0,0,0,0,0,0,0,0], [3,0,0,0,1,0,0,0,0,0,0,0]) = 0
N(0h+12f, -11, [4,0,0,0,0,0,0,0,0,0,0,0], [2,3,0,0,0,0,0,0,0,0,0,0]) = 0
N(0h+12f, -11, [4,0,0,0,0,0,0,0,0,0,0,0], [2,1,0,1,0,0,0,0,0,0,0,0]) = 0
N(0h+12f, -11, [4,0,0,0,0,0,0,0,0,0,0,0], [2,0,2,0,0,0,0,0,0,0,0,0]) = 0
N(0h+12f, -11, [4,0,0,0,0,0,0,0,0,0,0,0], [2,0,0,0,0,1,0,0,0,0,0,0]) = 0
N(0h+12f, -11, [4,0,0,0,0,0,0,0,0,0,0,0], [1,2,1,0,0,0,0,0,0,0,0,0]) = 0
N(0h+12f, -11, [4,0,0,0,0,0,0,0,0,0,0,0], [1,1,0,0,1,0,0,0,0,0,0,0]) = 0
N(0h+12f, -11, [4,0,0,0,0,0,0,0,0,0,0,0], [1,0,1,1,0,0,0,0,0,0,0,0]) = 0
N(0h+12f, -11, [4,0,0,0,0,0,0,0,0,0,0,0], [1,0,0,0,0,0,1,0,0,0,0,0]) = 0
N(0h+12f, -11, [4,0,0,0,0,0,0,0,0,0,0,0], [0,4,0,0,0,0,0,0,0,0,0,0]) = 0
N(0h+12f, -11, [4,0,0,0,0,0,0,0,0,0,0,0], [0,2,0,1,0,0,0,0,0,0,0,0]) = 0
N(0h+12f, -11, [4,0,0,0,0,0,0,0,0,0,0,0], [0,1,2,0,0,0,0,0,0,0,0,0]) = 0
N(0h+12f, -11, [4,0,0,0,0,0,0,0,0,0,0,0], [0,1,0,0,0,1,0,0,0,0,0,0]) = 0
N(0h+12f, -11, [4,0,0,0,0,0,0,0,0,0,0,0], [0,0,1,0,1,0,0,0,0,0,0,0]) = 0
N(0h+12f, -11, [4,0,0,0,0,0,0,0,0,0,0,0], [0,0,0,2,0,0,0,0,0,0,0,0]) = 0
N(0h+12f, -11, [4,0,0,0,0,0,0,0,0,0,0,0], [0,0,0,0,0,0,0,1,0,0,0,0]) = 0
N(0h+12f, -11, [2,1,0,0,0,0,0,0,0,0,0,0], [8,0,0,0,0,0,0,0,0,0,0,0]) = 0
N(0h+12f, -11, [2,1,0,0,0,0,0,0,0,0,0,0], [6,1,0,0,0,0,0,0,0,0,0,0]) = 0
N(0h+12f, -11, [2,1,0,0,0,0,0,0,0,0,0,0], [5,0,1,0,0,0,0,0,0,0,0,0]) = 0
N(0h+12f, -11, [2,1,0,0,0,0,0,0,0,0,0,0], [4,2,0,0,0,0,0,0,0,0,0,0]) = 0
N(0h+12f, -11, [2,1,0,0,0,0,0,0,0,0,0,0], [4,0,0,1,0,0,0,0,0,0,0,0]) = 0
N(0h+12f, -11, [2,1,0,0,0,0,0,0,0,0,0,0], [3,1,1,0,0,0,0,0,0,0,0,0]) = 0
N(0h+12f, -11, [2,1,0,0,0,0,0,0,0,0,0,0], [3,0,0,0,1,0,0,0,0,0,0,0]) = 0
N(0h+12f, -11, [2,1,0,0,0,0,0,0,0,0,0,0], [2,3,0,0,0,0,0,0,0,0,0,0]) = 0
N(0h+12f, -11, [2,1,0,0,0,0,0,0,0,0,0,0], [2,1,0,1,0,0,0,0,0,0,0,0]) = 0
N(0h+12f, -11, [2,1,0,0,0,0,0,0,0,0,0,0], [2,0,2,0,0,0,0,0,0,0,0,0]) = 0
N(0h+12f, -11, [2,1,0,0,0,0,0,0,0,0,0,0], [2,0,0,0,0,1,0,0,0,0,0,0]) = 0
N(0h+12f, -11, [2,1,0,0,0,0,0,0,0,0,0,0], [1,2,1,0,0,0,0,0,0,0,0,0]) = 0
N(0h+12f, -11, [2,1,0,0,0,0,0,0,0,0,0,0], [1,1,0,0,1,0,0,0,0,0,0,0]) = 0
N(0h+12f, -11, [2,1,0,0,0,0,0,0,0,0,0,0], [1,0,1,1,0,0,0,0,0,0,0,0]) = 0
N(0h+12f, -11, [2,1,0,0,0,0,0,0,0,0,0,0], [1,0,0,0,0,0,1,0,0,0,0,0]) = 0
N(0h+12f, -11, [2,1,0,0,0,0,0,0,0,0,0,0], [0,4,0,0,0,0,0,0,0,0,0,0]) = 0
N(0h+12f, -11, [2,1,0,0,0,0,0,0,0,0,0,0], [0,2,0,1,0,0,0,0,0,0,0,0]) = 0
N(0h+12f, -11, [2,1,0,0,0,0,0,0,0,0,0,0], [0,1,2,0,0,0,0,0,0,0,0,0]) = 0
N(0h+12f, -11, [2,1,0,0,0,0,0,0,0,0,0,0], [0,1,0,0,0,1,0,0,0,0,0,0]) = 0
N(0h+12f, -11, [2,1,0,0,0,0,0,0,0,0,0,0], [0,0,1,0,1,0,0,0,0,0,0,0]) = 0
N(0h+12f, -11, [2,1,0,0,0,0,0,0,0,0,0,0], [0,0,0,2,0,0,0,0,0,0,0,0]) = 0
N(0h+12f, -11, [2,1,0,0,0,0,0,0,0,0,0,0], [0,0,0,0,0,0,0,1,0,0,0,0]) = 0
N(0h+12f, -11, [1,0,1,0,0,0,0,0,0,0,0,0], [8,0,0,0,0,0,0,0,0,0,0,0]) = 0
N(0h+12f, -11, [1,0,1,0,0,0,0,0,0,0,0,0], [6,1,0,0,0,0,0,0,0,0,0,0]) = 0
N(0h+12f, -11, [1,0,1,0,0,0,0,0,0,0,0,0], [5,0,1,0,0,0,0,0,0,0,0,0]) = 0
N(0h+12f, -11, [1,0,1,0,0,0,0,0,0,0,0,0], [4,2,0,0,0,0,0,0,0,0,0,0]) = 0
N(0h+12f, -11, [1,0,1,0,0,0,0,0,0,0,0,0], [4,0,0,1,0,0,0,0,0,0,0,0]) = 0
N(0h+12f, -11, [1,0,1,0,0,0,0,0,0,0,0,0], [3,1,1,0,0,0,0,0,0,0,0,0]) = 0
N(0h+12f, -11, [1,0,1,0,0,0,0,0,0,0,0,0], [3,0,0,0,1,0,0,0,0,0,0,0]) = 0
N(0h+12f, -11, [1,0,1,0,0,0,0,0,0,0,0,0], [2,3,0,0,0,0,0,0,0,0,0,0]) = 0
N(0h+12f, -11, [1,0,1,0,0,0,0,0,0,0,0,0], [2,1,0,1,0,0,0,0,0,0,0,0]) = 0
N(0h+12f, -11, [1,0,1,0,0,0,0,0,0,0,0,0], [2,0,2,0,0,0,0,0,0,0,0,0]) = 0
N(0h+12f, -11, [1,0,1,0,0,0,0,0,0,0,0,0], [2,0,0,0,0,1,0,0,0,0,0,0]) = 0
N(0h+12f, -11, [1,0,1,0,0,0,0,0,0,0,0,0], [1,2,1,0,0,0,0,0,0,0,0,0]) = 0
N(0h+12f, -11, [1,0,1,0,0,0,0,0,0,0,0,0], [1,1,0,0,1,0,0,0,0,0,0,0]) = 0
N(0h+12f, -11, [1,0,1,0,0,0,0,0,0,0,0,0], [1,0,1,1,0,0,0,0,0,0,0,0]) = 0
N(0h+12f, -11, [1,0,1,0,0,0,0,0,0,0,0,0], [1,0,0,0,0,0,1,0,0,0,0,0]) = 0
N(0h+12f, -11, [1,0,1,0,0,0,0,0,0,0,0,0], [0,4,0,0,0,0,0,0,0,0,0,0]) = 0
N(0h+12f, -11, [1,0,1,0,0,0,0,0,0,0,0,0], [0,2,0,1,0,0,0,0,0,0,0,0]) = 0
N(0h+12f, -11, [1,0,1,0,0,0,0,0,0,0,0,0], [0,1,2,0,0,0,0,0,0,0,0,0]) = 0
N(0h+12f, -11, [1,0,1,0,0,0,0,0,0,0,0,0], [0,1,0,0,0,1,0,0,0,0,0,0]) = 0
N(0h+12f, -11, [1,0,1,0,0,0,0,0,0,0,0,0], [0,0,1,0,1,0,0,0,0,0,0,0]) = 0
N(0h+12f, -11, [1,0,1,0,0,0,0,0,0,0,0,0], [0,0,0,2,0,0,0,0,0,0,0,0]) = 0
N(0h+12f, -11, [1,0,1,0,0,0,0,0,0,0,0,0], [0,0,0,0,0,0,0,1,0,0,0,0]) = 0
N(0h+12f, -11, [0,2,0,0,0,0,0,0,0,0,0,0], [8,0,0,0,0,0,0,0,0,0,0,0]) = 0
N(0h+12f, -11, [0,2,0,0,0,0,0,0,0,0,0,0], [6,1,0,0,0,0,0,0,0,0,0,0]) = 0
N(0h+12f, -11, [0,2,0,0,0,0,0,0,0,0,0,0], [5,0,1,0,0,0,0,0,0,0,0,0]) = 0
N(0h+12f, -11, [0,2,0,0,0,0,0,0,0,0,0,0], [4,2,0,0,0,0,0,0,0,0,0,0]) = 0
N(0h+12f, -11, [0,2,0,0,0,0,0,0,0,0,0,0], [4,0,0,1,0,0,0,0,0,0,0,0]) = 0
N(0h+12f, -11, [0,2,0,0,0,0,0,0,0,0,0,0], [3,1,1,0,0,0,0,0,0,0,0,0]) = 0
N(0h+12f, -11, [0,2,0,0,0,0,0,0,0,0,0,0], [3,0,0,0,1,0,0,0,0,0,0,0]) = 0
N(0h+12f, -11, [0,2,0,0,0,0,0,0,0,0,0,0], [2,3,0,0,0,0,0,0,0,0,0,0]) = 0
N(0h+12f, -11, [0,2,0,0,0,0,0,0,0,0,0,0], [2,1,0,1,0,0,0,0,0,0,0,0]) = 0
N(0h+12f, -11, [0,2,0,0,0,0,0,0,0,0,0,0], [2,0,2,0,0,0,0,0,0,0,0,0]) = 0
N(0h+12f, -11, [0,2,0,0,0,0,0,0,0,0,0,0], [2,0,0,0,0,1,0,0,0,0,0,0]) = 0
N(0h+12f, -11, [0,2,0,0,0,0,0,0,0,0,0,0], [1,2,1,0,0,0,0,0,0,0,0,0]) = 0
N(0h+12f, -11, [0,2,0,0,0,0,0,0,0,0,0,0], [1,1,0,0,1,0,0,0,0,0,0,0]) = 0
N(0h+12f, -11, [0,2,0,0,0,0,0,0,0,0,0,0], [1,0,1,1,0,0,0,0,0,0,0,0]) = 0
N(0h+12f, -11, [0,2,0,0,0,0,0,0,0,0,0,0], [1,0,0,0,0,0,1,0,0,0,0,0]) = 0
N(0h+12f, -11, [0,2,0,0,0,0,0,0,0,0,0,0], [0,4,0,0,0,0,0,0,0,0,0,0]) = 0
N(0h+12f, -11, [0,2,0,0,0,0,0,0,0,0,0,0], [0,2,0,1,0,0,0,0,0,0,0,0]) = 0
N(0h+12f, -11, [0,2,0,0,0,0,0,0,0,0,0,0], [0,1,2,0,0,0,0,0,0,0,0,0]) = 0
N(0h+12f, -11, [0,2,0,0,0,0,0,0,0,0,0,0], [0,1,0,0,0,1,0,0,0,0,0,0]) = 0
N(0h+12f, -11, [0,2,0,0,0,0,0,0,0,0,0,0], [0,0,1,0,1,0,0,0,0,0,0,0]) = 0
N(0h+12f, -11, [0,2,0,0,0,0,0,0,0,0,0,0], [0,0,0,2,0,0,0,0,0,0,0,0]) = 0
N(0h+12f, -11, [0,2,0,0,0,0,0,0,0,0,0,0], [0,0,0,0,0,0,0,1,0,0,0,0]) = 0
N(0h+12f, -11, [0,0,0,1,0,0,0,0,0,0,0,0], [8,0,0,0,0,0,0,0,0,0,0,0]) = 0
N(0h+12f, -11, [0,0,0,1,0,0,0,0,0,0,0,0], [6,1,0,0,0,0,0,0,0,0,0,0]) = 0
N(0h+12f, -11, [0,0,0,1,0,0,0,0,0,0,0,0], [5,0,1,0,0,0,0,0,0,0,0,0]) = 0
N(0h+12f, -11, [0,0,0,1,0,0,0,0,0,0,0,0], [4,2,0,0,0,0,0,0,0,0,0,0]) = 0
N(0h+12f, -11, [0,0,0,1,0,0,0,0,0,0,0,0], [4,0,0,1,0,0,0,0,0,0,0,0]) = 0
N(0h+12f, -11, [0,0,0,1,0,0,0,0,0,0,0,0], [3,1,1,0,0,0,0,0,0,0,0,0]) = 0
N(0h+12f, -11, [0,0,0,1,0,0,0,0,0,0,0,0], [3,0,0,0,1,0,0,0,0,0,0,0]) = 0
N(0h+12f, -11, [0,0,0,1,0,0,0,0,0,0,0,0], [2,3,0,0,0,0,0,0,0,0,0,0]) = 0
N(0h+12f, -11, [0,0,0,1,0,0,0,0,0,0,0,0], [2,1,0,1,0,0,0,0,0,0,0,0]) = 0
N(0h+12f, -11, [0,0,0,1,0,0,0,0,0,0,0,0], [2,0,2,0,0,0,0,0,0,0,0,0]) = 0
N(0h+12f, -11, [0,0,0,1,0,0,0,0,0,0,0,0], [2,0,0,0,0,1,0,0,0,0,0,0]) = 0
N(0h+12f, -11, [0,0,0,1,0,0,0,0,0,0,0,0], [1,2,1,0,0,0,0,0,0,0,0,0]) = 0
N(0h+12f, -11, [0,0,0,1,0,0,0,0,0,0,0,0], [1,1,0,0,1,0,0,0,0,0,0,0]) = 0
N(0h+12f, -11, [0,0,0,1,0,0,0,0,0,0,0,0], [1,0,1,1,0,0,0,0,0,0,0,0]) = 0
N(0h+12f, -11, [0,0,0,1,0,0,0,0,0,0,0,0], [1,0,0,0,0,0,1,0,0,0,0,0]) = 0
N(0h+12f, -11, [0,0,0,1,0,0,0,0,0,0,0,0], [0,4,0,0,0,0,0,0,0,0,0,0]) = 0
N(0h+12f, -11, [0,0,0,1,0,0,0,0,0,0,0,0], [0,2,0,1,0,0,0,0,0,0,0,0]) = 0
N(0h+12f, -11, [0,0,0,1,0,0,0,0,0,0,0,0], [0,1,2,0,0,0,0,0,0,0,0,0]) = 0
N(0h+12f, -11, [0,0,0,1,0,0,0,0,0,0,0,0], [0,1,0,0,0,1,0,0,0,0,0,0]) = 0
N(0h+12f, -11, [0,0,0,1,0,0,0,0,0,0,0,0], [0,0,1,0,1,0,0,0,0,0,0,0]) = 0
N(0h+12f, -11, [0,0,0,1,0,0,0,0,0,0,0,0], [0,0,0,2,0,0,0,0,0,0,0,0]) = 0
N(0h+12f, -11, [0,0,0,1,0,0,0,0,0,0,0,0], [0,0,0,0,0,0,0,1,0,0,0,0]) = 0
N(0h+12f, -11, [3,0,0,0,0,0,0,0,0,0,0,0], [9,0,0,0,0,0,0,0,0,0,0,0]) = 1
N(0h+12f, -11, [3,0,0,0,0,0,0,0,0,0,0,0], [7,1,0,0,0,0,0,0,0,0,0,0]) = 0
N(0h+12f, -11, [3,0,0,0,0,0,0,0,0,0,0,0], [6,0,1,0,0,0,0,0,0,0,0,0]) = 0
N(0h+12f, -11, [3,0,0,0,0,0,0,0,0,0,0,0], [5,2,0,0,0,0,0,0,0,0,0,0]) = 0
N(0h+12f, -11, [3,0,0,0,0,0,0,0,0,0,0,0], [5,0,0,1,0,0,0,0,0,0,0,0]) = 0
N(0h+12f, -11, [3,0,0,0,0,0,0,0,0,0,0,0], [4,1,1,0,0,0,0,0,0,0,0,0]) = 0
N(0h+12f, -11, [3,0,0,0,0,0,0,0,0,0,0,0], [4,0,0,0,1,0,0,0,0,0,0,0]) = 0
N(0h+12f, -11, [3,0,0,0,0,0,0,0,0,0,0,0], [3,3,0,0,0,0,0,0,0,0,0,0]) = 0
N(0h+12f, -11, [3,0,0,0,0,0,0,0,0,0,0,0], [3,1,0,1,0,0,0,0,0,0,0,0]) = 0
N(0h+12f, -11, [3,0,0,0,0,0,0,0,0,0,0,0], [3,0,2,0,0,0,0,0,0,0,0,0]) = 0
N(0h+12f, -11, [3,0,0,0,0,0,0,0,0,0,0,0], [3,0,0,0,0,1,0,0,0,0,0,0]) = 0
N(0h+12f, -11, [3,0,0,0,0,0,0,0,0,0,0,0], [2,2,1,0,0,0,0,0,0,0,0,0]) = 0
N(0h+12f, -11, [3,0,0,0,0,0,0,0,0,0,0,0], [2,1,0,0,1,0,0,0,0,0,0,0]) = 0
N(0h+12f, -11, [3,0,0,0,0,0,0,0,0,0,0,0], [2,0,1,1,0,0,0,0,0,0,0,0]) = 0
N(0h+12f, -11, [3,0,0,0,0,0,0,0,0,0,0,0], [2,0,0,0,0,0,1,0,0,0,0,0]) = 0
N(0h+12f, -11, [3,0,0,0,0,0,0,0,0,0,0,0], [1,4,0,0,0,0,0,0,0,0,0,0]) = 0
N(0h+12f, -11, [3,0,0,0,0,0,0,0,0,0,0,0], [1,2,0,1,0,0,0,0,0,0,0,0]) = 0
N(0h+12f, -11, [3,0,0,0,0,0,0,0,0,0,0,0], [1,1,2,0,0,0,0,0,0,0,0,0]) = 0
N(0h+12f, -11, [3,0,0,0,0,0,0,0,0,0,0,0], [1,1,0,0,0,1,0,0,0,0,0,0]) = 0
N(0h+12f, -11, [3,0,0,0,0,0,0,0,0,0,0,0], [1,0,1,0,1,0,0,0,0,0,0,0]) = 0
N(0h+12f, -11, [3,0,0,0,0,0,0,0,0,0,0,0], [1,0,0,2,0,0,0,0,0,0,0,0]) = 0
N(0h+12f, -11, [3,0,0,0,0,0,0,0,0,0,0,0], [1,0,0,0,0,0,0,1,0,0,0,0]) = 0
N(0h+12f, -11, [3,0,0,0,0,0,0,0,0,0,0,0], [0,3,1,0,0,0,0,0,0,0,0,0]) = 0
N(0h+12f, -11, [3,0,0,0,0,0,0,0,0,0,0,0], [0,2,0,0,1,0,0,0,0,0,0,0]) = 0
N(0h+12f, -11, [3,0,0,0,0,0,0,0,0,0,0,0], [0,1,1,1,0,0,0,0,0,0,0,0]) = 0
N(0h+12f, -11, [3,0,0,0,0,0,0,0,0,0,0,0], [0,1,0,0,0,0,1,0,0,0,0,0]) = 0
N(0h+12f, -11, [3,0,0,0,0,0,0,0,0,0,0,0], [0,0,3,0,0,0,0,0,0,0,0,0]) = 0
N(0h+12f, -11, [3,0,0,0,0,0,0,0,0,0,0,0], [0,0,1,0,0,1,0,0,0,0,0,0]) = 0
N(0h+12f, -11, [3,0,0,0,0,0,0,0,0,0,0,0], [0,0,0,1,1,0,0,0,0,0,0,0]) = 0
N(0h+12f, -11, [3,0,0,0,0,0,0,0,0,0,0,0], [0,0,0,0,0,0,0,0,1,0,0,0]) = 0
N(0h+12f, -11, [1,1,0,0,0,0,0,0,0,0,0,0], [9,0,0,0,0,0,0,0,0,0,0,0]) = 0
N(0h+12f, -11, [1,1,0,0,0,0,0,0,0,0,0,0], [7,1,0,0,0,0,0,0,0,0,0,0]) = 0
N(0h+12f, -11, [1,1,0,0,0,0,0,0,0,0,0,0], [6,0,1,0,0,0,0,0,0,0,0,0]) = 0
N(0h+12f, -11, [1,1,0,0,0,0,0,0,0,0,0,0], [5,2,0,0,0,0,0,0,0,0,0,0]) = 0
N(0h+12f, -11, [1,1,0,0,0,0,0,0,0,0,0,0], [5,0,0,1,0,0,0,0,0,0,0,0]) = 0
N(0h+12f, -11, [1,1,0,0,0,0,0,0,0,0,0,0], [4,1,1,0,0,0,0,0,0,0,0,0]) = 0
N(0h+12f, -11, [1,1,0,0,0,0,0,0,0,0,0,0], [4,0,0,0,1,0,0,0,0,0,0,0]) = 0
N(0h+12f, -11, [1,1,0,0,0,0,0,0,0,0,0,0], [3,3,0,0,0,0,0,0,0,0,0,0]) = 0
N(0h+12f, -11, [1,1,0,0,0,0,0,0,0,0,0,0], [3,1,0,1,0,0,0,0,0,0,0,0]) = 0
N(0h+12f, -11, [1,1,0,0,0,0,0,0,0,0,0,0], [3,0,2,0,0,0,0,0,0,0,0,0]) = 0
N(0h+12f, -11, [1,1,0,0,0,0,0,0,0,0,0,0], [3,0,0,0,0,1,0,0,0,0,0,0]) = 0
N(0h+12f, -11, [1,1,0,0,0,0,0,0,0,0,0,0], [2,2,1,0,0,0,0,0,0,0,0,0]) = 0
N(0h+12f, -11, [1,1,0,0,0,0,0,0,0,0,0,0], [2,1,0,0,1,0,0,0,0,0,0,0]) = 0
N(0h+12f, -11, [1,1,0,0,0,0,0,0,0,0,0,0], [2,0,1,1,0,0,0,0,0,0,0,0]) = 0
N(0h+12f, -11, [1,1,0,0,0,0,0,0,0,0,0,0], [2,0,0,0,0,0,1,0,0,0,0,0]) = 0
N(0h+12f, -11, [1,1,0,0,0,0,0,0,0,0,0,0], [1,4,0,0,0,0,0,0,0,0,0,0]) = 0
N(0h+12f, -11, [1,1,0,0,0,0,0,0,0,0,0,0], [1,2,0,1,0,0,0,0,0,0,0,0]) = 0
N(0h+12f, -11, [1,1,0,0,0,0,0,0,0,0,0,0], [1,1,2,0,0,0,0,0,0,0,0,0]) = 0
N(0h+12f, -11, [1,1,0,0,0,0,0,0,0,0,0,0], [1,1,0,0,0,1,0,0,0,0,0,0]) = 0
N(0h+12f, -11, [1,1,0,0,0,0,0,0,0,0,0,0], [1,0,1,0,1,0,0,0,0,0,0,0]) = 0
N(0h+12f, -11, [1,1,0,0,0,0,0,0,0,0,0,0], [1,0,0,2,0,0,0,0,0,0,0,0]) = 0
N(0h+12f, -11, [1,1,0,0,0,0,0,0,0,0,0,0], [1,0,0,0,0,0,0,1,0,0,0,0]) = 0
N(0h+12f, -11, [1,1,0,0,0,0,0,0,0,0,0,0], [0,3,1,0,0,0,0,0,0,0,0,0]) = 0
N(0h+12f, -11, [1,1,0,0,0,0,0,0,0,0,0,0], [0,2,0,0,1,0,0,0,0,0,0,0]) = 0
N(0h+12f, -11, [1,1,0,0,0,0,0,0,0,0,0,0], [0,1,1,1,0,0,0,0,0,0,0,0]) = 0
N(0h+12f, -11, [1,1,0,0,0,0,0,0,0,0,0,0], [0,1,0,0,0,0,1,0,0,0,0,0]) = 0
N(0h+12f, -11, [1,1,0,0,0,0,0,0,0,0,0,0], [0,0,3,0,0,0,0,0,0,0,0,0]) = 0
N(0h+12f, -11, [1,1,0,0,0,0,0,0,0,0,0,0], [0,0,1,0,0,1,0,0,0,0,0,0]) = 0
N(0h+12f, -11, [1,1,0,0,0,0,0,0,0,0,0,0], [0,0,0,1,1,0,0,0,0,0,0,0]) = 0
N(0h+12f, -11, [1,1,0,0,0,0,0,0,0,0,0,0], [0,0,0,0,0,0,0,0,1,0,0,0]) = 0
N(0h+12f, -11, [0,0,1,0,0,0,0,0,0,0,0,0], [9,0,0,0,0,0,0,0,0,0,0,0]) = 0
N(0h+12f, -11, [0,0,1,0,0,0,0,0,0,0,0,0], [7,1,0,0,0,0,0,0,0,0,0,0]) = 0
N(0h+12f, -11, [0,0,1,0,0,0,0,0,0,0,0,0], [6,0,1,0,0,0,0,0,0,0,0,0]) = 0
N(0h+12f, -11, [0,0,1,0,0,0,0,0,0,0,0,0], [5,2,0,0,0,0,0,0,0,0,0,0]) = 0
N(0h+12f, -11, [0,0,1,0,0,0,0,0,0,0,0,0], [5,0,0,1,0,0,0,0,0,0,0,0]) = 0
N(0h+12f, -11, [0,0,1,0,0,0,0,0,0,0,0,0], [4,1,1,0,0,0,0,0,0,0,0,0]) = 0
N(0h+12f, -11, [0,0,1,0,0,0,0,0,0,0,0,0], [4,0,0,0,1,0,0,0,0,0,0,0]) = 0
N(0h+12f, -11, [0,0,1,0,0,0,0,0,0,0,0,0], [3,3,0,0,0,0,0,0,0,0,0,0]) = 0
N(0h+12f, -11, [0,0,1,0,0,0,0,0,0,0,0,0], [3,1,0,1,0,0,0,0,0,0,0,0]) = 0
N(0h+12f, -11, [0,0,1,0,0,0,0,0,0,0,0,0], [3,0,2,0,0,0,0,0,0,0,0,0]) = 0
N(0h+12f, -11, [0,0,1,0,0,0,0,0,0,0,0,0], [3,0,0,0,0,1,0,0,0,0,0,0]) = 0
N(0h+12f, -11, [0,0,1,0,0,0,0,0,0,0,0,0], [2,2,1,0,0,0,0,0,0,0,0,0]) = 0
N(0h+12f, -11, [0,0,1,0,0,0,0,0,0,0,0,0], [2,1,0,0,1,0,0,0,0,0,0,0]) = 0
N(0h+12f, -11, [0,0,1,0,0,0,0,0,0,0,0,0], [2,0,1,1,0,0,0,0,0,0,0,0]) = 0
N(0h+12f, -11, [0,0,1,0,0,0,0,0,0,0,0,0], [2,0,0,0,0,0,1,0,0,0,0,0]) = 0
N(0h+12f, -11, [0,0,1,0,0,0,0,0,0,0,0,0], [1,4,0,0,0,0,0,0,0,0,0,0]) = 0
N(0h+12f, -11, [0,0,1,0,0,0,0,0,0,0,0,0], [1,2,0,1,0,0,0,0,0,0,0,0]) = 0
N(0h+12f, -11, [0,0,1,0,0,0,0,0,0,0,0,0], [1,1,2,0,0,0,0,0,0,0,0,0]) = 0
N(0h+12f, -11, [0,0,1,0,0,0,0,0,0,0,0,0], [1,1,0,0,0,1,0,0,0,0,0,0]) = 0
N(0h+12f, -11, [0,0,1,0,0,0,0,0,0,0,0,0], [1,0,1,0,1,0,0,0,0,0,0,0]) = 0
N(0h+12f, -11, [0,0,1,0,0,0,0,0,0,0,0,0], [1,0,0,2,0,0,0,0,0,0,0,0]) = 0
N(0h+12f, -11, [0,0,1,0,0,0,0,0,0,0,0,0], [1,0,0,0,0,0,0,1,0,0,0,0]) = 0
N(0h+12f, -11, [0,0,1,0,0,0,0,0,0,0,0,0], [0,3,1,0,0,0,0,0,0,0,0,0]) = 0
N(0h+12f, -11, [0,0,1,0,0,0,0,0,0,0,0,0], [0,2,0,0,1,0,0,0,0,0,0,0]) = 0
N(0h+12f, -11, [0,0,1,0,0,0,0,0,0,0,0,0], [0,1,1,1,0,0,0,0,0,0,0,0]) = 0
N(0h+12f, -11, [0,0,1,0,0,0,0,0,0,0,0,0], [0,1,0,0,0,0,1,0,0,0,0,0]) = 0
N(0h+12f, -11, [0,0,1,0,0,0,0,0,0,0,0,0], [0,0,3,0,0,0,0,0,0,0,0,0]) = 0
N(0h+12f, -11, [0,0,1,0,0,0,0,0,0,0,0,0], [0,0,1,0,0,1,0,0,0,0,0,0]) = 0
N(0h+12f, -11, [0,0,1,0,0,0,0,0,0,0,0,0], [0,0,0,1,1,0,0,0,0,0,0,0]) = 0
N(0h+12f, -11, [0,0,1,0,0,0,0,0,0,0,0,0], [0,0,0,0,0,0,0,0,1,0,0,0]) = 0
N(0h+12f, -11, [2,0,0,0,0,0,0,0,0,0,0,0], [10,0,0,0,0,0,0,0,0,0,0,0]) = 1
N(0h+12f, -11, [2,0,0,0,0,0,0,0,0,0,0,0], [8,1,0,0,0,0,0,0,0,0,0,0]) = 0
N(0h+12f, -11, [2,0,0,0,0,0,0,0,0,0,0,0], [7,0,1,0,0,0,0,0,0,0,0,0]) = 0
N(0h+12f, -11, [2,0,0,0,0,0,0,0,0,0,0,0], [6,2,0,0,0,0,0,0,0,0,0,0]) = 0
N(0h+12f, -11, [2,0,0,0,0,0,0,0,0,0,0,0], [6,0,0,1,0,0,0,0,0,0,0,0]) = 0
N(0h+12f, -11, [2,0,0,0,0,0,0,0,0,0,0,0], [5,1,1,0,0,0,0,0,0,0,0,0]) = 0
N(0h+12f, -11, [2,0,0,0,0,0,0,0,0,0,0,0], [5,0,0,0,1,0,0,0,0,0,0,0]) = 0
N(0h+12f, -11, [2,0,0,0,0,0,0,0,0,0,0,0], [4,3,0,0,0,0,0,0,0,0,0,0]) = 0
N(0h+12f, -11, [2,0,0,0,0,0,0,0,0,0,0,0], [4,1,0,1,0,0,0,0,0,0,0,0]) = 0
N(0h+12f, -11, [2,0,0,0,0,0,0,0,0,0,0,0], [4,0,2,0,0,0,0,0,0,0,0,0]) = 0
N(0h+12f, -11, [2,0,0,0,0,0,0,0,0,0,0,0], [4,0,0,0,0,1,0,0,0,0,0,0]) = 0
N(0h+12f, -11, [2,0,0,0,0,0,0,0,0,0,0,0], [3,2,1,0,0,0,0,0,0,0,0,0]) = 0
N(0h+12f, -11, [2,0,0,0,0,0,0,0,0,0,0,0], [3,1,0,0,1,0,0,0,0,0,0,0]) = 0
N(0h+12f, -11, [2,0,0,0,0,0,0,0,0,0,0,0], [3,0,1,1,0,0,0,0,0,0,0,0]) = 0
N(0h+12f, -11, [2,0,0,0,0,0,0,0,0,0,0,0], [3,0,0,0,0,0,1,0,0,0,0,0]) = 0
N(0h+12f, -11, [2,0,0,0,0,0,0,0,0,0,0,0], [2,4,0,0,0,0,0,0,0,0,0,0]) = 0
N(0h+12f, -11, [2,0,0,0,0,0,0,0,0,0,0,0], [2,2,0,1,0,0,0,0,0,0,0,0]) = 0
N(0h+12f, -11, [2,0,0,0,0,0,0,0,0,0,0,0], [2,1,2,0,0,0,0,0,0,0,0,0]) = 0
N(0h+12f, -11, [2,0,0,0,0,0,0,0,0,0,0,0], [2,1,0,0,0,1,0,0,0,0,0,0]) = 0
N(0h+12f, -11, [2,0,0,0,0,0,0,0,0,0,0,0], [2,0,1,0,1,0,0,0,0,0,0,0]) = 0
N(0h+12f, -11, [2,0,0,0,0,0,0,0,0,0,0,0], [2,0,0,2,0,0,0,0,0,0,0,0]) = 0
N(0h+12f, -11, [2,0,0,0,0,0,0,0,0,0,0,0], [2,0,0,0,0,0,0,1,0,0,0,0]) = 0
N(0h+12f, -11, [2,0,0,0,0,0,0,0,0,0,0,0], [1,3,1,0,0,0,0,0,0,0,0,0]) = 0
N(0h+12f, -11, [2,0,0,0,0,0,0,0,0,0,0,0], [1,2,0,0,1,0,0,0,0,0,0,0]) = 0
N(0h+12f, -11, [2,0,0,0,0,0,0,0,0,0,0,0], [1,1,1,1,0,0,0,0,0,0,0,0]) = 0
N(0h+12f, -11, [2,0,0,0,0,0,0,0,0,0,0,0], [1,1,0,0,0,0,1,0,0,0,0,0]) = 0
N(0h+12f, -11, [2,0,0,0,0,0,0,0,0,0,0,0], [1,0,3,0,0,0,0,0,0,0,0,0]) = 0
N(0h+12f, -11, [2,0,0,0,0,0,0,0,0,0,0,0], [1,0,1,0,0,1,0,0,0,0,0,0]) = 0
N(0h+12f, -11, [2,0,0,0,0,0,0,0,0,0,0,0], [1,0,0,1,1,0,0,0,0,0,0,0]) = 0
N(0h+12f, -11, [2,0,0,0,0,0,0,0,0,0,0,0], [1,0,0,0,0,0,0,0,1,0,0,0]) = 0
N(0h+12f, -11, [2,0,0,0,0,0,0,0,0,0,0,0], [0,5,0,0,0,0,0,0,0,0,0,0]) = 0
N(0h+12f, -11, [2,0,0,0,0,0,0,0,0,0,0,0], [0,3,0,1,0,0,0,0,0,0,0,0]) = 0
N(0h+12f, -11, [2,0,0,0,0,0,0,0,0,0,0,0], [0,2,2,0,0,0,0,0,0,0,0,0]) = 0
N(0h+12f, -11, [2,0,0,0,0,0,0,0,0,0,0,0], [0,2,0,0,0,1,0,0,0,0,0,0]) = 0
N(0h+12f, -11, [2,0,0,0,0,0,0,0,0,0,0,0], [0,1,1,0,1,0,0,0,0,0,0,0]) = 0
N(0h+12f, -11, [2,0,0,0,0,0,0,0,0,0,0,0], [0,1,0,2,0,0,0,0,0,0,0,0]) = 0
N(0h+12f, -11, [2,0,0,0,0,0,0,0,0,0,0,0], [0,1,0,0,0,0,0,1,0,0,0,0]) = 0
N(0h+12f, -11, [2,0,0,0,0,0,0,0,0,0,0,0], [0,0,2,1,0,0,0,0,0,0,0,0]) = 0
N(0h+12f, -11, [2,0,0,0,0,0,0,0,0,0,0,0], [0,0,1,0,0,0,1,0,0,0,0,0]) = 0
N(0h+12f, -11, [2,0,0,0,0,0,0,0,0,0,0,0], [0,0,0,1,0,1,0,0,0,0,0,0]) = 0
N(0h+12f, -11, [2,0,0,0,0,0,0,0,0,0,0,0], [0,0,0,0,2,0,0,0,0,0,0,0]) = 0
N(0h+12f, -11, [2,0,0,0,0,0,0,0,0,0,0,0], [0,0,0,0,0,0,0,0,0,1,0,0]) = 0
N(0h+12f, -11, [0,1,0,0,0,0,0,0,0,0,0,0], [10,0,0,0,0,0,0,0,0,0,0,0]) = 0
N(0h+12f, -11, [0,1,0,0,0,0,0,0,0,0,0,0], [8,1,0,0,0,0,0,0,0,0,0,0]) = 0
N(0h+12f, -11, [0,1,0,0,0,0,0,0,0,0,0,0], [7,0,1,0,0,0,0,0,0,0,0,0]) = 0
N(0h+12f, -11, [0,1,0,0,0,0,0,0,0,0,0,0], [6,2,0,0,0,0,0,0,0,0,0,0]) = 0
N(0h+12f, -11, [0,1,0,0,0,0,0,0,0,0,0,0], [6,0,0,1,0,0,0,0,0,0,0,0]) = 0
N(0h+12f, -11, [0,1,0,0,0,0,0,0,0,0,0,0], [5,1,1,0,0,0,0,0,0,0,0,0]) = 0
N(0h+12f, -11, [0,1,0,0,0,0,0,0,0,0,0,0], [5,0,0,0,1,0,0,0,0,0,0,0]) = 0
N(0h+12f, -11, [0,1,0,0,0,0,0,0,0,0,0,0], [4,3,0,0,0,0,0,0,0,0,0,0]) = 0
N(0h+12f, -11, [0,1,0,0,0,0,0,0,0,0,0,0], [4,1,0,1,0,0,0,0,0,0,0,0]) = 0
N(0h+12f, -11, [0,1,0,0,0,0,0,0,0,0,0,0], [4,0,2,0,0,0,0,0,0,0,0,0]) = 0
N(0h+12f, -11, [0,1,0,0,0,0,0,0,0,0,0,0], [4,0,0,0,0,1,0,0,0,0,0,0]) = 0
N(0h+12f, -11, [0,1,0,0,0,0,0,0,0,0,0,0], [3,2,1,0,0,0,0,0,0,0,0,0]) = 0
N(0h+12f, -11, [0,1,0,0,0,0,0,0,0,0,0,0], [3,1,0,0,1,0,0,0,0,0,0,0]) = 0
N(0h+12f, -11, [0,1,0,0,0,0,0,0,0,0,0,0], [3,0,1,1,0,0,0,0,0,0,0,0]) = 0
N(0h+12f, -11, [0,1,0,0,0,0,0,0,0,0,0,0], [3,0,0,0,0,0,1,0,0,0,0,0]) = 0
N(0h+12f, -11, [0,1,0,0,0,0,0,0,0,0,0,0], [2,4,0,0,0,0,0,0,0,0,0,0]) = 0
N(0h+12f, -11, [0,1,0,0,0,0,0,0,0,0,0,0], [2,2,0,1,0,0,0,0,0,0,0,0]) = 0
N(0h+12f, -11, [0,1,0,0,0,0,0,0,0,0,0,0], [2,1,2,0,0,0,0,0,0,0,0,0]) = 0
N(0h+12f, -11, [0,1,0,0,0,0,0,0,0,0,0,0], [2,1,0,0,0,1,0,0,0,0,0,0]) = 0
N(0h+12f, -11, [0,1,0,0,0,0,0,0,0,0,0,0], [2,0,1,0,1,0,0,0,0,0,0,0]) = 0
N(0h+12f, -11, [0,1,0,0,0,0,0,0,0,0,0,0], [2,0,0,2,0,0,0,0,0,0,0,0]) = 0
N(0h+12f, -11, [0,1,0,0,0,0,0,0,0,0,0,0], [2,0,0,0,0,0,0,1,0,0,0,0]) = 0
N(0h+12f, -11, [0,1,0,0,0,0,0,0,0,0,0,0], [1,3,1,0,0,0,0,0,0,0,0,0]) = 0
N(0h+12f, -11, [0,1,0,0,0,0,0,0,0,0,0,0], [1,2,0,0,1,0,0,0,0,0,0,0]) = 0
N(0h+12f, -11, [0,1,0,0,0,0,0,0,0,0,0,0], [1,1,1,1,0,0,0,0,0,0,0,0]) = 0
N(0h+12f, -11, [0,1,0,0,0,0,0,0,0,0,0,0], [1,1,0,0,0,0,1,0,0,0,0,0]) = 0
N(0h+12f, -11, [0,1,0,0,0,0,0,0,0,0,0,0], [1,0,3,0,0,0,0,0,0,0,0,0]) = 0
N(0h+12f, -11, [0,1,0,0,0,0,0,0,0,0,0,0], [1,0,1,0,0,1,0,0,0,0,0,0]) = 0
N(0h+12f, -11, [0,1,0,0,0,0,0,0,0,0,0,0], [1,0,0,1,1,0,0,0,0,0,0,0]) = 0
N(0h+12f, -11, [0,1,0,0,0,0,0,0,0,0,0,0], [1,0,0,0,0,0,0,0,1,0,0,0]) = 0
N(0h+12f, -11, [0,1,0,0,0,0,0,0,0,0,0,0], [0,5,0,0,0,0,0,0,0,0,0,0]) = 0
N(0h+12f, -11, [0,1,0,0,0,0,0,0,0,0,0,0], [0,3,0,1,0,0,0,0,0,0,0,0]) = 0
N(0h+12f, -11, [0,1,0,0,0,0,0,0,0,0,0,0], [0,2,2,0,0,0,0,0,0,0,0,0]) = 0
N(0h+12f, -11, [0,1,0,0,0,0,0,0,0,0,0,0], [0,2,0,0,0,1,0,0,0,0,0,0]) = 0
N(0h+12f, -11, [0,1,0,0,0,0,0,0,0,0,0,0], [0,1,1,0,1,0,0,0,0,0,0,0]) = 0
N(0h+12f, -11, [0,1,0,0,0,0,0,0,0,0,0,0], [0,1,0,2,0,0,0,0,0,0,0,0]) = 0
N(0h+12f, -11, [0,1,0,0,0,0,0,0,0,0,0,0], [0,1,0,0,0,0,0,1,0,0,0,0]) = 0
N(0h+12f, -11, [0,1,0,0,0,0,0,0,0,0,0,0], [0,0,2,1,0,0,0,0,0,0,0,0]) = 0
N(0h+12f, -11, [0,1,0,0,0,0,0,0,0,0,0,0], [0,0,1,0,0,0,1,0,0,0,0,0]) = 0
N(0h+12f, -11, [0,1,0,0,0,0,0,0,0,0,0,0], [0,0,0,1,0,1,0,0,0,0,0,0]) = 0
N(0h+12f, -11, [0,1,0,0,0,0,0,0,0,0,0,0], [0,0,0,0,2,0,0,0,0,0,0,0]) = 0
N(0h+12f, -11, [0,1,0,0,0,0,0,0,0,0,0,0], [0,0,0,0,0,0,0,0,0,1,0,0]) = 0
N(0h+12f, -11, [1,0,0,0,0,0,0,0,0,0,0,0], [11,0,0,0,0,0,0,0,0,0,0,0]) = 1
N(0h+12f, -11, [1,0,0,0,0,0,0,0,0,0,0,0], [9,1,0,0,0,0,0,0,0,0,0,0]) = 0
N(0h+12f, -11, [1,0,0,0,0,0,0,0,0,0,0,0], [8,0,1,0,0,0,0,0,0,0,0,0]) = 0
N(0h+12f, -11, [1,0,0,0,0,0,0,0,0,0,0,0], [7,2,0,0,0,0,0,0,0,0,0,0]) = 0
N(0h+12f, -11, [1,0,0,0,0,0,0,0,0,0,0,0], [7,0,0,1,0,0,0,0,0,0,0,0]) = 0
N(0h+12f, -11, [1,0,0,0,0,0,0,0,0,0,0,0], [6,1,1,0,0,0,0,0,0,0,0,0]) = 0
N(0h+12f, -11, [1,0,0,0,0,0,0,0,0,0,0,0], [6,0,0,0,1,0,0,0,0,0,0,0]) = 0
N(0h+12f, -11, [1,0,0,0,0,0,0,0,0,0,0,0], [5,3,0,0,0,0,0,0,0,0,0,0]) = 0
N(0h+12f, -11, [1,0,0,0,0,0,0,0,0,0,0,0], [5,1,0,1,0,0,0,0,0,0,0,0]) = 0
N(0h+12f, -11, [1,0,0,0,0,0,0,0,0,0,0,0], [5,0,2,0,0,0,0,0,0,0,0,0]) = 0
N(0h+12f, -11, [1,0,0,0,0,0,0,0,0,0,0,0], [5,0,0,0,0,1,0,0,0,0,0,0]) = 0
N(0h+12f, -11, [1,0,0,0,0,0,0,0,0,0,0,0], [4,2,1,0,0,0,0,0,0,0,0,0]) = 0
N(0h+12f, -11, [1,0,0,0,0,0,0,0,0,0,0,0], [4,1,0,0,1,0,0,0,0,0,0,0]) = 0
N(0h+12f, -11, [1,0,0,0,0,0,0,0,0,0,0,0], [4,0,1,1,0,0,0,0,0,0,0,0]) = 0
N(0h+12f, -11, [1,0,0,0,0,0,0,0,0,0,0,0], [4,0,0,0,0,0,1,0,0,0,0,0]) = 0
N(0h+12f, -11, [1,0,0,0,0,0,0,0,0,0,0,0], [3,4,0,0,0,0,0,0,0,0,0,0]) = 0
N(0h+12f, -11, [1,0,0,0,0,0,0,0,0,0,0,0], [3,2,0,1,0,0,0,0,0,0,0,0]) = 0
N(0h+12f, -11, [1,0,0,0,0,0,0,0,0,0,0,0], [3,1,2,0,0,0,0,0,0,0,0,0]) = 0
N(0h+12f, -11, [1,0,0,0,0,0,0,0,0,0,0,0], [3,1,0,0,0,1,0,0,0,0,0,0]) = 0
N(0h+12f, -11, [1,0,0,0,0,0,0,0,0,0,0,0], [3,0,1,0,1,0,0,0,0,0,0,0]) = 0
N(0h+12f, -11, [1,0,0,0,0,0,0,0,0,0,0,0], [3,0,0,2,0,0,0,0,0,0,0,0]) = 0
N(0h+12f, -11, [1,0,0,0,0,0,0,0,0,0,0,0], [3,0,0,0,0,0,0,1,0,0,0,0]) = 0
N(0h+12f, -11, [1,0,0,0,0,0,0,0,0,0,0,0], [2,3,1,0,0,0,0,0,0,0,0,0]) = 0
N(0h+12f, -11, [1,0,0,0,0,0,0,0,0,0,0,0], [2,2,0,0,1,0,0,0,0,0,0,0]) = 0
N(0h+12f, -11, [1,0,0,0,0,0,0,0,0,0,0,0], [2,1,1,1,0,0,0,0,0,0,0,0]) = 0
N(0h+12f, -11, [1,0,0,0,0,0,0,0,0,0,0,0], [2,1,0,0,0,0,1,0,0,0,0,0]) = 0
N(0h+12f, -11, [1,0,0,0,0,0,0,0,0,0,0,0], [2,0,3,0,0,0,0,0,0,0,0,0]) = 0
N(0h+12f, -11, [1,0,0,0,0,0,0,0,0,0,0,0], [2,0,1,0,0,1,0,0,0,0,0,0]) = 0
N(0h+12f, -11, [1,0,0,0,0,0,0,0,0,0,0,0], [2,0,0,1,1,0,0,0,0,0,0,0]) = 0
N(0h+12f, -11, [1,0,0,0,0,0,0,0,0,0,0,0], [2,0,0,0,0,0,0,0,1,0,0,0]) = 0
N(0h+12f, -11, [1,0,0,0,0,0,0,0,0,0,0,0], [1,5,0,0,0,0,0,0,0,0,0,0]) = 0
N(0h+12f, -11, [1,0,0,0,0,0,0,0,0,0,0,0], [1,3,0,1,0,0,0,0,0,0,0,0]) = 0
N(0h+12f, -11, [1,0,0,0,0,0,0,0,0,0,0,0], [1,2,2,0,0,0,0,0,0,0,0,0]) = 0
N(0h+12f, -11, [1,0,0,0,0,0,0,0,0,0,0,0], [1,2,0,0,0,1,0,0,0,0,0,0]) = 0
N(0h+12f, -11, [1,0,0,0,0,0,0,0,0,0,0,0], [1,1,1,0,1,0,0,0,0,0,0,0]) = 0
N(0h+12f, -11, [1,0,0,0,0,0,0,0,0,0,0,0], [1,1,0,2,0,0,0,0,0,0,0,0]) = 0
N(0h+12f, -11, [1,0,0,0,0,0,0,0,0,0,0,0], [1,1,0,0,0,0,0,1,0,0,0,0]) = 0
N(0h+12f, -11, [1,0,0,0,0,0,0,0,0,0,0,0], [1,0,2,1,0,0,0,0,0,0,0,0]) = 0
N(0h+12f, -11, [1,0,0,0,0,0,0,0,0,0,0,0], [1,0,1,0,0,0,1,0,0,0,0,0]) = 0
N(0h+12f, -11, [1,0,0,0,0,0,0,0,0,0,0,0], [1,0,0,1,0,1,0,0,0,0,0,0]) = 0
N(0h+12f, -11, [1,0,0,0,0,0,0,0,0,0,0,0], [1,0,0,0,2,0,0,0,0,0,0,0]) = 0
N(0h+12f, -11, [1,0,0,0,0,0,0,0,0,0,0,0], [1,0,0,0,0,0,0,0,0,1,0,0]) = 0
N(0h+12f, -11, [1,0,0,0,0,0,0,0,0,0,0,0], [0,4,1,0,0,0,0,0,0,0,0,0]) = 0
N(0h+12f, -11, [1,0,0,0,0,0,0,0,0,0,0,0], [0,3,0,0,1,0,0,0,0,0,0,0]) = 0
N(0h+12f, -11, [1,0,0,0,0,0,0,0,0,0,0,0], [0,2,1,1,0,0,0,0,0,0,0,0]) = 0
N(0h+12f, -11, [1,0,0,0,0,0,0,0,0,0,0,0], [0,2,0,0,0,0,1,0,0,0,0,0]) = 0
N(0h+12f, -11, [1,0,0,0,0,0,0,0,0,0,0,0], [0,1,3,0,0,0,0,0,0,0,0,0]) = 0
N(0h+12f, -11, [1,0,0,0,0,0,0,0,0,0,0,0], [0,1,1,0,0,1,0,0,0,0,0,0]) = 0
N(0h+12f, -11, [1,0,0,0,0,0,0,0,0,0,0,0], [0,1,0,1,1,0,0,0,0,0,0,0]) = 0
N(0h+12f, -11, [1,0,0,0,0,0,0,0,0,0,0,0], [0,1,0,0,0,0,0,0,1,0,0,0]) = 0
N(0h+12f, -11, [1,0,0,0,0,0,0,0,0,0,0,0], [0,0,2,0,1,0,0,0,0,0,0,0]) = 0
N(0h+12f, -11, [1,0,0,0,0,0,0,0,0,0,0,0], [0,0,1,2,0,0,0,0,0,0,0,0]) = 0
N(0h+12f, -11, [1,0,0,0,0,0,0,0,0,0,0,0], [0,0,1,0,0,0,0,1,0,0,0,0]) = 0
N(0h+12f, -11, [1,0,0,0,0,0,0,0,0,0,0,0], [0,0,0,1,0,0,1,0,0,0,0,0]) = 0
N(0h+12f, -11, [1,0,0,0,0,0,0,0,0,0,0,0], [0,0,0,0,1,1,0,0,0,0,0,0]) = 0
N(0h+12f, -11, [1,0,0,0,0,0,0,0,0,0,0,0], [0,0,0,0,0,0,0,0,0,0,1,0]) = 0
N(0h+12f, -11, [0,0,0,0,0,0,0,0,0,0,0,0], [12,0,0,0,0,0,0,0,0,0,0,0]) = 1
N(0h+12f, -11, [0,0,0,0,0,0,0,0,0,0,0,0], [10,1,0,0,0,0,0,0,0,0,0,0]) = 0
N(0h+12f, -11, [0,0,0,0,0,0,0,0,0,0,0,0], [9,0,1,0,0,0,0,0,0,0,0,0]) = 0
N(0h+12f, -11, [0,0,0,0,0,0,0,0,0,0,0,0], [8,2,0,0,0,0,0,0,0,0,0,0]) = 0
N(0h+12f, -11, [0,0,0,0,0,0,0,0,0,0,0,0], [8,0,0,1,0,0,0,0,0,0,0,0]) = 0
N(0h+12f, -11, [0,0,0,0,0,0,0,0,0,0,0,0], [7,1,1,0,0,0,0,0,0,0,0,0]) = 0
N(0h+12f, -11, [0,0,0,0,0,0,0,0,0,0,0,0], [7,0,0,0,1,0,0,0,0,0,0,0]) = 0
N(0h+12f, -11, [0,0,0,0,0,0,0,0,0,0,0,0], [6,3,0,0,0,0,0,0,0,0,0,0]) = 0
N(0h+12f, -11, [0,0,0,0,0,0,0,0,0,0,0,0], [6,1,0,1,0,0,0,0,0,0,0,0]) = 0
N(0h+12f, -11, [0,0,0,0,0,0,0,0,0,0,0,0], [6,0,2,0,0,0,0,0,0,0,0,0]) = 0
N(0h+12f, -11, [0,0,0,0,0,0,0,0,0,0,0,0], [6,0,0,0,0,1,0,0,0,0,0,0]) = 0
N(0h+12f, -11, [0,0,0,0,0,0,0,0,0,0,0,0], [5,2,1,0,0,0,0,0,0,0,0,0]) = 0
N(0h+12f, -11, [0,0,0,0,0,0,0,0,0,0,0,0], [5,1,0,0,1,0,0,0,0,0,0,0]) = 0
N(0h+12f, -11, [0,0,0,0,0,0,0,0,0,0,0,0], [5,0,1,1,0,0,0,0,0,0,0,0]) = 0
N(0h+12f, -11, [0,0,0,0,0,0,0,0,0,0,0,0], [5,0,0,0,0,0,1,0,0,0,0,0]) = 0
N(0h+12f, -11, [0,0,0,0,0,0,0,0,0,0,0,0], [4,4,0,0,0,0,0,0,0,0,0,0]) = 0
N(0h+12f, -11, [0,0,0,0,0,0,0,0,0,0,0,0], [4,2,0,1,0,0,0,0,0,0,0,0]) = 0
N(0h+12f, -11, [0,0,0,0,0,0,0,0,0,0,0,0], [4,1,2,0,0,0,0,0,0,0,0,0]) = 0
N(0h+12f, -11, [0,0,0,0,0,0,0,0,0,0,0,0], [4,1,0,0,0,1,0,0,0,0,0,0]) = 0
N(0h+12f, -11, [0,0,0,0,0,0,0,0,0,0,0,0], [4,0,1,0,1,0,0,0,0,0,0,0]) = 0
N(0h+12f, -11, [0,0,0,0,0,0,0,0,0,0,0,0], [4,0,0,2,0,0,0,0,0,0,0,0]) = 0
N(0h+12f, -11, [0,0,0,0,0,0,0,0,0,0,0,0], [4,0,0,0,0,0,0,1,0,0,0,0]) = 0
N(0h+12f, -11, [0,0,0,0,0,0,0,0,0,0,0,0], [3,3,1,0,0,0,0,0,0,0,0,0]) = 0
N(0h+12f, -11, [0,0,0,0,0,0,0,0,0,0,0,0], [3,2,0,0,1,0,0,0,0,0,0,0]) = 0
N(0h+12f, -11, [0,0,0,0,0,0,0,0,0,0,0,0], [3,1,1,1,0,0,0,0,0,0,0,0]) = 0
N(0h+12f, -11, [0,0,0,0,0,0,0,0,0,0,0,0], [3,1,0,0,0,0,1,0,0,0,0,0]) = 0
N(0h+12f, -11, [0,0,0,0,0,0,0,0,0,0,0,0], [3,0,3,0,0,0,0,0,0,0,0,0]) = 0
N(0h+12f, -11, [0,0,0,0,0,0,0,0,0,0,0,0], [3,0,1,0,0,1,0,0,0,0,0,0]) = 0
N(0h+12f, -11, [0,0,0,0,0,0,0,0,0,0,0,0], [3,0,0,1,1,0,0,0,0,0,0,0]) = 0
N(0h+12f, -11, [0,0,0,0,0,0,0,0,0,0,0,0], [3,0,0,0,0,0,0,0,1,0,0,0]) = 0
N(0h+12f, -11, [0,0,0,0,0,0,0,0,0,0,0,0], [2,5,0,0,0,0,0,0,0,0,0,0]) = 0
N(0h+12f, -11, [0,0,0,0,0,0,0,0,0,0,0,0], [2,3,0,1,0,0,0,0,0,0,0,0]) = 0
N(0h+12f, -11, [0,0,0,0,0,0,0,0,0,0,0,0], [2,2,2,0,0,0,0,0,0,0,0,0]) = 0
N(0h+12f, -11, [0,0,0,0,0,0,0,0,0,0,0,0], [2,2,0,0,0,1,0,0,0,0,0,0]) = 0
N(0h+12f, -11, [0,0,0,0,0,0,0,0,0,0,0,0], [2,1,1,0,1,0,0,0,0,0,0,0]) = 0
N(0h+12f, -11, [0,0,0,0,0,0,0,0,0,0,0,0], [2,1,0,2,0,0,0,0,0,0,0,0]) = 0
N(0h+12f, -11, [0,0,0,0,0,0,0,0,0,0,0,0], [2,1,0,0,0,0,0,1,0,0,0,0]) = 0
N(0h+12f, -11, [0,0,0,0,0,0,0,0,0,0,0,0], [2,0,2,1,0,0,0,0,0,0,0,0]) = 0
N(0h+12f, -11, [0,0,0,0,0,0,0,0,0,0,0,0], [2,0,1,0,0,0,1,0,0,0,0,0]) = 0
N(0h+12f, -11, [0,0,0,0,0,0,0,0,0,0,0,0], [2,0,0,1,0,1,0,0,0,0,0,0]) = 0
N(0h+12f, -11, [0,0,0,0,0,0,0,0,0,0,0,0], [2,0,0,0,2,0,0,0,0,0,0,0]) = 0
N(0h+12f, -11, [0,0,0,0,0,0,0,0,0,0,0,0], [2,0,0,0,0,0,0,0,0,1,0,0]) = 0
N(0h+12f, -11, [0,0,0,0,0,0,0,0,0,0,0,0], [1,4,1,0,0,0,0,0,0,0,0,0]) = 0
N(0h+12f, -11, [0,0,0,0,0,0,0,0,0,0,0,0], [1,3,0,0,1,0,0,0,0,0,0,0]) = 0
N(0h+12f, -11, [0,0,0,0,0,0,0,0,0,0,0,0], [1,2,1,1,0,0,0,0,0,0,0,0]) = 0
N(0h+12f, -11, [0,0,0,0,0,0,0,0,0,0,0,0], [1,2,0,0,0,0,1,0,0,0,0,0]) = 0
N(0h+12f, -11, [0,0,0,0,0,0,0,0,0,0,0,0], [1,1,3,0,0,0,0,0,0,0,0,0]) = 0
N(0h+12f, -11, [0,0,0,0,0,0,0,0,0,0,0,0], [1,1,1,0,0,1,0,0,0,0,0,0]) = 0
N(0h+12f, -11, [0,0,0,0,0,0,0,0,0,0,0,0], [1,1,0,1,1,0,0,0,0,0,0,0]) = 0
N(0h+12f, -11, [0,0,0,0,0,0,0,0,0,0,0,0], [1,1,0,0,0,0,0,0,1,0,0,0]) = 0
N(0h+12f, -11, [0,0,0,0,0,0,0,0,0,0,0,0], [1,0,2,0,1,0,0,0,0,0,0,0]) = 0
N(0h+12f, -11, [0,0,0,0,0,0,0,0,0,0,0,0], [1,0,1,2,0,0,0,0,0,0,0,0]) = 0
N(0h+12f, -11, [0,0,0,0,0,0,0,0,0,0,0,0], [1,0,1,0,0,0,0,1,0,0,0,0]) = 0
N(0h+12f, -11, [0,0,0,0,0,0,0,0,0,0,0,0], [1,0,0,1,0,0,1,0,0,0,0,0]) = 0
N(0h+12f, -11, [0,0,0,0,0,0,0,0,0,0,0,0], [1,0,0,0,1,1,0,0,0,0,0,0]) = 0
N(0h+12f, -11, [0,0,0,0,0,0,0,0,0,0,0,0], [1,0,0,0,0,0,0,0,0,0,1,0]) = 0
N(0h+12f, -11, [0,0,0,0,0,0,0,0,0,0,0,0], [0,6,0,0,0,0,0,0,0,0,0,0]) = 0
N(0h+12f, -11, [0,0,0,0,0,0,0,0,0,0,0,0], [0,4,0,1,0,0,0,0,0,0,0,0]) = 0
N(0h+12f, -11, [0,0,0,0,0,0,0,0,0,0,0,0], [0,3,2,0,0,0,0,0,0,0,0,0]) = 0
N(0h+12f, -11, [0,0,0,0,0,0,0,0,0,0,0,0], [0,3,0,0,0,1,0,0,0,0,0,0]) = 0
N(0h+12f, -11, [0,0,0,0,0,0,0,0,0,0,0,0], [0,2,1,0,1,0,0,0,0,0,0,0]) = 0
N(0h+12f, -11, [0,0,0,0,0,0,0,0,0,0,0,0], [0,2,0,2,0,0,0,0,0,0,0,0]) = 0
N(0h+12f, -11, [0,0,0,0,0,0,0,0,0,0,0,0], [0,2,0,0,0,0,0,1,0,0,0,0]) = 0
N(0h+12f, -11, [0,0,0,0,0,0,0,0,0,0,0,0], [0,1,2,1,0,0,0,0,0,0,0,0]) = 0
N(0h+12f, -11, [0,0,0,0,0,0,0,0,0,0,0,0], [0,1,1,0,0,0,1,0,0,0,0,0]) = 0
N(0h+12f, -11, [0,0,0,0,0,0,0,0,0,0,0,0], [0,1,0,1,0,1,0,0,0,0,0,0]) = 0
N(0h+12f, -11, [0,0,0,0,0,0,0,0,0,0,0,0], [0,1,0,0,2,0,0,0,0,0,0,0]) = 0
N(0h+12f, -11, [0,0,0,0,0,0,0,0,0,0,0,0], [0,1,0,0,0,0,0,0,0,1,0,0]) = 0
N(0h+12f, -11, [0,0,0,0,0,0,0,0,0,0,0,0], [0,0,4,0,0,0,0,0,0,0,0,0]) = 0
N(0h+12f, -11, [0,0,0,0,0,0,0,0,0,0,0,0], [0,0,2,0,0,1,0,0,0,0,0,0]) = 0
N(0h+12f, -11, [0,0,0,0,0,0,0,0,0,0,0,0], [0,0,1,1,1,0,0,0,0,0,0,0]) = 0
N(0h+12f, -11, [0,0,0,0,0,0,0,0,0,0,0,0], [0,0,1,0,0,0,0,0,1,0,0,0]) = 0
N(0h+12f, -11, [0,0,0,0,0,0,0,0,0,0,0,0], [0,0,0,3,0,0,0,0,0,0,0,0]) = 0
N(0h+12f, -11, [0,0,0,0,0,0,0,0,0,0,0,0], [0,0,0,1,0,0,0,1,0,0,0,0]) = 0
N(0h+12f, -11, [0,0,0,0,0,0,0,0,0,0,0,0], [0,0,0,0,1,0,1,0,0,0,0,0]) = 0
N(0h+12f, -11, [0,0,0,0,0,0,0,0,0,0,0,0], [0,0,0,0,0,2,0,0,0,0,0,0]) = 0
N(0h+12f, -11, [0,0,0,0,0,0,0,0,0,0,0,0], [0,0,0,0,0,0,0,0,0,0,0,1]) = 0
