N(0h+4f, -9, [4,0,0,0], [0,0,0,0]) = 0
N(0h+4f, -9, [2,1,0,0], [0,0,0,0]) = 0
N(0h+4f, -9, [1,0,1,0], [0,0,0,0]) = 0
N(0h+4f, -9, [0,2,0,0], [0,0,0,0]) = 0
N(0h+4f, -9, [0,0,0,1], [0,0,0,0]) = 0
N(0h+4f, -9, [3,0,0,0], [1,0,0,0]) = 0
N(0h+4f, -9, [1,1,0,0], [1,0,0,0]) = 0
N(0h+4f, -9, [0,0,1,0], [1,0,0,0]) = 0
N(0h+4f, -9, [2,0,0,0], [2,0,0,0]) = 0
N(0h+4f, -9, [2,0,0,0], [0,1,0,0]) = 0
N(0h+4f, -9, [0,1,0,0], [2,0,0,0]) = 0
N(0h+4f, -9, [0,1,0,0], [0,1,0,0]) = 0
N(0h+4f, -9, [1,0,0,0], [3,0,0,0]) = 0
N(0h+4f, -9, [1,0,0,0], [1,1,0,0]) = 0
N(0h+4f, -9, [1,0,0,0], [0,0,1,0]) = 0
N(0h+4f, -9, [0,0,0,0], [4,0,0,0]) = 0
N(0h+4f, -9, [0,0,0,0], [2,1,0,0]) = 0
N(0h+4f, -9, [0,0,0,0], [1,0,1,0]) = 0
N(0h+4f, -9, [0,0,0,0], [0,2,0,0]) = 0
N(0h+4f, -9, [0,0,0,0], [0,0,0,1]) = 0
