N(1h+4f, -1, [4,0,0,0], [0,0,0,0]) = 4
N(1h+4f, -1, [2,1,0,0], [0,0,0,0]) = 2
N(1h+4f, -1, [1,0,1,0], [0,0,0,0]) = 1
N(1h+4f, -1, [0,2,0,0], [0,0,0,0]) = 0
N(1h+4f, -1, [0,0,0,1], [0,0,0,0]) = 0
N(1h+4f, -1, [3,0,0,0], [1,0,0,0]) = 8
N(1h+4f, -1, [1,1,0,0], [1,0,0,0]) = 6
N(1h+4f, -1, [0,0,1,0], [1,0,0,0]) = 5
N(1h+4f, -1, [2,0,0,0], [2,0,0,0]) = 8
N(1h+4f, -1, [2,0,0,0], [0,1,0,0]) = 4
N(1h+4f, -1, [0,1,0,0], [2,0,0,0]) = 6
N(1h+4f, -1, [0,1,0,0], [0,1,0,0]) = 0
N(1h+4f, -1, [1,0,0,0], [3,0,0,0]) = 8
N(1h+4f, -1, [1,0,0,0], [1,1,0,0]) = 16
N(1h+4f, -1, [1,0,0,0], [0,0,1,0]) = 3
N(1h+4f, -1, [0,0,0,0], [4,0,0,0]) = 8
N(1h+4f, -1, [0,0,0,0], [2,1,0,0]) = 28
N(1h+4f, -1, [0,0,0,0], [1,0,1,0]) = 18
N(1h+4f, -1, [0,0,0,0], [0,2,0,0]) = 0
N(1h+4f, -1, [0,0,0,0], [0,0,0,1]) = 0
