N(2h+12f, 9, [12,0,0,0,0,0,0,0,0,0,0,0], [0,0,0,0,0,0,0,0,0,0,0,0]) = 2817
N(2h+12f, 9, [10,1,0,0,0,0,0,0,0,0,0,0], [0,0,0,0,0,0,0,0,0,0,0,0]) = 2669
N(2h+12f, 9, [9,0,1,0,0,0,0,0,0,0,0,0], [0,0,0,0,0,0,0,0,0,0,0,0]) = 2595
N(2h+12f, 9, [8,2,0,0,0,0,0,0,0,0,0,0], [0,0,0,0,0,0,0,0,0,0,0,0]) = 2525
N(2h+12f, 9, [8,0,0,1,0,0,0,0,0,0,0,0], [0,0,0,0,0,0,0,0,0,0,0,0]) = 2523
N(2h+12f, 9, [7,1,1,0,0,0,0,0,0,0,0,0], [0,0,0,0,0,0,0,0,0,0,0,0]) = 2453
N(2h+12f, 9, [7,0,0,0,1,0,0,0,0,0,0,0], [0,0,0,0,0,0,0,0,0,0,0,0]) = 2452
N(2h+12f, 9, [6,3,0,0,0,0,0,0,0,0,0,0], [0,0,0,0,0,0,0,0,0,0,0,0]) = 2385
N(2h+12f, 9, [6,1,0,1,0,0,0,0,0,0,0,0], [0,0,0,0,0,0,0,0,0,0,0,0]) = 2383
N(2h+12f, 9, [6,0,2,0,0,0,0,0,0,0,0,0], [0,0,0,0,0,0,0,0,0,0,0,0]) = 2382
N(2h+12f, 9, [6,0,0,0,0,1,0,0,0,0,0,0], [0,0,0,0,0,0,0,0,0,0,0,0]) = 2382
N(2h+12f, 9, [5,2,1,0,0,0,0,0,0,0,0,0], [0,0,0,0,0,0,0,0,0,0,0,0]) = 2315
N(2h+12f, 9, [5,1,0,0,1,0,0,0,0,0,0,0], [0,0,0,0,0,0,0,0,0,0,0,0]) = 2314
N(2h+12f, 9, [5,0,1,1,0,0,0,0,0,0,0,0], [0,0,0,0,0,0,0,0,0,0,0,0]) = 2313
N(2h+12f, 9, [5,0,0,0,0,0,1,0,0,0,0,0], [0,0,0,0,0,0,0,0,0,0,0,0]) = 2313
N(2h+12f, 9, [4,4,0,0,0,0,0,0,0,0,0,0], [0,0,0,0,0,0,0,0,0,0,0,0]) = 2249
N(2h+12f, 9, [4,2,0,1,0,0,0,0,0,0,0,0], [0,0,0,0,0,0,0,0,0,0,0,0]) = 2247
N(2h+12f, 9, [4,1,2,0,0,0,0,0,0,0,0,0], [0,0,0,0,0,0,0,0,0,0,0,0]) = 2246
N(2h+12f, 9, [4,1,0,0,0,1,0,0,0,0,0,0], [0,0,0,0,0,0,0,0,0,0,0,0]) = 2246
N(2h+12f, 9, [4,0,1,0,1,0,0,0,0,0,0,0], [0,0,0,0,0,0,0,0,0,0,0,0]) = 2245
N(2h+12f, 9, [4,0,0,2,0,0,0,0,0,0,0,0], [0,0,0,0,0,0,0,0,0,0,0,0]) = 2245
N(2h+12f, 9, [4,0,0,0,0,0,0,1,0,0,0,0], [0,0,0,0,0,0,0,0,0,0,0,0]) = 2245
N(2h+12f, 9, [3,3,1,0,0,0,0,0,0,0,0,0], [0,0,0,0,0,0,0,0,0,0,0,0]) = 2181
N(2h+12f, 9, [3,2,0,0,1,0,0,0,0,0,0,0], [0,0,0,0,0,0,0,0,0,0,0,0]) = 2180
N(2h+12f, 9, [3,1,1,1,0,0,0,0,0,0,0,0], [0,0,0,0,0,0,0,0,0,0,0,0]) = 2179
N(2h+12f, 9, [3,1,0,0,0,0,1,0,0,0,0,0], [0,0,0,0,0,0,0,0,0,0,0,0]) = 2179
N(2h+12f, 9, [3,0,3,0,0,0,0,0,0,0,0,0], [0,0,0,0,0,0,0,0,0,0,0,0]) = 2178
N(2h+12f, 9, [3,0,1,0,0,1,0,0,0,0,0,0], [0,0,0,0,0,0,0,0,0,0,0,0]) = 2178
N(2h+12f, 9, [3,0,0,1,1,0,0,0,0,0,0,0], [0,0,0,0,0,0,0,0,0,0,0,0]) = 2178
N(2h+12f, 9, [3,0,0,0,0,0,0,0,1,0,0,0], [0,0,0,0,0,0,0,0,0,0,0,0]) = 2178
N(2h+12f, 9, [2,5,0,0,0,0,0,0,0,0,0,0], [0,0,0,0,0,0,0,0,0,0,0,0]) = 2117
N(2h+12f, 9, [2,3,0,1,0,0,0,0,0,0,0,0], [0,0,0,0,0,0,0,0,0,0,0,0]) = 2115
N(2h+12f, 9, [2,2,2,0,0,0,0,0,0,0,0,0], [0,0,0,0,0,0,0,0,0,0,0,0]) = 2114
N(2h+12f, 9, [2,2,0,0,0,1,0,0,0,0,0,0], [0,0,0,0,0,0,0,0,0,0,0,0]) = 2114
N(2h+12f, 9, [2,1,1,0,1,0,0,0,0,0,0,0], [0,0,0,0,0,0,0,0,0,0,0,0]) = 2113
N(2h+12f, 9, [2,1,0,2,0,0,0,0,0,0,0,0], [0,0,0,0,0,0,0,0,0,0,0,0]) = 2113
N(2h+12f, 9, [2,1,0,0,0,0,0,1,0,0,0,0], [0,0,0,0,0,0,0,0,0,0,0,0]) = 2113
N(2h+12f, 9, [2,0,2,1,0,0,0,0,0,0,0,0], [0,0,0,0,0,0,0,0,0,0,0,0]) = 2112
N(2h+12f, 9, [2,0,1,0,0,0,1,0,0,0,0,0], [0,0,0,0,0,0,0,0,0,0,0,0]) = 2112
N(2h+12f, 9, [2,0,0,1,0,1,0,0,0,0,0,0], [0,0,0,0,0,0,0,0,0,0,0,0]) = 2112
N(2h+12f, 9, [2,0,0,0,2,0,0,0,0,0,0,0], [0,0,0,0,0,0,0,0,0,0,0,0]) = 2112
N(2h+12f, 9, [2,0,0,0,0,0,0,0,0,1,0,0], [0,0,0,0,0,0,0,0,0,0,0,0]) = 2112
N(2h+12f, 9, [1,4,1,0,0,0,0,0,0,0,0,0], [0,0,0,0,0,0,0,0,0,0,0,0]) = 2051
N(2h+12f, 9, [1,3,0,0,1,0,0,0,0,0,0,0], [0,0,0,0,0,0,0,0,0,0,0,0]) = 2050
N(2h+12f, 9, [1,2,1,1,0,0,0,0,0,0,0,0], [0,0,0,0,0,0,0,0,0,0,0,0]) = 2049
N(2h+12f, 9, [1,2,0,0,0,0,1,0,0,0,0,0], [0,0,0,0,0,0,0,0,0,0,0,0]) = 2049
N(2h+12f, 9, [1,1,3,0,0,0,0,0,0,0,0,0], [0,0,0,0,0,0,0,0,0,0,0,0]) = 2048
N(2h+12f, 9, [1,1,1,0,0,1,0,0,0,0,0,0], [0,0,0,0,0,0,0,0,0,0,0,0]) = 2048
N(2h+12f, 9, [1,1,0,1,1,0,0,0,0,0,0,0], [0,0,0,0,0,0,0,0,0,0,0,0]) = 2048
N(2h+12f, 9, [1,1,0,0,0,0,0,0,1,0,0,0], [0,0,0,0,0,0,0,0,0,0,0,0]) = 2048
N(2h+12f, 9, [1,0,2,0,1,0,0,0,0,0,0,0], [0,0,0,0,0,0,0,0,0,0,0,0]) = 2047
N(2h+12f, 9, [1,0,1,2,0,0,0,0,0,0,0,0], [0,0,0,0,0,0,0,0,0,0,0,0]) = 2047
N(2h+12f, 9, [1,0,1,0,0,0,0,1,0,0,0,0], [0,0,0,0,0,0,0,0,0,0,0,0]) = 2047
N(2h+12f, 9, [1,0,0,1,0,0,1,0,0,0,0,0], [0,0,0,0,0,0,0,0,0,0,0,0]) = 2047
N(2h+12f, 9, [1,0,0,0,1,1,0,0,0,0,0,0], [0,0,0,0,0,0,0,0,0,0,0,0]) = 2047
N(2h+12f, 9, [1,0,0,0,0,0,0,0,0,0,1,0], [0,0,0,0,0,0,0,0,0,0,0,0]) = 2047
N(2h+12f, 9, [0,6,0,0,0,0,0,0,0,0,0,0], [0,0,0,0,0,0,0,0,0,0,0,0]) = 1989
N(2h+12f, 9, [0,4,0,1,0,0,0,0,0,0,0,0], [0,0,0,0,0,0,0,0,0,0,0,0]) = 1987
N(2h+12f, 9, [0,3,2,0,0,0,0,0,0,0,0,0], [0,0,0,0,0,0,0,0,0,0,0,0]) = 1986
N(2h+12f, 9, [0,3,0,0,0,1,0,0,0,0,0,0], [0,0,0,0,0,0,0,0,0,0,0,0]) = 1986
N(2h+12f, 9, [0,2,1,0,1,0,0,0,0,0,0,0], [0,0,0,0,0,0,0,0,0,0,0,0]) = 1985
N(2h+12f, 9, [0,2,0,2,0,0,0,0,0,0,0,0], [0,0,0,0,0,0,0,0,0,0,0,0]) = 1985
N(2h+12f, 9, [0,2,0,0,0,0,0,1,0,0,0,0], [0,0,0,0,0,0,0,0,0,0,0,0]) = 1985
N(2h+12f, 9, [0,1,2,1,0,0,0,0,0,0,0,0], [0,0,0,0,0,0,0,0,0,0,0,0]) = 1984
N(2h+12f, 9, [0,1,1,0,0,0,1,0,0,0,0,0], [0,0,0,0,0,0,0,0,0,0,0,0]) = 1984
N(2h+12f, 9, [0,1,0,1,0,1,0,0,0,0,0,0], [0,0,0,0,0,0,0,0,0,0,0,0]) = 1984
N(2h+12f, 9, [0,1,0,0,2,0,0,0,0,0,0,0], [0,0,0,0,0,0,0,0,0,0,0,0]) = 1984
N(2h+12f, 9, [0,1,0,0,0,0,0,0,0,1,0,0], [0,0,0,0,0,0,0,0,0,0,0,0]) = 1984
N(2h+12f, 9, [0,0,4,0,0,0,0,0,0,0,0,0], [0,0,0,0,0,0,0,0,0,0,0,0]) = 1983
N(2h+12f, 9, [0,0,2,0,0,1,0,0,0,0,0,0], [0,0,0,0,0,0,0,0,0,0,0,0]) = 1983
N(2h+12f, 9, [0,0,1,1,1,0,0,0,0,0,0,0], [0,0,0,0,0,0,0,0,0,0,0,0]) = 1983
N(2h+12f, 9, [0,0,1,0,0,0,0,0,1,0,0,0], [0,0,0,0,0,0,0,0,0,0,0,0]) = 1983
N(2h+12f, 9, [0,0,0,3,0,0,0,0,0,0,0,0], [0,0,0,0,0,0,0,0,0,0,0,0]) = 1983
N(2h+12f, 9, [0,0,0,1,0,0,0,1,0,0,0,0], [0,0,0,0,0,0,0,0,0,0,0,0]) = 1983
N(2h+12f, 9, [0,0,0,0,1,0,1,0,0,0,0,0], [0,0,0,0,0,0,0,0,0,0,0,0]) = 1983
N(2h+12f, 9, [0,0,0,0,0,2,0,0,0,0,0,0], [0,0,0,0,0,0,0,0,0,0,0,0]) = 1983
N(2h+12f, 9, [0,0,0,0,0,0,0,0,0,0,0,1], [0,0,0,0,0,0,0,0,0,0,0,0]) = 1983
N(2h+12f, 9, [11,0,0,0,0,0,0,0,0,0,0,0], [1,0,0,0,0,0,0,0,0,0,0,0]) = 3666
N(2h+12f, 9, [9,1,0,0,0,0,0,0,0,0,0,0], [1,0,0,0,0,0,0,0,0,0,0,0]) = 3496
N(2h+12f, 9, [8,0,1,0,0,0,0,0,0,0,0,0], [1,0,0,0,0,0,0,0,0,0,0,0]) = 3411
N(2h+12f, 9, [7,2,0,0,0,0,0,0,0,0,0,0], [1,0,0,0,0,0,0,0,0,0,0,0]) = 3330
N(2h+12f, 9, [7,0,0,1,0,0,0,0,0,0,0,0], [1,0,0,0,0,0,0,0,0,0,0,0]) = 3328
N(2h+12f, 9, [6,1,1,0,0,0,0,0,0,0,0,0], [1,0,0,0,0,0,0,0,0,0,0,0]) = 3247
N(2h+12f, 9, [6,0,0,0,1,0,0,0,0,0,0,0], [1,0,0,0,0,0,0,0,0,0,0,0]) = 3246
N(2h+12f, 9, [5,3,0,0,0,0,0,0,0,0,0,0], [1,0,0,0,0,0,0,0,0,0,0,0]) = 3168
N(2h+12f, 9, [5,1,0,1,0,0,0,0,0,0,0,0], [1,0,0,0,0,0,0,0,0,0,0,0]) = 3166
N(2h+12f, 9, [5,0,2,0,0,0,0,0,0,0,0,0], [1,0,0,0,0,0,0,0,0,0,0,0]) = 3165
N(2h+12f, 9, [5,0,0,0,0,1,0,0,0,0,0,0], [1,0,0,0,0,0,0,0,0,0,0,0]) = 3165
N(2h+12f, 9, [4,2,1,0,0,0,0,0,0,0,0,0], [1,0,0,0,0,0,0,0,0,0,0,0]) = 3087
N(2h+12f, 9, [4,1,0,0,1,0,0,0,0,0,0,0], [1,0,0,0,0,0,0,0,0,0,0,0]) = 3086
N(2h+12f, 9, [4,0,1,1,0,0,0,0,0,0,0,0], [1,0,0,0,0,0,0,0,0,0,0,0]) = 3085
N(2h+12f, 9, [4,0,0,0,0,0,1,0,0,0,0,0], [1,0,0,0,0,0,0,0,0,0,0,0]) = 3085
N(2h+12f, 9, [3,4,0,0,0,0,0,0,0,0,0,0], [1,0,0,0,0,0,0,0,0,0,0,0]) = 3010
N(2h+12f, 9, [3,2,0,1,0,0,0,0,0,0,0,0], [1,0,0,0,0,0,0,0,0,0,0,0]) = 3008
N(2h+12f, 9, [3,1,2,0,0,0,0,0,0,0,0,0], [1,0,0,0,0,0,0,0,0,0,0,0]) = 3007
N(2h+12f, 9, [3,1,0,0,0,1,0,0,0,0,0,0], [1,0,0,0,0,0,0,0,0,0,0,0]) = 3007
N(2h+12f, 9, [3,0,1,0,1,0,0,0,0,0,0,0], [1,0,0,0,0,0,0,0,0,0,0,0]) = 3006
N(2h+12f, 9, [3,0,0,2,0,0,0,0,0,0,0,0], [1,0,0,0,0,0,0,0,0,0,0,0]) = 3006
N(2h+12f, 9, [3,0,0,0,0,0,0,1,0,0,0,0], [1,0,0,0,0,0,0,0,0,0,0,0]) = 3006
N(2h+12f, 9, [2,3,1,0,0,0,0,0,0,0,0,0], [1,0,0,0,0,0,0,0,0,0,0,0]) = 2931
N(2h+12f, 9, [2,2,0,0,1,0,0,0,0,0,0,0], [1,0,0,0,0,0,0,0,0,0,0,0]) = 2930
N(2h+12f, 9, [2,1,1,1,0,0,0,0,0,0,0,0], [1,0,0,0,0,0,0,0,0,0,0,0]) = 2929
N(2h+12f, 9, [2,1,0,0,0,0,1,0,0,0,0,0], [1,0,0,0,0,0,0,0,0,0,0,0]) = 2929
N(2h+12f, 9, [2,0,3,0,0,0,0,0,0,0,0,0], [1,0,0,0,0,0,0,0,0,0,0,0]) = 2928
N(2h+12f, 9, [2,0,1,0,0,1,0,0,0,0,0,0], [1,0,0,0,0,0,0,0,0,0,0,0]) = 2928
N(2h+12f, 9, [2,0,0,1,1,0,0,0,0,0,0,0], [1,0,0,0,0,0,0,0,0,0,0,0]) = 2928
N(2h+12f, 9, [2,0,0,0,0,0,0,0,1,0,0,0], [1,0,0,0,0,0,0,0,0,0,0,0]) = 2928
N(2h+12f, 9, [1,5,0,0,0,0,0,0,0,0,0,0], [1,0,0,0,0,0,0,0,0,0,0,0]) = 2856
N(2h+12f, 9, [1,3,0,1,0,0,0,0,0,0,0,0], [1,0,0,0,0,0,0,0,0,0,0,0]) = 2854
N(2h+12f, 9, [1,2,2,0,0,0,0,0,0,0,0,0], [1,0,0,0,0,0,0,0,0,0,0,0]) = 2853
N(2h+12f, 9, [1,2,0,0,0,1,0,0,0,0,0,0], [1,0,0,0,0,0,0,0,0,0,0,0]) = 2853
N(2h+12f, 9, [1,1,1,0,1,0,0,0,0,0,0,0], [1,0,0,0,0,0,0,0,0,0,0,0]) = 2852
N(2h+12f, 9, [1,1,0,2,0,0,0,0,0,0,0,0], [1,0,0,0,0,0,0,0,0,0,0,0]) = 2852
N(2h+12f, 9, [1,1,0,0,0,0,0,1,0,0,0,0], [1,0,0,0,0,0,0,0,0,0,0,0]) = 2852
N(2h+12f, 9, [1,0,2,1,0,0,0,0,0,0,0,0], [1,0,0,0,0,0,0,0,0,0,0,0]) = 2851
N(2h+12f, 9, [1,0,1,0,0,0,1,0,0,0,0,0], [1,0,0,0,0,0,0,0,0,0,0,0]) = 2851
N(2h+12f, 9, [1,0,0,1,0,1,0,0,0,0,0,0], [1,0,0,0,0,0,0,0,0,0,0,0]) = 2851
N(2h+12f, 9, [1,0,0,0,2,0,0,0,0,0,0,0], [1,0,0,0,0,0,0,0,0,0,0,0]) = 2851
N(2h+12f, 9, [1,0,0,0,0,0,0,0,0,1,0,0], [1,0,0,0,0,0,0,0,0,0,0,0]) = 2851
N(2h+12f, 9, [0,4,1,0,0,0,0,0,0,0,0,0], [1,0,0,0,0,0,0,0,0,0,0,0]) = 2779
N(2h+12f, 9, [0,3,0,0,1,0,0,0,0,0,0,0], [1,0,0,0,0,0,0,0,0,0,0,0]) = 2778
N(2h+12f, 9, [0,2,1,1,0,0,0,0,0,0,0,0], [1,0,0,0,0,0,0,0,0,0,0,0]) = 2777
N(2h+12f, 9, [0,2,0,0,0,0,1,0,0,0,0,0], [1,0,0,0,0,0,0,0,0,0,0,0]) = 2777
N(2h+12f, 9, [0,1,3,0,0,0,0,0,0,0,0,0], [1,0,0,0,0,0,0,0,0,0,0,0]) = 2776
N(2h+12f, 9, [0,1,1,0,0,1,0,0,0,0,0,0], [1,0,0,0,0,0,0,0,0,0,0,0]) = 2776
N(2h+12f, 9, [0,1,0,1,1,0,0,0,0,0,0,0], [1,0,0,0,0,0,0,0,0,0,0,0]) = 2776
N(2h+12f, 9, [0,1,0,0,0,0,0,0,1,0,0,0], [1,0,0,0,0,0,0,0,0,0,0,0]) = 2776
N(2h+12f, 9, [0,0,2,0,1,0,0,0,0,0,0,0], [1,0,0,0,0,0,0,0,0,0,0,0]) = 2775
N(2h+12f, 9, [0,0,1,2,0,0,0,0,0,0,0,0], [1,0,0,0,0,0,0,0,0,0,0,0]) = 2775
N(2h+12f, 9, [0,0,1,0,0,0,0,1,0,0,0,0], [1,0,0,0,0,0,0,0,0,0,0,0]) = 2775
N(2h+12f, 9, [0,0,0,1,0,0,1,0,0,0,0,0], [1,0,0,0,0,0,0,0,0,0,0,0]) = 2775
N(2h+12f, 9, [0,0,0,0,1,1,0,0,0,0,0,0], [1,0,0,0,0,0,0,0,0,0,0,0]) = 2775
N(2h+12f, 9, [0,0,0,0,0,0,0,0,0,0,1,0], [1,0,0,0,0,0,0,0,0,0,0,0]) = 2775
N(2h+12f, 9, [10,0,0,0,0,0,0,0,0,0,0,0], [2,0,0,0,0,0,0,0,0,0,0,0]) = 3732
N(2h+12f, 9, [10,0,0,0,0,0,0,0,0,0,0,0], [0,1,0,0,0,0,0,0,0,0,0,0]) = 5360
N(2h+12f, 9, [8,1,0,0,0,0,0,0,0,0,0,0], [2,0,0,0,0,0,0,0,0,0,0,0]) = 3562
N(2h+12f, 9, [8,1,0,0,0,0,0,0,0,0,0,0], [0,1,0,0,0,0,0,0,0,0,0,0]) = 5072
N(2h+12f, 9, [7,0,1,0,0,0,0,0,0,0,0,0], [2,0,0,0,0,0,0,0,0,0,0,0]) = 3477
N(2h+12f, 9, [7,0,1,0,0,0,0,0,0,0,0,0], [0,1,0,0,0,0,0,0,0,0,0,0]) = 4928
N(2h+12f, 9, [6,2,0,0,0,0,0,0,0,0,0,0], [2,0,0,0,0,0,0,0,0,0,0,0]) = 3396
N(2h+12f, 9, [6,2,0,0,0,0,0,0,0,0,0,0], [0,1,0,0,0,0,0,0,0,0,0,0]) = 4792
N(2h+12f, 9, [6,0,0,1,0,0,0,0,0,0,0,0], [2,0,0,0,0,0,0,0,0,0,0,0]) = 3394
N(2h+12f, 9, [6,0,0,1,0,0,0,0,0,0,0,0], [0,1,0,0,0,0,0,0,0,0,0,0]) = 4788
N(2h+12f, 9, [5,1,1,0,0,0,0,0,0,0,0,0], [2,0,0,0,0,0,0,0,0,0,0,0]) = 3313
N(2h+12f, 9, [5,1,1,0,0,0,0,0,0,0,0,0], [0,1,0,0,0,0,0,0,0,0,0,0]) = 4652
N(2h+12f, 9, [5,0,0,0,1,0,0,0,0,0,0,0], [2,0,0,0,0,0,0,0,0,0,0,0]) = 3312
N(2h+12f, 9, [5,0,0,0,1,0,0,0,0,0,0,0], [0,1,0,0,0,0,0,0,0,0,0,0]) = 4650
N(2h+12f, 9, [4,3,0,0,0,0,0,0,0,0,0,0], [2,0,0,0,0,0,0,0,0,0,0,0]) = 3234
N(2h+12f, 9, [4,3,0,0,0,0,0,0,0,0,0,0], [0,1,0,0,0,0,0,0,0,0,0,0]) = 4520
N(2h+12f, 9, [4,1,0,1,0,0,0,0,0,0,0,0], [2,0,0,0,0,0,0,0,0,0,0,0]) = 3232
N(2h+12f, 9, [4,1,0,1,0,0,0,0,0,0,0,0], [0,1,0,0,0,0,0,0,0,0,0,0]) = 4516
N(2h+12f, 9, [4,0,2,0,0,0,0,0,0,0,0,0], [2,0,0,0,0,0,0,0,0,0,0,0]) = 3231
N(2h+12f, 9, [4,0,2,0,0,0,0,0,0,0,0,0], [0,1,0,0,0,0,0,0,0,0,0,0]) = 4514
N(2h+12f, 9, [4,0,0,0,0,1,0,0,0,0,0,0], [2,0,0,0,0,0,0,0,0,0,0,0]) = 3231
N(2h+12f, 9, [4,0,0,0,0,1,0,0,0,0,0,0], [0,1,0,0,0,0,0,0,0,0,0,0]) = 4514
N(2h+12f, 9, [3,2,1,0,0,0,0,0,0,0,0,0], [2,0,0,0,0,0,0,0,0,0,0,0]) = 3153
N(2h+12f, 9, [3,2,1,0,0,0,0,0,0,0,0,0], [0,1,0,0,0,0,0,0,0,0,0,0]) = 4384
N(2h+12f, 9, [3,1,0,0,1,0,0,0,0,0,0,0], [2,0,0,0,0,0,0,0,0,0,0,0]) = 3152
N(2h+12f, 9, [3,1,0,0,1,0,0,0,0,0,0,0], [0,1,0,0,0,0,0,0,0,0,0,0]) = 4382
N(2h+12f, 9, [3,0,1,1,0,0,0,0,0,0,0,0], [2,0,0,0,0,0,0,0,0,0,0,0]) = 3151
N(2h+12f, 9, [3,0,1,1,0,0,0,0,0,0,0,0], [0,1,0,0,0,0,0,0,0,0,0,0]) = 4380
N(2h+12f, 9, [3,0,0,0,0,0,1,0,0,0,0,0], [2,0,0,0,0,0,0,0,0,0,0,0]) = 3151
N(2h+12f, 9, [3,0,0,0,0,0,1,0,0,0,0,0], [0,1,0,0,0,0,0,0,0,0,0,0]) = 4380
N(2h+12f, 9, [2,4,0,0,0,0,0,0,0,0,0,0], [2,0,0,0,0,0,0,0,0,0,0,0]) = 3076
N(2h+12f, 9, [2,4,0,0,0,0,0,0,0,0,0,0], [0,1,0,0,0,0,0,0,0,0,0,0]) = 4256
N(2h+12f, 9, [2,2,0,1,0,0,0,0,0,0,0,0], [2,0,0,0,0,0,0,0,0,0,0,0]) = 3074
N(2h+12f, 9, [2,2,0,1,0,0,0,0,0,0,0,0], [0,1,0,0,0,0,0,0,0,0,0,0]) = 4252
N(2h+12f, 9, [2,1,2,0,0,0,0,0,0,0,0,0], [2,0,0,0,0,0,0,0,0,0,0,0]) = 3073
N(2h+12f, 9, [2,1,2,0,0,0,0,0,0,0,0,0], [0,1,0,0,0,0,0,0,0,0,0,0]) = 4250
N(2h+12f, 9, [2,1,0,0,0,1,0,0,0,0,0,0], [2,0,0,0,0,0,0,0,0,0,0,0]) = 3073
N(2h+12f, 9, [2,1,0,0,0,1,0,0,0,0,0,0], [0,1,0,0,0,0,0,0,0,0,0,0]) = 4250
N(2h+12f, 9, [2,0,1,0,1,0,0,0,0,0,0,0], [2,0,0,0,0,0,0,0,0,0,0,0]) = 3072
N(2h+12f, 9, [2,0,1,0,1,0,0,0,0,0,0,0], [0,1,0,0,0,0,0,0,0,0,0,0]) = 4248
N(2h+12f, 9, [2,0,0,2,0,0,0,0,0,0,0,0], [2,0,0,0,0,0,0,0,0,0,0,0]) = 3072
N(2h+12f, 9, [2,0,0,2,0,0,0,0,0,0,0,0], [0,1,0,0,0,0,0,0,0,0,0,0]) = 4248
N(2h+12f, 9, [2,0,0,0,0,0,0,1,0,0,0,0], [2,0,0,0,0,0,0,0,0,0,0,0]) = 3072
N(2h+12f, 9, [2,0,0,0,0,0,0,1,0,0,0,0], [0,1,0,0,0,0,0,0,0,0,0,0]) = 4248
N(2h+12f, 9, [1,3,1,0,0,0,0,0,0,0,0,0], [2,0,0,0,0,0,0,0,0,0,0,0]) = 2997
N(2h+12f, 9, [1,3,1,0,0,0,0,0,0,0,0,0], [0,1,0,0,0,0,0,0,0,0,0,0]) = 4124
N(2h+12f, 9, [1,2,0,0,1,0,0,0,0,0,0,0], [2,0,0,0,0,0,0,0,0,0,0,0]) = 2996
N(2h+12f, 9, [1,2,0,0,1,0,0,0,0,0,0,0], [0,1,0,0,0,0,0,0,0,0,0,0]) = 4122
N(2h+12f, 9, [1,1,1,1,0,0,0,0,0,0,0,0], [2,0,0,0,0,0,0,0,0,0,0,0]) = 2995
N(2h+12f, 9, [1,1,1,1,0,0,0,0,0,0,0,0], [0,1,0,0,0,0,0,0,0,0,0,0]) = 4120
N(2h+12f, 9, [1,1,0,0,0,0,1,0,0,0,0,0], [2,0,0,0,0,0,0,0,0,0,0,0]) = 2995
N(2h+12f, 9, [1,1,0,0,0,0,1,0,0,0,0,0], [0,1,0,0,0,0,0,0,0,0,0,0]) = 4120
N(2h+12f, 9, [1,0,3,0,0,0,0,0,0,0,0,0], [2,0,0,0,0,0,0,0,0,0,0,0]) = 2994
N(2h+12f, 9, [1,0,3,0,0,0,0,0,0,0,0,0], [0,1,0,0,0,0,0,0,0,0,0,0]) = 4118
N(2h+12f, 9, [1,0,1,0,0,1,0,0,0,0,0,0], [2,0,0,0,0,0,0,0,0,0,0,0]) = 2994
N(2h+12f, 9, [1,0,1,0,0,1,0,0,0,0,0,0], [0,1,0,0,0,0,0,0,0,0,0,0]) = 4118
N(2h+12f, 9, [1,0,0,1,1,0,0,0,0,0,0,0], [2,0,0,0,0,0,0,0,0,0,0,0]) = 2994
N(2h+12f, 9, [1,0,0,1,1,0,0,0,0,0,0,0], [0,1,0,0,0,0,0,0,0,0,0,0]) = 4118
N(2h+12f, 9, [1,0,0,0,0,0,0,0,1,0,0,0], [2,0,0,0,0,0,0,0,0,0,0,0]) = 2994
N(2h+12f, 9, [1,0,0,0,0,0,0,0,1,0,0,0], [0,1,0,0,0,0,0,0,0,0,0,0]) = 4118
N(2h+12f, 9, [0,5,0,0,0,0,0,0,0,0,0,0], [2,0,0,0,0,0,0,0,0,0,0,0]) = 2922
N(2h+12f, 9, [0,5,0,0,0,0,0,0,0,0,0,0], [0,1,0,0,0,0,0,0,0,0,0,0]) = 4000
N(2h+12f, 9, [0,3,0,1,0,0,0,0,0,0,0,0], [2,0,0,0,0,0,0,0,0,0,0,0]) = 2920
N(2h+12f, 9, [0,3,0,1,0,0,0,0,0,0,0,0], [0,1,0,0,0,0,0,0,0,0,0,0]) = 3996
N(2h+12f, 9, [0,2,2,0,0,0,0,0,0,0,0,0], [2,0,0,0,0,0,0,0,0,0,0,0]) = 2919
N(2h+12f, 9, [0,2,2,0,0,0,0,0,0,0,0,0], [0,1,0,0,0,0,0,0,0,0,0,0]) = 3994
N(2h+12f, 9, [0,2,0,0,0,1,0,0,0,0,0,0], [2,0,0,0,0,0,0,0,0,0,0,0]) = 2919
N(2h+12f, 9, [0,2,0,0,0,1,0,0,0,0,0,0], [0,1,0,0,0,0,0,0,0,0,0,0]) = 3994
N(2h+12f, 9, [0,1,1,0,1,0,0,0,0,0,0,0], [2,0,0,0,0,0,0,0,0,0,0,0]) = 2918
N(2h+12f, 9, [0,1,1,0,1,0,0,0,0,0,0,0], [0,1,0,0,0,0,0,0,0,0,0,0]) = 3992
N(2h+12f, 9, [0,1,0,2,0,0,0,0,0,0,0,0], [2,0,0,0,0,0,0,0,0,0,0,0]) = 2918
N(2h+12f, 9, [0,1,0,2,0,0,0,0,0,0,0,0], [0,1,0,0,0,0,0,0,0,0,0,0]) = 3992
N(2h+12f, 9, [0,1,0,0,0,0,0,1,0,0,0,0], [2,0,0,0,0,0,0,0,0,0,0,0]) = 2918
N(2h+12f, 9, [0,1,0,0,0,0,0,1,0,0,0,0], [0,1,0,0,0,0,0,0,0,0,0,0]) = 3992
N(2h+12f, 9, [0,0,2,1,0,0,0,0,0,0,0,0], [2,0,0,0,0,0,0,0,0,0,0,0]) = 2917
N(2h+12f, 9, [0,0,2,1,0,0,0,0,0,0,0,0], [0,1,0,0,0,0,0,0,0,0,0,0]) = 3990
N(2h+12f, 9, [0,0,1,0,0,0,1,0,0,0,0,0], [2,0,0,0,0,0,0,0,0,0,0,0]) = 2917
N(2h+12f, 9, [0,0,1,0,0,0,1,0,0,0,0,0], [0,1,0,0,0,0,0,0,0,0,0,0]) = 3990
N(2h+12f, 9, [0,0,0,1,0,1,0,0,0,0,0,0], [2,0,0,0,0,0,0,0,0,0,0,0]) = 2917
N(2h+12f, 9, [0,0,0,1,0,1,0,0,0,0,0,0], [0,1,0,0,0,0,0,0,0,0,0,0]) = 3990
N(2h+12f, 9, [0,0,0,0,2,0,0,0,0,0,0,0], [2,0,0,0,0,0,0,0,0,0,0,0]) = 2917
N(2h+12f, 9, [0,0,0,0,2,0,0,0,0,0,0,0], [0,1,0,0,0,0,0,0,0,0,0,0]) = 3990
N(2h+12f, 9, [0,0,0,0,0,0,0,0,0,1,0,0], [2,0,0,0,0,0,0,0,0,0,0,0]) = 2917
N(2h+12f, 9, [0,0,0,0,0,0,0,0,0,1,0,0], [0,1,0,0,0,0,0,0,0,0,0,0]) = 3990
N(2h+12f, 9, [9,0,0,0,0,0,0,0,0,0,0,0], [3,0,0,0,0,0,0,0,0,0,0,0]) = 3732
N(2h+12f, 9, [9,0,0,0,0,0,0,0,0,0,0,0], [1,1,0,0,0,0,0,0,0,0,0,0]) = 12352
N(2h+12f, 9, [9,0,0,0,0,0,0,0,0,0,0,0], [0,0,1,0,0,0,0,0,0,0,0,0]) = 7785
N(2h+12f, 9, [7,1,0,0,0,0,0,0,0,0,0,0], [3,0,0,0,0,0,0,0,0,0,0,0]) = 3562
N(2h+12f, 9, [7,1,0,0,0,0,0,0,0,0,0,0], [1,1,0,0,0,0,0,0,0,0,0,0]) = 11732
N(2h+12f, 9, [7,1,0,0,0,0,0,0,0,0,0,0], [0,0,1,0,0,0,0,0,0,0,0,0]) = 7359
N(2h+12f, 9, [6,0,1,0,0,0,0,0,0,0,0,0], [3,0,0,0,0,0,0,0,0,0,0,0]) = 3477
N(2h+12f, 9, [6,0,1,0,0,0,0,0,0,0,0,0], [1,1,0,0,0,0,0,0,0,0,0,0]) = 11422
N(2h+12f, 9, [6,0,1,0,0,0,0,0,0,0,0,0], [0,0,1,0,0,0,0,0,0,0,0,0]) = 7146
N(2h+12f, 9, [5,2,0,0,0,0,0,0,0,0,0,0], [3,0,0,0,0,0,0,0,0,0,0,0]) = 3396
N(2h+12f, 9, [5,2,0,0,0,0,0,0,0,0,0,0], [1,1,0,0,0,0,0,0,0,0,0,0]) = 11128
N(2h+12f, 9, [5,2,0,0,0,0,0,0,0,0,0,0], [0,0,1,0,0,0,0,0,0,0,0,0]) = 6945
N(2h+12f, 9, [5,0,0,1,0,0,0,0,0,0,0,0], [3,0,0,0,0,0,0,0,0,0,0,0]) = 3394
N(2h+12f, 9, [5,0,0,1,0,0,0,0,0,0,0,0], [1,1,0,0,0,0,0,0,0,0,0,0]) = 11120
N(2h+12f, 9, [5,0,0,1,0,0,0,0,0,0,0,0], [0,0,1,0,0,0,0,0,0,0,0,0]) = 6939
N(2h+12f, 9, [4,1,1,0,0,0,0,0,0,0,0,0], [3,0,0,0,0,0,0,0,0,0,0,0]) = 3313
N(2h+12f, 9, [4,1,1,0,0,0,0,0,0,0,0,0], [1,1,0,0,0,0,0,0,0,0,0,0]) = 10826
N(2h+12f, 9, [4,1,1,0,0,0,0,0,0,0,0,0], [0,0,1,0,0,0,0,0,0,0,0,0]) = 6738
N(2h+12f, 9, [4,0,0,0,1,0,0,0,0,0,0,0], [3,0,0,0,0,0,0,0,0,0,0,0]) = 3312
N(2h+12f, 9, [4,0,0,0,1,0,0,0,0,0,0,0], [1,1,0,0,0,0,0,0,0,0,0,0]) = 10822
N(2h+12f, 9, [4,0,0,0,1,0,0,0,0,0,0,0], [0,0,1,0,0,0,0,0,0,0,0,0]) = 6735
N(2h+12f, 9, [3,3,0,0,0,0,0,0,0,0,0,0], [3,0,0,0,0,0,0,0,0,0,0,0]) = 3234
N(2h+12f, 9, [3,3,0,0,0,0,0,0,0,0,0,0], [1,1,0,0,0,0,0,0,0,0,0,0]) = 10540
N(2h+12f, 9, [3,3,0,0,0,0,0,0,0,0,0,0], [0,0,1,0,0,0,0,0,0,0,0,0]) = 6543
N(2h+12f, 9, [3,1,0,1,0,0,0,0,0,0,0,0], [3,0,0,0,0,0,0,0,0,0,0,0]) = 3232
N(2h+12f, 9, [3,1,0,1,0,0,0,0,0,0,0,0], [1,1,0,0,0,0,0,0,0,0,0,0]) = 10532
N(2h+12f, 9, [3,1,0,1,0,0,0,0,0,0,0,0], [0,0,1,0,0,0,0,0,0,0,0,0]) = 6537
N(2h+12f, 9, [3,0,2,0,0,0,0,0,0,0,0,0], [3,0,0,0,0,0,0,0,0,0,0,0]) = 3231
N(2h+12f, 9, [3,0,2,0,0,0,0,0,0,0,0,0], [1,1,0,0,0,0,0,0,0,0,0,0]) = 10528
N(2h+12f, 9, [3,0,2,0,0,0,0,0,0,0,0,0], [0,0,1,0,0,0,0,0,0,0,0,0]) = 6534
N(2h+12f, 9, [3,0,0,0,0,1,0,0,0,0,0,0], [3,0,0,0,0,0,0,0,0,0,0,0]) = 3231
N(2h+12f, 9, [3,0,0,0,0,1,0,0,0,0,0,0], [1,1,0,0,0,0,0,0,0,0,0,0]) = 10528
N(2h+12f, 9, [3,0,0,0,0,1,0,0,0,0,0,0], [0,0,1,0,0,0,0,0,0,0,0,0]) = 6534
N(2h+12f, 9, [2,2,1,0,0,0,0,0,0,0,0,0], [3,0,0,0,0,0,0,0,0,0,0,0]) = 3153
N(2h+12f, 9, [2,2,1,0,0,0,0,0,0,0,0,0], [1,1,0,0,0,0,0,0,0,0,0,0]) = 10246
N(2h+12f, 9, [2,2,1,0,0,0,0,0,0,0,0,0], [0,0,1,0,0,0,0,0,0,0,0,0]) = 6342
N(2h+12f, 9, [2,1,0,0,1,0,0,0,0,0,0,0], [3,0,0,0,0,0,0,0,0,0,0,0]) = 3152
N(2h+12f, 9, [2,1,0,0,1,0,0,0,0,0,0,0], [1,1,0,0,0,0,0,0,0,0,0,0]) = 10242
N(2h+12f, 9, [2,1,0,0,1,0,0,0,0,0,0,0], [0,0,1,0,0,0,0,0,0,0,0,0]) = 6339
N(2h+12f, 9, [2,0,1,1,0,0,0,0,0,0,0,0], [3,0,0,0,0,0,0,0,0,0,0,0]) = 3151
N(2h+12f, 9, [2,0,1,1,0,0,0,0,0,0,0,0], [1,1,0,0,0,0,0,0,0,0,0,0]) = 10238
N(2h+12f, 9, [2,0,1,1,0,0,0,0,0,0,0,0], [0,0,1,0,0,0,0,0,0,0,0,0]) = 6336
N(2h+12f, 9, [2,0,0,0,0,0,1,0,0,0,0,0], [3,0,0,0,0,0,0,0,0,0,0,0]) = 3151
N(2h+12f, 9, [2,0,0,0,0,0,1,0,0,0,0,0], [1,1,0,0,0,0,0,0,0,0,0,0]) = 10238
N(2h+12f, 9, [2,0,0,0,0,0,1,0,0,0,0,0], [0,0,1,0,0,0,0,0,0,0,0,0]) = 6336
N(2h+12f, 9, [1,4,0,0,0,0,0,0,0,0,0,0], [3,0,0,0,0,0,0,0,0,0,0,0]) = 3076
N(2h+12f, 9, [1,4,0,0,0,0,0,0,0,0,0,0], [1,1,0,0,0,0,0,0,0,0,0,0]) = 9968
N(2h+12f, 9, [1,4,0,0,0,0,0,0,0,0,0,0], [0,0,1,0,0,0,0,0,0,0,0,0]) = 6153
N(2h+12f, 9, [1,2,0,1,0,0,0,0,0,0,0,0], [3,0,0,0,0,0,0,0,0,0,0,0]) = 3074
N(2h+12f, 9, [1,2,0,1,0,0,0,0,0,0,0,0], [1,1,0,0,0,0,0,0,0,0,0,0]) = 9960
N(2h+12f, 9, [1,2,0,1,0,0,0,0,0,0,0,0], [0,0,1,0,0,0,0,0,0,0,0,0]) = 6147
N(2h+12f, 9, [1,1,2,0,0,0,0,0,0,0,0,0], [3,0,0,0,0,0,0,0,0,0,0,0]) = 3073
N(2h+12f, 9, [1,1,2,0,0,0,0,0,0,0,0,0], [1,1,0,0,0,0,0,0,0,0,0,0]) = 9956
N(2h+12f, 9, [1,1,2,0,0,0,0,0,0,0,0,0], [0,0,1,0,0,0,0,0,0,0,0,0]) = 6144
N(2h+12f, 9, [1,1,0,0,0,1,0,0,0,0,0,0], [3,0,0,0,0,0,0,0,0,0,0,0]) = 3073
N(2h+12f, 9, [1,1,0,0,0,1,0,0,0,0,0,0], [1,1,0,0,0,0,0,0,0,0,0,0]) = 9956
N(2h+12f, 9, [1,1,0,0,0,1,0,0,0,0,0,0], [0,0,1,0,0,0,0,0,0,0,0,0]) = 6144
N(2h+12f, 9, [1,0,1,0,1,0,0,0,0,0,0,0], [3,0,0,0,0,0,0,0,0,0,0,0]) = 3072
N(2h+12f, 9, [1,0,1,0,1,0,0,0,0,0,0,0], [1,1,0,0,0,0,0,0,0,0,0,0]) = 9952
N(2h+12f, 9, [1,0,1,0,1,0,0,0,0,0,0,0], [0,0,1,0,0,0,0,0,0,0,0,0]) = 6141
N(2h+12f, 9, [1,0,0,2,0,0,0,0,0,0,0,0], [3,0,0,0,0,0,0,0,0,0,0,0]) = 3072
N(2h+12f, 9, [1,0,0,2,0,0,0,0,0,0,0,0], [1,1,0,0,0,0,0,0,0,0,0,0]) = 9952
N(2h+12f, 9, [1,0,0,2,0,0,0,0,0,0,0,0], [0,0,1,0,0,0,0,0,0,0,0,0]) = 6141
N(2h+12f, 9, [1,0,0,0,0,0,0,1,0,0,0,0], [3,0,0,0,0,0,0,0,0,0,0,0]) = 3072
N(2h+12f, 9, [1,0,0,0,0,0,0,1,0,0,0,0], [1,1,0,0,0,0,0,0,0,0,0,0]) = 9952
N(2h+12f, 9, [1,0,0,0,0,0,0,1,0,0,0,0], [0,0,1,0,0,0,0,0,0,0,0,0]) = 6141
N(2h+12f, 9, [0,3,1,0,0,0,0,0,0,0,0,0], [3,0,0,0,0,0,0,0,0,0,0,0]) = 2997
N(2h+12f, 9, [0,3,1,0,0,0,0,0,0,0,0,0], [1,1,0,0,0,0,0,0,0,0,0,0]) = 9682
N(2h+12f, 9, [0,3,1,0,0,0,0,0,0,0,0,0], [0,0,1,0,0,0,0,0,0,0,0,0]) = 5958
N(2h+12f, 9, [0,2,0,0,1,0,0,0,0,0,0,0], [3,0,0,0,0,0,0,0,0,0,0,0]) = 2996
N(2h+12f, 9, [0,2,0,0,1,0,0,0,0,0,0,0], [1,1,0,0,0,0,0,0,0,0,0,0]) = 9678
N(2h+12f, 9, [0,2,0,0,1,0,0,0,0,0,0,0], [0,0,1,0,0,0,0,0,0,0,0,0]) = 5955
N(2h+12f, 9, [0,1,1,1,0,0,0,0,0,0,0,0], [3,0,0,0,0,0,0,0,0,0,0,0]) = 2995
N(2h+12f, 9, [0,1,1,1,0,0,0,0,0,0,0,0], [1,1,0,0,0,0,0,0,0,0,0,0]) = 9674
N(2h+12f, 9, [0,1,1,1,0,0,0,0,0,0,0,0], [0,0,1,0,0,0,0,0,0,0,0,0]) = 5952
N(2h+12f, 9, [0,1,0,0,0,0,1,0,0,0,0,0], [3,0,0,0,0,0,0,0,0,0,0,0]) = 2995
N(2h+12f, 9, [0,1,0,0,0,0,1,0,0,0,0,0], [1,1,0,0,0,0,0,0,0,0,0,0]) = 9674
N(2h+12f, 9, [0,1,0,0,0,0,1,0,0,0,0,0], [0,0,1,0,0,0,0,0,0,0,0,0]) = 5952
N(2h+12f, 9, [0,0,3,0,0,0,0,0,0,0,0,0], [3,0,0,0,0,0,0,0,0,0,0,0]) = 2994
N(2h+12f, 9, [0,0,3,0,0,0,0,0,0,0,0,0], [1,1,0,0,0,0,0,0,0,0,0,0]) = 9670
N(2h+12f, 9, [0,0,3,0,0,0,0,0,0,0,0,0], [0,0,1,0,0,0,0,0,0,0,0,0]) = 5949
N(2h+12f, 9, [0,0,1,0,0,1,0,0,0,0,0,0], [3,0,0,0,0,0,0,0,0,0,0,0]) = 2994
N(2h+12f, 9, [0,0,1,0,0,1,0,0,0,0,0,0], [1,1,0,0,0,0,0,0,0,0,0,0]) = 9670
N(2h+12f, 9, [0,0,1,0,0,1,0,0,0,0,0,0], [0,0,1,0,0,0,0,0,0,0,0,0]) = 5949
N(2h+12f, 9, [0,0,0,1,1,0,0,0,0,0,0,0], [3,0,0,0,0,0,0,0,0,0,0,0]) = 2994
N(2h+12f, 9, [0,0,0,1,1,0,0,0,0,0,0,0], [1,1,0,0,0,0,0,0,0,0,0,0]) = 9670
N(2h+12f, 9, [0,0,0,1,1,0,0,0,0,0,0,0], [0,0,1,0,0,0,0,0,0,0,0,0]) = 5949
N(2h+12f, 9, [0,0,0,0,0,0,0,0,1,0,0,0], [3,0,0,0,0,0,0,0,0,0,0,0]) = 2994
N(2h+12f, 9, [0,0,0,0,0,0,0,0,1,0,0,0], [1,1,0,0,0,0,0,0,0,0,0,0]) = 9670
N(2h+12f, 9, [0,0,0,0,0,0,0,0,1,0,0,0], [0,0,1,0,0,0,0,0,0,0,0,0]) = 5949
N(2h+12f, 9, [8,0,0,0,0,0,0,0,0,0,0,0], [4,0,0,0,0,0,0,0,0,0,0,0]) = 3732
N(2h+12f, 9, [8,0,0,0,0,0,0,0,0,0,0,0], [2,1,0,0,0,0,0,0,0,0,0,0]) = 19476
N(2h+12f, 9, [8,0,0,0,0,0,0,0,0,0,0,0], [1,0,1,0,0,0,0,0,0,0,0,0]) = 18018
N(2h+12f, 9, [8,0,0,0,0,0,0,0,0,0,0,0], [0,2,0,0,0,0,0,0,0,0,0,0]) = 10144
N(2h+12f, 9, [8,0,0,0,0,0,0,0,0,0,0,0], [0,0,0,1,0,0,0,0,0,0,0,0]) = 10092
N(2h+12f, 9, [6,1,0,0,0,0,0,0,0,0,0,0], [4,0,0,0,0,0,0,0,0,0,0,0]) = 3562
N(2h+12f, 9, [6,1,0,0,0,0,0,0,0,0,0,0], [2,1,0,0,0,0,0,0,0,0,0,0]) = 18524
N(2h+12f, 9, [6,1,0,0,0,0,0,0,0,0,0,0], [1,0,1,0,0,0,0,0,0,0,0,0]) = 17100
N(2h+12f, 9, [6,1,0,0,0,0,0,0,0,0,0,0], [0,2,0,0,0,0,0,0,0,0,0,0]) = 9584
N(2h+12f, 9, [6,1,0,0,0,0,0,0,0,0,0,0], [0,0,0,1,0,0,0,0,0,0,0,0]) = 9532
N(2h+12f, 9, [5,0,1,0,0,0,0,0,0,0,0,0], [4,0,0,0,0,0,0,0,0,0,0,0]) = 3477
N(2h+12f, 9, [5,0,1,0,0,0,0,0,0,0,0,0], [2,1,0,0,0,0,0,0,0,0,0,0]) = 18048
N(2h+12f, 9, [5,0,1,0,0,0,0,0,0,0,0,0], [1,0,1,0,0,0,0,0,0,0,0,0]) = 16641
N(2h+12f, 9, [5,0,1,0,0,0,0,0,0,0,0,0], [0,2,0,0,0,0,0,0,0,0,0,0]) = 9304
N(2h+12f, 9, [5,0,1,0,0,0,0,0,0,0,0,0], [0,0,0,1,0,0,0,0,0,0,0,0]) = 9252
N(2h+12f, 9, [4,2,0,0,0,0,0,0,0,0,0,0], [4,0,0,0,0,0,0,0,0,0,0,0]) = 3396
N(2h+12f, 9, [4,2,0,0,0,0,0,0,0,0,0,0], [2,1,0,0,0,0,0,0,0,0,0,0]) = 17596
N(2h+12f, 9, [4,2,0,0,0,0,0,0,0,0,0,0], [1,0,1,0,0,0,0,0,0,0,0,0]) = 16206
N(2h+12f, 9, [4,2,0,0,0,0,0,0,0,0,0,0], [0,2,0,0,0,0,0,0,0,0,0,0]) = 9040
N(2h+12f, 9, [4,2,0,0,0,0,0,0,0,0,0,0], [0,0,0,1,0,0,0,0,0,0,0,0]) = 8988
N(2h+12f, 9, [4,0,0,1,0,0,0,0,0,0,0,0], [4,0,0,0,0,0,0,0,0,0,0,0]) = 3394
N(2h+12f, 9, [4,0,0,1,0,0,0,0,0,0,0,0], [2,1,0,0,0,0,0,0,0,0,0,0]) = 17584
N(2h+12f, 9, [4,0,0,1,0,0,0,0,0,0,0,0], [1,0,1,0,0,0,0,0,0,0,0,0]) = 16194
N(2h+12f, 9, [4,0,0,1,0,0,0,0,0,0,0,0], [0,2,0,0,0,0,0,0,0,0,0,0]) = 9032
N(2h+12f, 9, [4,0,0,1,0,0,0,0,0,0,0,0], [0,0,0,1,0,0,0,0,0,0,0,0]) = 8980
N(2h+12f, 9, [3,1,1,0,0,0,0,0,0,0,0,0], [4,0,0,0,0,0,0,0,0,0,0,0]) = 3313
N(2h+12f, 9, [3,1,1,0,0,0,0,0,0,0,0,0], [2,1,0,0,0,0,0,0,0,0,0,0]) = 17132
N(2h+12f, 9, [3,1,1,0,0,0,0,0,0,0,0,0], [1,0,1,0,0,0,0,0,0,0,0,0]) = 15759
N(2h+12f, 9, [3,1,1,0,0,0,0,0,0,0,0,0], [0,2,0,0,0,0,0,0,0,0,0,0]) = 8768
N(2h+12f, 9, [3,1,1,0,0,0,0,0,0,0,0,0], [0,0,0,1,0,0,0,0,0,0,0,0]) = 8716
N(2h+12f, 9, [3,0,0,0,1,0,0,0,0,0,0,0], [4,0,0,0,0,0,0,0,0,0,0,0]) = 3312
N(2h+12f, 9, [3,0,0,0,1,0,0,0,0,0,0,0], [2,1,0,0,0,0,0,0,0,0,0,0]) = 17126
N(2h+12f, 9, [3,0,0,0,1,0,0,0,0,0,0,0], [1,0,1,0,0,0,0,0,0,0,0,0]) = 15753
N(2h+12f, 9, [3,0,0,0,1,0,0,0,0,0,0,0], [0,2,0,0,0,0,0,0,0,0,0,0]) = 8764
N(2h+12f, 9, [3,0,0,0,1,0,0,0,0,0,0,0], [0,0,0,1,0,0,0,0,0,0,0,0]) = 8712
N(2h+12f, 9, [2,3,0,0,0,0,0,0,0,0,0,0], [4,0,0,0,0,0,0,0,0,0,0,0]) = 3234
N(2h+12f, 9, [2,3,0,0,0,0,0,0,0,0,0,0], [2,1,0,0,0,0,0,0,0,0,0,0]) = 16692
N(2h+12f, 9, [2,3,0,0,0,0,0,0,0,0,0,0], [1,0,1,0,0,0,0,0,0,0,0,0]) = 15336
N(2h+12f, 9, [2,3,0,0,0,0,0,0,0,0,0,0], [0,2,0,0,0,0,0,0,0,0,0,0]) = 8512
N(2h+12f, 9, [2,3,0,0,0,0,0,0,0,0,0,0], [0,0,0,1,0,0,0,0,0,0,0,0]) = 8460
N(2h+12f, 9, [2,1,0,1,0,0,0,0,0,0,0,0], [4,0,0,0,0,0,0,0,0,0,0,0]) = 3232
N(2h+12f, 9, [2,1,0,1,0,0,0,0,0,0,0,0], [2,1,0,0,0,0,0,0,0,0,0,0]) = 16680
N(2h+12f, 9, [2,1,0,1,0,0,0,0,0,0,0,0], [1,0,1,0,0,0,0,0,0,0,0,0]) = 15324
N(2h+12f, 9, [2,1,0,1,0,0,0,0,0,0,0,0], [0,2,0,0,0,0,0,0,0,0,0,0]) = 8504
N(2h+12f, 9, [2,1,0,1,0,0,0,0,0,0,0,0], [0,0,0,1,0,0,0,0,0,0,0,0]) = 8452
N(2h+12f, 9, [2,0,2,0,0,0,0,0,0,0,0,0], [4,0,0,0,0,0,0,0,0,0,0,0]) = 3231
N(2h+12f, 9, [2,0,2,0,0,0,0,0,0,0,0,0], [2,1,0,0,0,0,0,0,0,0,0,0]) = 16674
N(2h+12f, 9, [2,0,2,0,0,0,0,0,0,0,0,0], [1,0,1,0,0,0,0,0,0,0,0,0]) = 15318
N(2h+12f, 9, [2,0,2,0,0,0,0,0,0,0,0,0], [0,2,0,0,0,0,0,0,0,0,0,0]) = 8500
N(2h+12f, 9, [2,0,2,0,0,0,0,0,0,0,0,0], [0,0,0,1,0,0,0,0,0,0,0,0]) = 8448
N(2h+12f, 9, [2,0,0,0,0,1,0,0,0,0,0,0], [4,0,0,0,0,0,0,0,0,0,0,0]) = 3231
N(2h+12f, 9, [2,0,0,0,0,1,0,0,0,0,0,0], [2,1,0,0,0,0,0,0,0,0,0,0]) = 16674
N(2h+12f, 9, [2,0,0,0,0,1,0,0,0,0,0,0], [1,0,1,0,0,0,0,0,0,0,0,0]) = 15318
N(2h+12f, 9, [2,0,0,0,0,1,0,0,0,0,0,0], [0,2,0,0,0,0,0,0,0,0,0,0]) = 8500
N(2h+12f, 9, [2,0,0,0,0,1,0,0,0,0,0,0], [0,0,0,1,0,0,0,0,0,0,0,0]) = 8448
N(2h+12f, 9, [1,2,1,0,0,0,0,0,0,0,0,0], [4,0,0,0,0,0,0,0,0,0,0,0]) = 3153
N(2h+12f, 9, [1,2,1,0,0,0,0,0,0,0,0,0], [2,1,0,0,0,0,0,0,0,0,0,0]) = 16240
N(2h+12f, 9, [1,2,1,0,0,0,0,0,0,0,0,0], [1,0,1,0,0,0,0,0,0,0,0,0]) = 14901
N(2h+12f, 9, [1,2,1,0,0,0,0,0,0,0,0,0], [0,2,0,0,0,0,0,0,0,0,0,0]) = 8248
N(2h+12f, 9, [1,2,1,0,0,0,0,0,0,0,0,0], [0,0,0,1,0,0,0,0,0,0,0,0]) = 8196
N(2h+12f, 9, [1,1,0,0,1,0,0,0,0,0,0,0], [4,0,0,0,0,0,0,0,0,0,0,0]) = 3152
N(2h+12f, 9, [1,1,0,0,1,0,0,0,0,0,0,0], [2,1,0,0,0,0,0,0,0,0,0,0]) = 16234
N(2h+12f, 9, [1,1,0,0,1,0,0,0,0,0,0,0], [1,0,1,0,0,0,0,0,0,0,0,0]) = 14895
N(2h+12f, 9, [1,1,0,0,1,0,0,0,0,0,0,0], [0,2,0,0,0,0,0,0,0,0,0,0]) = 8244
N(2h+12f, 9, [1,1,0,0,1,0,0,0,0,0,0,0], [0,0,0,1,0,0,0,0,0,0,0,0]) = 8192
N(2h+12f, 9, [1,0,1,1,0,0,0,0,0,0,0,0], [4,0,0,0,0,0,0,0,0,0,0,0]) = 3151
N(2h+12f, 9, [1,0,1,1,0,0,0,0,0,0,0,0], [2,1,0,0,0,0,0,0,0,0,0,0]) = 16228
N(2h+12f, 9, [1,0,1,1,0,0,0,0,0,0,0,0], [1,0,1,0,0,0,0,0,0,0,0,0]) = 14889
N(2h+12f, 9, [1,0,1,1,0,0,0,0,0,0,0,0], [0,2,0,0,0,0,0,0,0,0,0,0]) = 8240
N(2h+12f, 9, [1,0,1,1,0,0,0,0,0,0,0,0], [0,0,0,1,0,0,0,0,0,0,0,0]) = 8188
N(2h+12f, 9, [1,0,0,0,0,0,1,0,0,0,0,0], [4,0,0,0,0,0,0,0,0,0,0,0]) = 3151
N(2h+12f, 9, [1,0,0,0,0,0,1,0,0,0,0,0], [2,1,0,0,0,0,0,0,0,0,0,0]) = 16228
N(2h+12f, 9, [1,0,0,0,0,0,1,0,0,0,0,0], [1,0,1,0,0,0,0,0,0,0,0,0]) = 14889
N(2h+12f, 9, [1,0,0,0,0,0,1,0,0,0,0,0], [0,2,0,0,0,0,0,0,0,0,0,0]) = 8240
N(2h+12f, 9, [1,0,0,0,0,0,1,0,0,0,0,0], [0,0,0,1,0,0,0,0,0,0,0,0]) = 8188
N(2h+12f, 9, [0,4,0,0,0,0,0,0,0,0,0,0], [4,0,0,0,0,0,0,0,0,0,0,0]) = 3076
N(2h+12f, 9, [0,4,0,0,0,0,0,0,0,0,0,0], [2,1,0,0,0,0,0,0,0,0,0,0]) = 15812
N(2h+12f, 9, [0,4,0,0,0,0,0,0,0,0,0,0], [1,0,1,0,0,0,0,0,0,0,0,0]) = 14490
N(2h+12f, 9, [0,4,0,0,0,0,0,0,0,0,0,0], [0,2,0,0,0,0,0,0,0,0,0,0]) = 8000
N(2h+12f, 9, [0,4,0,0,0,0,0,0,0,0,0,0], [0,0,0,1,0,0,0,0,0,0,0,0]) = 7948
N(2h+12f, 9, [0,2,0,1,0,0,0,0,0,0,0,0], [4,0,0,0,0,0,0,0,0,0,0,0]) = 3074
N(2h+12f, 9, [0,2,0,1,0,0,0,0,0,0,0,0], [2,1,0,0,0,0,0,0,0,0,0,0]) = 15800
N(2h+12f, 9, [0,2,0,1,0,0,0,0,0,0,0,0], [1,0,1,0,0,0,0,0,0,0,0,0]) = 14478
N(2h+12f, 9, [0,2,0,1,0,0,0,0,0,0,0,0], [0,2,0,0,0,0,0,0,0,0,0,0]) = 7992
N(2h+12f, 9, [0,2,0,1,0,0,0,0,0,0,0,0], [0,0,0,1,0,0,0,0,0,0,0,0]) = 7940
N(2h+12f, 9, [0,1,2,0,0,0,0,0,0,0,0,0], [4,0,0,0,0,0,0,0,0,0,0,0]) = 3073
N(2h+12f, 9, [0,1,2,0,0,0,0,0,0,0,0,0], [2,1,0,0,0,0,0,0,0,0,0,0]) = 15794
N(2h+12f, 9, [0,1,2,0,0,0,0,0,0,0,0,0], [1,0,1,0,0,0,0,0,0,0,0,0]) = 14472
N(2h+12f, 9, [0,1,2,0,0,0,0,0,0,0,0,0], [0,2,0,0,0,0,0,0,0,0,0,0]) = 7988
N(2h+12f, 9, [0,1,2,0,0,0,0,0,0,0,0,0], [0,0,0,1,0,0,0,0,0,0,0,0]) = 7936
N(2h+12f, 9, [0,1,0,0,0,1,0,0,0,0,0,0], [4,0,0,0,0,0,0,0,0,0,0,0]) = 3073
N(2h+12f, 9, [0,1,0,0,0,1,0,0,0,0,0,0], [2,1,0,0,0,0,0,0,0,0,0,0]) = 15794
N(2h+12f, 9, [0,1,0,0,0,1,0,0,0,0,0,0], [1,0,1,0,0,0,0,0,0,0,0,0]) = 14472
N(2h+12f, 9, [0,1,0,0,0,1,0,0,0,0,0,0], [0,2,0,0,0,0,0,0,0,0,0,0]) = 7988
N(2h+12f, 9, [0,1,0,0,0,1,0,0,0,0,0,0], [0,0,0,1,0,0,0,0,0,0,0,0]) = 7936
N(2h+12f, 9, [0,0,1,0,1,0,0,0,0,0,0,0], [4,0,0,0,0,0,0,0,0,0,0,0]) = 3072
N(2h+12f, 9, [0,0,1,0,1,0,0,0,0,0,0,0], [2,1,0,0,0,0,0,0,0,0,0,0]) = 15788
N(2h+12f, 9, [0,0,1,0,1,0,0,0,0,0,0,0], [1,0,1,0,0,0,0,0,0,0,0,0]) = 14466
N(2h+12f, 9, [0,0,1,0,1,0,0,0,0,0,0,0], [0,2,0,0,0,0,0,0,0,0,0,0]) = 7984
N(2h+12f, 9, [0,0,1,0,1,0,0,0,0,0,0,0], [0,0,0,1,0,0,0,0,0,0,0,0]) = 7932
N(2h+12f, 9, [0,0,0,2,0,0,0,0,0,0,0,0], [4,0,0,0,0,0,0,0,0,0,0,0]) = 3072
N(2h+12f, 9, [0,0,0,2,0,0,0,0,0,0,0,0], [2,1,0,0,0,0,0,0,0,0,0,0]) = 15788
N(2h+12f, 9, [0,0,0,2,0,0,0,0,0,0,0,0], [1,0,1,0,0,0,0,0,0,0,0,0]) = 14466
N(2h+12f, 9, [0,0,0,2,0,0,0,0,0,0,0,0], [0,2,0,0,0,0,0,0,0,0,0,0]) = 7984
N(2h+12f, 9, [0,0,0,2,0,0,0,0,0,0,0,0], [0,0,0,1,0,0,0,0,0,0,0,0]) = 7932
N(2h+12f, 9, [0,0,0,0,0,0,0,1,0,0,0,0], [4,0,0,0,0,0,0,0,0,0,0,0]) = 3072
N(2h+12f, 9, [0,0,0,0,0,0,0,1,0,0,0,0], [2,1,0,0,0,0,0,0,0,0,0,0]) = 15788
N(2h+12f, 9, [0,0,0,0,0,0,0,1,0,0,0,0], [1,0,1,0,0,0,0,0,0,0,0,0]) = 14466
N(2h+12f, 9, [0,0,0,0,0,0,0,1,0,0,0,0], [0,2,0,0,0,0,0,0,0,0,0,0]) = 7984
N(2h+12f, 9, [0,0,0,0,0,0,0,1,0,0,0,0], [0,0,0,1,0,0,0,0,0,0,0,0]) = 7932
N(2h+12f, 9, [7,0,0,0,0,0,0,0,0,0,0,0], [5,0,0,0,0,0,0,0,0,0,0,0]) = 3732
N(2h+12f, 9, [7,0,0,0,0,0,0,0,0,0,0,0], [3,1,0,0,0,0,0,0,0,0,0,0]) = 26600
N(2h+12f, 9, [7,0,0,0,0,0,0,0,0,0,0,0], [2,0,1,0,0,0,0,0,0,0,0,0]) = 28449
N(2h+12f, 9, [7,0,0,0,0,0,0,0,0,0,0,0], [1,2,0,0,0,0,0,0,0,0,0,0]) = 33608
N(2h+12f, 9, [7,0,0,0,0,0,0,0,0,0,0,0], [1,0,0,1,0,0,0,0,0,0,0,0]) = 23404
N(2h+12f, 9, [7,0,0,0,0,0,0,0,0,0,0,0], [0,1,1,0,0,0,0,0,0,0,0,0]) = 29502
N(2h+12f, 9, [7,0,0,0,0,0,0,0,0,0,0,0], [0,0,0,0,1,0,0,0,0,0,0,0]) = 12260
N(2h+12f, 9, [5,1,0,0,0,0,0,0,0,0,0,0], [5,0,0,0,0,0,0,0,0,0,0,0]) = 3562
N(2h+12f, 9, [5,1,0,0,0,0,0,0,0,0,0,0], [3,1,0,0,0,0,0,0,0,0,0,0]) = 25316
N(2h+12f, 9, [5,1,0,0,0,0,0,0,0,0,0,0], [2,0,1,0,0,0,0,0,0,0,0,0]) = 27039
N(2h+12f, 9, [5,1,0,0,0,0,0,0,0,0,0,0], [1,2,0,0,0,0,0,0,0,0,0,0]) = 31840
N(2h+12f, 9, [5,1,0,0,0,0,0,0,0,0,0,0], [1,0,0,1,0,0,0,0,0,0,0,0]) = 22196
N(2h+12f, 9, [5,1,0,0,0,0,0,0,0,0,0,0], [0,1,1,0,0,0,0,0,0,0,0,0]) = 27846
N(2h+12f, 9, [5,1,0,0,0,0,0,0,0,0,0,0], [0,0,0,0,1,0,0,0,0,0,0,0]) = 11570
N(2h+12f, 9, [4,0,1,0,0,0,0,0,0,0,0,0], [5,0,0,0,0,0,0,0,0,0,0,0]) = 3477
N(2h+12f, 9, [4,0,1,0,0,0,0,0,0,0,0,0], [3,1,0,0,0,0,0,0,0,0,0,0]) = 24674
N(2h+12f, 9, [4,0,1,0,0,0,0,0,0,0,0,0], [2,0,1,0,0,0,0,0,0,0,0,0]) = 26334
N(2h+12f, 9, [4,0,1,0,0,0,0,0,0,0,0,0], [1,2,0,0,0,0,0,0,0,0,0,0]) = 30956
N(2h+12f, 9, [4,0,1,0,0,0,0,0,0,0,0,0], [1,0,0,1,0,0,0,0,0,0,0,0]) = 21592
N(2h+12f, 9, [4,0,1,0,0,0,0,0,0,0,0,0], [0,1,1,0,0,0,0,0,0,0,0,0]) = 27018
N(2h+12f, 9, [4,0,1,0,0,0,0,0,0,0,0,0], [0,0,0,0,1,0,0,0,0,0,0,0]) = 11225
N(2h+12f, 9, [3,2,0,0,0,0,0,0,0,0,0,0], [5,0,0,0,0,0,0,0,0,0,0,0]) = 3396
N(2h+12f, 9, [3,2,0,0,0,0,0,0,0,0,0,0], [3,1,0,0,0,0,0,0,0,0,0,0]) = 24064
N(2h+12f, 9, [3,2,0,0,0,0,0,0,0,0,0,0], [2,0,1,0,0,0,0,0,0,0,0,0]) = 25665
N(2h+12f, 9, [3,2,0,0,0,0,0,0,0,0,0,0], [1,2,0,0,0,0,0,0,0,0,0,0]) = 30120
N(2h+12f, 9, [3,2,0,0,0,0,0,0,0,0,0,0], [1,0,0,1,0,0,0,0,0,0,0,0]) = 21020
N(2h+12f, 9, [3,2,0,0,0,0,0,0,0,0,0,0], [0,1,1,0,0,0,0,0,0,0,0,0]) = 26238
N(2h+12f, 9, [3,2,0,0,0,0,0,0,0,0,0,0], [0,0,0,0,1,0,0,0,0,0,0,0]) = 10900
N(2h+12f, 9, [3,0,0,1,0,0,0,0,0,0,0,0], [5,0,0,0,0,0,0,0,0,0,0,0]) = 3394
N(2h+12f, 9, [3,0,0,1,0,0,0,0,0,0,0,0], [3,1,0,0,0,0,0,0,0,0,0,0]) = 24048
N(2h+12f, 9, [3,0,0,1,0,0,0,0,0,0,0,0], [2,0,1,0,0,0,0,0,0,0,0,0]) = 25647
N(2h+12f, 9, [3,0,0,1,0,0,0,0,0,0,0,0], [1,2,0,0,0,0,0,0,0,0,0,0]) = 30096
N(2h+12f, 9, [3,0,0,1,0,0,0,0,0,0,0,0], [1,0,0,1,0,0,0,0,0,0,0,0]) = 21004
N(2h+12f, 9, [3,0,0,1,0,0,0,0,0,0,0,0], [0,1,1,0,0,0,0,0,0,0,0,0]) = 26214
N(2h+12f, 9, [3,0,0,1,0,0,0,0,0,0,0,0], [0,0,0,0,1,0,0,0,0,0,0,0]) = 10890
N(2h+12f, 9, [2,1,1,0,0,0,0,0,0,0,0,0], [5,0,0,0,0,0,0,0,0,0,0,0]) = 3313
N(2h+12f, 9, [2,1,1,0,0,0,0,0,0,0,0,0], [3,1,0,0,0,0,0,0,0,0,0,0]) = 23438
N(2h+12f, 9, [2,1,1,0,0,0,0,0,0,0,0,0], [2,0,1,0,0,0,0,0,0,0,0,0]) = 24978
N(2h+12f, 9, [2,1,1,0,0,0,0,0,0,0,0,0], [1,2,0,0,0,0,0,0,0,0,0,0]) = 29260
N(2h+12f, 9, [2,1,1,0,0,0,0,0,0,0,0,0], [1,0,0,1,0,0,0,0,0,0,0,0]) = 20432
N(2h+12f, 9, [2,1,1,0,0,0,0,0,0,0,0,0], [0,1,1,0,0,0,0,0,0,0,0,0]) = 25434
N(2h+12f, 9, [2,1,1,0,0,0,0,0,0,0,0,0], [0,0,0,0,1,0,0,0,0,0,0,0]) = 10565
N(2h+12f, 9, [2,0,0,0,1,0,0,0,0,0,0,0], [5,0,0,0,0,0,0,0,0,0,0,0]) = 3312
N(2h+12f, 9, [2,0,0,0,1,0,0,0,0,0,0,0], [3,1,0,0,0,0,0,0,0,0,0,0]) = 23430
N(2h+12f, 9, [2,0,0,0,1,0,0,0,0,0,0,0], [2,0,1,0,0,0,0,0,0,0,0,0]) = 24969
N(2h+12f, 9, [2,0,0,0,1,0,0,0,0,0,0,0], [1,2,0,0,0,0,0,0,0,0,0,0]) = 29248
N(2h+12f, 9, [2,0,0,0,1,0,0,0,0,0,0,0], [1,0,0,1,0,0,0,0,0,0,0,0]) = 20424
N(2h+12f, 9, [2,0,0,0,1,0,0,0,0,0,0,0], [0,1,1,0,0,0,0,0,0,0,0,0]) = 25422
N(2h+12f, 9, [2,0,0,0,1,0,0,0,0,0,0,0], [0,0,0,0,1,0,0,0,0,0,0,0]) = 10560
N(2h+12f, 9, [1,3,0,0,0,0,0,0,0,0,0,0], [5,0,0,0,0,0,0,0,0,0,0,0]) = 3234
N(2h+12f, 9, [1,3,0,0,0,0,0,0,0,0,0,0], [3,1,0,0,0,0,0,0,0,0,0,0]) = 22844
N(2h+12f, 9, [1,3,0,0,0,0,0,0,0,0,0,0], [2,0,1,0,0,0,0,0,0,0,0,0]) = 24327
N(2h+12f, 9, [1,3,0,0,0,0,0,0,0,0,0,0], [1,2,0,0,0,0,0,0,0,0,0,0]) = 28448
N(2h+12f, 9, [1,3,0,0,0,0,0,0,0,0,0,0], [1,0,0,1,0,0,0,0,0,0,0,0]) = 19876
N(2h+12f, 9, [1,3,0,0,0,0,0,0,0,0,0,0], [0,1,1,0,0,0,0,0,0,0,0,0]) = 24678
N(2h+12f, 9, [1,3,0,0,0,0,0,0,0,0,0,0], [0,0,0,0,1,0,0,0,0,0,0,0]) = 10250
N(2h+12f, 9, [1,1,0,1,0,0,0,0,0,0,0,0], [5,0,0,0,0,0,0,0,0,0,0,0]) = 3232
N(2h+12f, 9, [1,1,0,1,0,0,0,0,0,0,0,0], [3,1,0,0,0,0,0,0,0,0,0,0]) = 22828
N(2h+12f, 9, [1,1,0,1,0,0,0,0,0,0,0,0], [2,0,1,0,0,0,0,0,0,0,0,0]) = 24309
N(2h+12f, 9, [1,1,0,1,0,0,0,0,0,0,0,0], [1,2,0,0,0,0,0,0,0,0,0,0]) = 28424
N(2h+12f, 9, [1,1,0,1,0,0,0,0,0,0,0,0], [1,0,0,1,0,0,0,0,0,0,0,0]) = 19860
N(2h+12f, 9, [1,1,0,1,0,0,0,0,0,0,0,0], [0,1,1,0,0,0,0,0,0,0,0,0]) = 24654
N(2h+12f, 9, [1,1,0,1,0,0,0,0,0,0,0,0], [0,0,0,0,1,0,0,0,0,0,0,0]) = 10240
N(2h+12f, 9, [1,0,2,0,0,0,0,0,0,0,0,0], [5,0,0,0,0,0,0,0,0,0,0,0]) = 3231
N(2h+12f, 9, [1,0,2,0,0,0,0,0,0,0,0,0], [3,1,0,0,0,0,0,0,0,0,0,0]) = 22820
N(2h+12f, 9, [1,0,2,0,0,0,0,0,0,0,0,0], [2,0,1,0,0,0,0,0,0,0,0,0]) = 24300
N(2h+12f, 9, [1,0,2,0,0,0,0,0,0,0,0,0], [1,2,0,0,0,0,0,0,0,0,0,0]) = 28412
N(2h+12f, 9, [1,0,2,0,0,0,0,0,0,0,0,0], [1,0,0,1,0,0,0,0,0,0,0,0]) = 19852
N(2h+12f, 9, [1,0,2,0,0,0,0,0,0,0,0,0], [0,1,1,0,0,0,0,0,0,0,0,0]) = 24642
N(2h+12f, 9, [1,0,2,0,0,0,0,0,0,0,0,0], [0,0,0,0,1,0,0,0,0,0,0,0]) = 10235
N(2h+12f, 9, [1,0,0,0,0,1,0,0,0,0,0,0], [5,0,0,0,0,0,0,0,0,0,0,0]) = 3231
N(2h+12f, 9, [1,0,0,0,0,1,0,0,0,0,0,0], [3,1,0,0,0,0,0,0,0,0,0,0]) = 22820
N(2h+12f, 9, [1,0,0,0,0,1,0,0,0,0,0,0], [2,0,1,0,0,0,0,0,0,0,0,0]) = 24300
N(2h+12f, 9, [1,0,0,0,0,1,0,0,0,0,0,0], [1,2,0,0,0,0,0,0,0,0,0,0]) = 28412
N(2h+12f, 9, [1,0,0,0,0,1,0,0,0,0,0,0], [1,0,0,1,0,0,0,0,0,0,0,0]) = 19852
N(2h+12f, 9, [1,0,0,0,0,1,0,0,0,0,0,0], [0,1,1,0,0,0,0,0,0,0,0,0]) = 24642
N(2h+12f, 9, [1,0,0,0,0,1,0,0,0,0,0,0], [0,0,0,0,1,0,0,0,0,0,0,0]) = 10235
N(2h+12f, 9, [0,2,1,0,0,0,0,0,0,0,0,0], [5,0,0,0,0,0,0,0,0,0,0,0]) = 3153
N(2h+12f, 9, [0,2,1,0,0,0,0,0,0,0,0,0], [3,1,0,0,0,0,0,0,0,0,0,0]) = 22234
N(2h+12f, 9, [0,2,1,0,0,0,0,0,0,0,0,0], [2,0,1,0,0,0,0,0,0,0,0,0]) = 23658
N(2h+12f, 9, [0,2,1,0,0,0,0,0,0,0,0,0], [1,2,0,0,0,0,0,0,0,0,0,0]) = 27612
N(2h+12f, 9, [0,2,1,0,0,0,0,0,0,0,0,0], [1,0,0,1,0,0,0,0,0,0,0,0]) = 19304
N(2h+12f, 9, [0,2,1,0,0,0,0,0,0,0,0,0], [0,1,1,0,0,0,0,0,0,0,0,0]) = 23898
N(2h+12f, 9, [0,2,1,0,0,0,0,0,0,0,0,0], [0,0,0,0,1,0,0,0,0,0,0,0]) = 9925
N(2h+12f, 9, [0,1,0,0,1,0,0,0,0,0,0,0], [5,0,0,0,0,0,0,0,0,0,0,0]) = 3152
N(2h+12f, 9, [0,1,0,0,1,0,0,0,0,0,0,0], [3,1,0,0,0,0,0,0,0,0,0,0]) = 22226
N(2h+12f, 9, [0,1,0,0,1,0,0,0,0,0,0,0], [2,0,1,0,0,0,0,0,0,0,0,0]) = 23649
N(2h+12f, 9, [0,1,0,0,1,0,0,0,0,0,0,0], [1,2,0,0,0,0,0,0,0,0,0,0]) = 27600
N(2h+12f, 9, [0,1,0,0,1,0,0,0,0,0,0,0], [1,0,0,1,0,0,0,0,0,0,0,0]) = 19296
N(2h+12f, 9, [0,1,0,0,1,0,0,0,0,0,0,0], [0,1,1,0,0,0,0,0,0,0,0,0]) = 23886
N(2h+12f, 9, [0,1,0,0,1,0,0,0,0,0,0,0], [0,0,0,0,1,0,0,0,0,0,0,0]) = 9920
N(2h+12f, 9, [0,0,1,1,0,0,0,0,0,0,0,0], [5,0,0,0,0,0,0,0,0,0,0,0]) = 3151
N(2h+12f, 9, [0,0,1,1,0,0,0,0,0,0,0,0], [3,1,0,0,0,0,0,0,0,0,0,0]) = 22218
N(2h+12f, 9, [0,0,1,1,0,0,0,0,0,0,0,0], [2,0,1,0,0,0,0,0,0,0,0,0]) = 23640
N(2h+12f, 9, [0,0,1,1,0,0,0,0,0,0,0,0], [1,2,0,0,0,0,0,0,0,0,0,0]) = 27588
N(2h+12f, 9, [0,0,1,1,0,0,0,0,0,0,0,0], [1,0,0,1,0,0,0,0,0,0,0,0]) = 19288
N(2h+12f, 9, [0,0,1,1,0,0,0,0,0,0,0,0], [0,1,1,0,0,0,0,0,0,0,0,0]) = 23874
N(2h+12f, 9, [0,0,1,1,0,0,0,0,0,0,0,0], [0,0,0,0,1,0,0,0,0,0,0,0]) = 9915
N(2h+12f, 9, [0,0,0,0,0,0,1,0,0,0,0,0], [5,0,0,0,0,0,0,0,0,0,0,0]) = 3151
N(2h+12f, 9, [0,0,0,0,0,0,1,0,0,0,0,0], [3,1,0,0,0,0,0,0,0,0,0,0]) = 22218
N(2h+12f, 9, [0,0,0,0,0,0,1,0,0,0,0,0], [2,0,1,0,0,0,0,0,0,0,0,0]) = 23640
N(2h+12f, 9, [0,0,0,0,0,0,1,0,0,0,0,0], [1,2,0,0,0,0,0,0,0,0,0,0]) = 27588
N(2h+12f, 9, [0,0,0,0,0,0,1,0,0,0,0,0], [1,0,0,1,0,0,0,0,0,0,0,0]) = 19288
N(2h+12f, 9, [0,0,0,0,0,0,1,0,0,0,0,0], [0,1,1,0,0,0,0,0,0,0,0,0]) = 23874
N(2h+12f, 9, [0,0,0,0,0,0,1,0,0,0,0,0], [0,0,0,0,1,0,0,0,0,0,0,0]) = 9915
N(2h+12f, 9, [6,0,0,0,0,0,0,0,0,0,0,0], [6,0,0,0,0,0,0,0,0,0,0,0]) = 3732
N(2h+12f, 9, [6,0,0,0,0,0,0,0,0,0,0,0], [4,1,0,0,0,0,0,0,0,0,0,0]) = 33724
N(2h+12f, 9, [6,0,0,0,0,0,0,0,0,0,0,0], [3,0,1,0,0,0,0,0,0,0,0,0]) = 38880
N(2h+12f, 9, [6,0,0,0,0,0,0,0,0,0,0,0], [2,2,0,0,0,0,0,0,0,0,0,0]) = 70656
N(2h+12f, 9, [6,0,0,0,0,0,0,0,0,0,0,0], [2,0,0,1,0,0,0,0,0,0,0,0]) = 36980
N(2h+12f, 9, [6,0,0,0,0,0,0,0,0,0,0,0], [1,1,1,0,0,0,0,0,0,0,0,0]) = 97968
N(2h+12f, 9, [6,0,0,0,0,0,0,0,0,0,0,0], [1,0,0,0,1,0,0,0,0,0,0,0]) = 28490
N(2h+12f, 9, [6,0,0,0,0,0,0,0,0,0,0,0], [0,3,0,0,0,0,0,0,0,0,0,0]) = 19168
N(2h+12f, 9, [6,0,0,0,0,0,0,0,0,0,0,0], [0,1,0,1,0,0,0,0,0,0,0,0]) = 38216
N(2h+12f, 9, [6,0,0,0,0,0,0,0,0,0,0,0], [0,0,2,0,0,0,0,0,0,0,0,0]) = 21438
N(2h+12f, 9, [6,0,0,0,0,0,0,0,0,0,0,0], [0,0,0,0,0,1,0,0,0,0,0,0]) = 14292
N(2h+12f, 9, [4,1,0,0,0,0,0,0,0,0,0,0], [6,0,0,0,0,0,0,0,0,0,0,0]) = 3562
N(2h+12f, 9, [4,1,0,0,0,0,0,0,0,0,0,0], [4,1,0,0,0,0,0,0,0,0,0,0]) = 32108
N(2h+12f, 9, [4,1,0,0,0,0,0,0,0,0,0,0], [3,0,1,0,0,0,0,0,0,0,0,0]) = 36978
N(2h+12f, 9, [4,1,0,0,0,0,0,0,0,0,0,0], [2,2,0,0,0,0,0,0,0,0,0,0]) = 67032
N(2h+12f, 9, [4,1,0,0,0,0,0,0,0,0,0,0], [2,0,0,1,0,0,0,0,0,0,0,0]) = 35124
N(2h+12f, 9, [4,1,0,0,0,0,0,0,0,0,0,0], [1,1,1,0,0,0,0,0,0,0,0,0]) = 92736
N(2h+12f, 9, [4,1,0,0,0,0,0,0,0,0,0,0], [1,0,0,0,1,0,0,0,0,0,0,0]) = 27000
N(2h+12f, 9, [4,1,0,0,0,0,0,0,0,0,0,0], [0,3,0,0,0,0,0,0,0,0,0,0]) = 18080
N(2h+12f, 9, [4,1,0,0,0,0,0,0,0,0,0,0], [0,1,0,1,0,0,0,0,0,0,0,0]) = 36040
N(2h+12f, 9, [4,1,0,0,0,0,0,0,0,0,0,0], [0,0,2,0,0,0,0,0,0,0,0,0]) = 20214
N(2h+12f, 9, [4,1,0,0,0,0,0,0,0,0,0,0], [0,0,0,0,0,1,0,0,0,0,0,0]) = 13476
N(2h+12f, 9, [3,0,1,0,0,0,0,0,0,0,0,0], [6,0,0,0,0,0,0,0,0,0,0,0]) = 3477
N(2h+12f, 9, [3,0,1,0,0,0,0,0,0,0,0,0], [4,1,0,0,0,0,0,0,0,0,0,0]) = 31300
N(2h+12f, 9, [3,0,1,0,0,0,0,0,0,0,0,0], [3,0,1,0,0,0,0,0,0,0,0,0]) = 36027
N(2h+12f, 9, [3,0,1,0,0,0,0,0,0,0,0,0], [2,2,0,0,0,0,0,0,0,0,0,0]) = 65220
N(2h+12f, 9, [3,0,1,0,0,0,0,0,0,0,0,0], [2,0,0,1,0,0,0,0,0,0,0,0]) = 34196
N(2h+12f, 9, [3,0,1,0,0,0,0,0,0,0,0,0], [1,1,1,0,0,0,0,0,0,0,0,0]) = 90120
N(2h+12f, 9, [3,0,1,0,0,0,0,0,0,0,0,0], [1,0,0,0,1,0,0,0,0,0,0,0]) = 26255
N(2h+12f, 9, [3,0,1,0,0,0,0,0,0,0,0,0], [0,3,0,0,0,0,0,0,0,0,0,0]) = 17536
N(2h+12f, 9, [3,0,1,0,0,0,0,0,0,0,0,0], [0,1,0,1,0,0,0,0,0,0,0,0]) = 34952
N(2h+12f, 9, [3,0,1,0,0,0,0,0,0,0,0,0], [0,0,2,0,0,0,0,0,0,0,0,0]) = 19602
N(2h+12f, 9, [3,0,1,0,0,0,0,0,0,0,0,0], [0,0,0,0,0,1,0,0,0,0,0,0]) = 13068
N(2h+12f, 9, [2,2,0,0,0,0,0,0,0,0,0,0], [6,0,0,0,0,0,0,0,0,0,0,0]) = 3396
N(2h+12f, 9, [2,2,0,0,0,0,0,0,0,0,0,0], [4,1,0,0,0,0,0,0,0,0,0,0]) = 30532
N(2h+12f, 9, [2,2,0,0,0,0,0,0,0,0,0,0], [3,0,1,0,0,0,0,0,0,0,0,0]) = 35124
N(2h+12f, 9, [2,2,0,0,0,0,0,0,0,0,0,0], [2,2,0,0,0,0,0,0,0,0,0,0]) = 63504
N(2h+12f, 9, [2,2,0,0,0,0,0,0,0,0,0,0], [2,0,0,1,0,0,0,0,0,0,0,0]) = 33316
N(2h+12f, 9, [2,2,0,0,0,0,0,0,0,0,0,0], [1,1,1,0,0,0,0,0,0,0,0,0]) = 87648
N(2h+12f, 9, [2,2,0,0,0,0,0,0,0,0,0,0], [1,0,0,0,1,0,0,0,0,0,0,0]) = 25550
N(2h+12f, 9, [2,2,0,0,0,0,0,0,0,0,0,0], [0,3,0,0,0,0,0,0,0,0,0,0]) = 17024
N(2h+12f, 9, [2,2,0,0,0,0,0,0,0,0,0,0], [0,1,0,1,0,0,0,0,0,0,0,0]) = 33928
N(2h+12f, 9, [2,2,0,0,0,0,0,0,0,0,0,0], [0,0,2,0,0,0,0,0,0,0,0,0]) = 19026
N(2h+12f, 9, [2,2,0,0,0,0,0,0,0,0,0,0], [0,0,0,0,0,1,0,0,0,0,0,0]) = 12684
N(2h+12f, 9, [2,0,0,1,0,0,0,0,0,0,0,0], [6,0,0,0,0,0,0,0,0,0,0,0]) = 3394
N(2h+12f, 9, [2,0,0,1,0,0,0,0,0,0,0,0], [4,1,0,0,0,0,0,0,0,0,0,0]) = 30512
N(2h+12f, 9, [2,0,0,1,0,0,0,0,0,0,0,0], [3,0,1,0,0,0,0,0,0,0,0,0]) = 35100
N(2h+12f, 9, [2,0,0,1,0,0,0,0,0,0,0,0], [2,2,0,0,0,0,0,0,0,0,0,0]) = 63456
N(2h+12f, 9, [2,0,0,1,0,0,0,0,0,0,0,0], [2,0,0,1,0,0,0,0,0,0,0,0]) = 33292
N(2h+12f, 9, [2,0,0,1,0,0,0,0,0,0,0,0], [1,1,1,0,0,0,0,0,0,0,0,0]) = 87576
N(2h+12f, 9, [2,0,0,1,0,0,0,0,0,0,0,0], [1,0,0,0,1,0,0,0,0,0,0,0]) = 25530
N(2h+12f, 9, [2,0,0,1,0,0,0,0,0,0,0,0], [0,3,0,0,0,0,0,0,0,0,0,0]) = 17008
N(2h+12f, 9, [2,0,0,1,0,0,0,0,0,0,0,0], [0,1,0,1,0,0,0,0,0,0,0,0]) = 33896
N(2h+12f, 9, [2,0,0,1,0,0,0,0,0,0,0,0], [0,0,2,0,0,0,0,0,0,0,0,0]) = 19008
N(2h+12f, 9, [2,0,0,1,0,0,0,0,0,0,0,0], [0,0,0,0,0,1,0,0,0,0,0,0]) = 12672
N(2h+12f, 9, [1,1,1,0,0,0,0,0,0,0,0,0], [6,0,0,0,0,0,0,0,0,0,0,0]) = 3313
N(2h+12f, 9, [1,1,1,0,0,0,0,0,0,0,0,0], [4,1,0,0,0,0,0,0,0,0,0,0]) = 29744
N(2h+12f, 9, [1,1,1,0,0,0,0,0,0,0,0,0], [3,0,1,0,0,0,0,0,0,0,0,0]) = 34197
N(2h+12f, 9, [1,1,1,0,0,0,0,0,0,0,0,0], [2,2,0,0,0,0,0,0,0,0,0,0]) = 61740
N(2h+12f, 9, [1,1,1,0,0,0,0,0,0,0,0,0], [2,0,0,1,0,0,0,0,0,0,0,0]) = 32412
N(2h+12f, 9, [1,1,1,0,0,0,0,0,0,0,0,0], [1,1,1,0,0,0,0,0,0,0,0,0]) = 85104
N(2h+12f, 9, [1,1,1,0,0,0,0,0,0,0,0,0], [1,0,0,0,1,0,0,0,0,0,0,0]) = 24825
N(2h+12f, 9, [1,1,1,0,0,0,0,0,0,0,0,0], [0,3,0,0,0,0,0,0,0,0,0,0]) = 16496
N(2h+12f, 9, [1,1,1,0,0,0,0,0,0,0,0,0], [0,1,0,1,0,0,0,0,0,0,0,0]) = 32872
N(2h+12f, 9, [1,1,1,0,0,0,0,0,0,0,0,0], [0,0,2,0,0,0,0,0,0,0,0,0]) = 18432
N(2h+12f, 9, [1,1,1,0,0,0,0,0,0,0,0,0], [0,0,0,0,0,1,0,0,0,0,0,0]) = 12288
N(2h+12f, 9, [1,0,0,0,1,0,0,0,0,0,0,0], [6,0,0,0,0,0,0,0,0,0,0,0]) = 3312
N(2h+12f, 9, [1,0,0,0,1,0,0,0,0,0,0,0], [4,1,0,0,0,0,0,0,0,0,0,0]) = 29734
N(2h+12f, 9, [1,0,0,0,1,0,0,0,0,0,0,0], [3,0,1,0,0,0,0,0,0,0,0,0]) = 34185
N(2h+12f, 9, [1,0,0,0,1,0,0,0,0,0,0,0], [2,2,0,0,0,0,0,0,0,0,0,0]) = 61716
N(2h+12f, 9, [1,0,0,0,1,0,0,0,0,0,0,0], [2,0,0,1,0,0,0,0,0,0,0,0]) = 32400
N(2h+12f, 9, [1,0,0,0,1,0,0,0,0,0,0,0], [1,1,1,0,0,0,0,0,0,0,0,0]) = 85068
N(2h+12f, 9, [1,0,0,0,1,0,0,0,0,0,0,0], [1,0,0,0,1,0,0,0,0,0,0,0]) = 24815
N(2h+12f, 9, [1,0,0,0,1,0,0,0,0,0,0,0], [0,3,0,0,0,0,0,0,0,0,0,0]) = 16488
N(2h+12f, 9, [1,0,0,0,1,0,0,0,0,0,0,0], [0,1,0,1,0,0,0,0,0,0,0,0]) = 32856
N(2h+12f, 9, [1,0,0,0,1,0,0,0,0,0,0,0], [0,0,2,0,0,0,0,0,0,0,0,0]) = 18423
N(2h+12f, 9, [1,0,0,0,1,0,0,0,0,0,0,0], [0,0,0,0,0,1,0,0,0,0,0,0]) = 12282
N(2h+12f, 9, [0,3,0,0,0,0,0,0,0,0,0,0], [6,0,0,0,0,0,0,0,0,0,0,0]) = 3234
N(2h+12f, 9, [0,3,0,0,0,0,0,0,0,0,0,0], [4,1,0,0,0,0,0,0,0,0,0,0]) = 28996
N(2h+12f, 9, [0,3,0,0,0,0,0,0,0,0,0,0], [3,0,1,0,0,0,0,0,0,0,0,0]) = 33318
N(2h+12f, 9, [0,3,0,0,0,0,0,0,0,0,0,0], [2,2,0,0,0,0,0,0,0,0,0,0]) = 60072
N(2h+12f, 9, [0,3,0,0,0,0,0,0,0,0,0,0], [2,0,0,1,0,0,0,0,0,0,0,0]) = 31556
N(2h+12f, 9, [0,3,0,0,0,0,0,0,0,0,0,0], [1,1,1,0,0,0,0,0,0,0,0,0]) = 82704
N(2h+12f, 9, [0,3,0,0,0,0,0,0,0,0,0,0], [1,0,0,0,1,0,0,0,0,0,0,0]) = 24140
N(2h+12f, 9, [0,3,0,0,0,0,0,0,0,0,0,0], [0,3,0,0,0,0,0,0,0,0,0,0]) = 16000
N(2h+12f, 9, [0,3,0,0,0,0,0,0,0,0,0,0], [0,1,0,1,0,0,0,0,0,0,0,0]) = 31880
N(2h+12f, 9, [0,3,0,0,0,0,0,0,0,0,0,0], [0,0,2,0,0,0,0,0,0,0,0,0]) = 17874
N(2h+12f, 9, [0,3,0,0,0,0,0,0,0,0,0,0], [0,0,0,0,0,1,0,0,0,0,0,0]) = 11916
N(2h+12f, 9, [0,1,0,1,0,0,0,0,0,0,0,0], [6,0,0,0,0,0,0,0,0,0,0,0]) = 3232
N(2h+12f, 9, [0,1,0,1,0,0,0,0,0,0,0,0], [4,1,0,0,0,0,0,0,0,0,0,0]) = 28976
N(2h+12f, 9, [0,1,0,1,0,0,0,0,0,0,0,0], [3,0,1,0,0,0,0,0,0,0,0,0]) = 33294
N(2h+12f, 9, [0,1,0,1,0,0,0,0,0,0,0,0], [2,2,0,0,0,0,0,0,0,0,0,0]) = 60024
N(2h+12f, 9, [0,1,0,1,0,0,0,0,0,0,0,0], [2,0,0,1,0,0,0,0,0,0,0,0]) = 31532
N(2h+12f, 9, [0,1,0,1,0,0,0,0,0,0,0,0], [1,1,1,0,0,0,0,0,0,0,0,0]) = 82632
N(2h+12f, 9, [0,1,0,1,0,0,0,0,0,0,0,0], [1,0,0,0,1,0,0,0,0,0,0,0]) = 24120
N(2h+12f, 9, [0,1,0,1,0,0,0,0,0,0,0,0], [0,3,0,0,0,0,0,0,0,0,0,0]) = 15984
N(2h+12f, 9, [0,1,0,1,0,0,0,0,0,0,0,0], [0,1,0,1,0,0,0,0,0,0,0,0]) = 31848
N(2h+12f, 9, [0,1,0,1,0,0,0,0,0,0,0,0], [0,0,2,0,0,0,0,0,0,0,0,0]) = 17856
N(2h+12f, 9, [0,1,0,1,0,0,0,0,0,0,0,0], [0,0,0,0,0,1,0,0,0,0,0,0]) = 11904
N(2h+12f, 9, [0,0,2,0,0,0,0,0,0,0,0,0], [6,0,0,0,0,0,0,0,0,0,0,0]) = 3231
N(2h+12f, 9, [0,0,2,0,0,0,0,0,0,0,0,0], [4,1,0,0,0,0,0,0,0,0,0,0]) = 28966
N(2h+12f, 9, [0,0,2,0,0,0,0,0,0,0,0,0], [3,0,1,0,0,0,0,0,0,0,0,0]) = 33282
N(2h+12f, 9, [0,0,2,0,0,0,0,0,0,0,0,0], [2,2,0,0,0,0,0,0,0,0,0,0]) = 60000
N(2h+12f, 9, [0,0,2,0,0,0,0,0,0,0,0,0], [2,0,0,1,0,0,0,0,0,0,0,0]) = 31520
N(2h+12f, 9, [0,0,2,0,0,0,0,0,0,0,0,0], [1,1,1,0,0,0,0,0,0,0,0,0]) = 82596
N(2h+12f, 9, [0,0,2,0,0,0,0,0,0,0,0,0], [1,0,0,0,1,0,0,0,0,0,0,0]) = 24110
N(2h+12f, 9, [0,0,2,0,0,0,0,0,0,0,0,0], [0,3,0,0,0,0,0,0,0,0,0,0]) = 15976
N(2h+12f, 9, [0,0,2,0,0,0,0,0,0,0,0,0], [0,1,0,1,0,0,0,0,0,0,0,0]) = 31832
N(2h+12f, 9, [0,0,2,0,0,0,0,0,0,0,0,0], [0,0,2,0,0,0,0,0,0,0,0,0]) = 17847
N(2h+12f, 9, [0,0,2,0,0,0,0,0,0,0,0,0], [0,0,0,0,0,1,0,0,0,0,0,0]) = 11898
N(2h+12f, 9, [0,0,0,0,0,1,0,0,0,0,0,0], [6,0,0,0,0,0,0,0,0,0,0,0]) = 3231
N(2h+12f, 9, [0,0,0,0,0,1,0,0,0,0,0,0], [4,1,0,0,0,0,0,0,0,0,0,0]) = 28966
N(2h+12f, 9, [0,0,0,0,0,1,0,0,0,0,0,0], [3,0,1,0,0,0,0,0,0,0,0,0]) = 33282
N(2h+12f, 9, [0,0,0,0,0,1,0,0,0,0,0,0], [2,2,0,0,0,0,0,0,0,0,0,0]) = 60000
N(2h+12f, 9, [0,0,0,0,0,1,0,0,0,0,0,0], [2,0,0,1,0,0,0,0,0,0,0,0]) = 31520
N(2h+12f, 9, [0,0,0,0,0,1,0,0,0,0,0,0], [1,1,1,0,0,0,0,0,0,0,0,0]) = 82596
N(2h+12f, 9, [0,0,0,0,0,1,0,0,0,0,0,0], [1,0,0,0,1,0,0,0,0,0,0,0]) = 24110
N(2h+12f, 9, [0,0,0,0,0,1,0,0,0,0,0,0], [0,3,0,0,0,0,0,0,0,0,0,0]) = 15976
N(2h+12f, 9, [0,0,0,0,0,1,0,0,0,0,0,0], [0,1,0,1,0,0,0,0,0,0,0,0]) = 31832
N(2h+12f, 9, [0,0,0,0,0,1,0,0,0,0,0,0], [0,0,2,0,0,0,0,0,0,0,0,0]) = 17847
N(2h+12f, 9, [0,0,0,0,0,1,0,0,0,0,0,0], [0,0,0,0,0,1,0,0,0,0,0,0]) = 11898
N(2h+12f, 9, [5,0,0,0,0,0,0,0,0,0,0,0], [7,0,0,0,0,0,0,0,0,0,0,0]) = 3732
N(2h+12f, 9, [5,0,0,0,0,0,0,0,0,0,0,0], [5,1,0,0,0,0,0,0,0,0,0,0]) = 40848
N(2h+12f, 9, [5,0,0,0,0,0,0,0,0,0,0,0], [4,0,1,0,0,0,0,0,0,0,0,0]) = 49311
N(2h+12f, 9, [5,0,0,0,0,0,0,0,0,0,0,0], [3,2,0,0,0,0,0,0,0,0,0,0]) = 121288
N(2h+12f, 9, [5,0,0,0,0,0,0,0,0,0,0,0], [3,0,0,1,0,0,0,0,0,0,0,0]) = 50556
N(2h+12f, 9, [5,0,0,0,0,0,0,0,0,0,0,0], [2,1,1,0,0,0,0,0,0,0,0,0]) = 206190
N(2h+12f, 9, [5,0,0,0,0,0,0,0,0,0,0,0], [2,0,0,0,1,0,0,0,0,0,0,0]) = 45050
N(2h+12f, 9, [5,0,0,0,0,0,0,0,0,0,0,0], [1,3,0,0,0,0,0,0,0,0,0,0]) = 82848
N(2h+12f, 9, [5,0,0,0,0,0,0,0,0,0,0,0], [1,1,0,1,0,0,0,0,0,0,0,0]) = 127088
N(2h+12f, 9, [5,0,0,0,0,0,0,0,0,0,0,0], [1,0,2,0,0,0,0,0,0,0,0,0]) = 71361
N(2h+12f, 9, [5,0,0,0,0,0,0,0,0,0,0,0], [1,0,0,0,0,1,0,0,0,0,0,0]) = 33282
N(2h+12f, 9, [5,0,0,0,0,0,0,0,0,0,0,0], [0,2,1,0,0,0,0,0,0,0,0,0]) = 83604
N(2h+12f, 9, [5,0,0,0,0,0,0,0,0,0,0,0], [0,1,0,0,1,0,0,0,0,0,0,0]) = 46390
N(2h+12f, 9, [5,0,0,0,0,0,0,0,0,0,0,0], [0,0,1,1,0,0,0,0,0,0,0,0]) = 55512
N(2h+12f, 9, [5,0,0,0,0,0,0,0,0,0,0,0], [0,0,0,0,0,0,1,0,0,0,0,0]) = 16191
N(2h+12f, 9, [3,1,0,0,0,0,0,0,0,0,0,0], [7,0,0,0,0,0,0,0,0,0,0,0]) = 3562
N(2h+12f, 9, [3,1,0,0,0,0,0,0,0,0,0,0], [5,1,0,0,0,0,0,0,0,0,0,0]) = 38900
N(2h+12f, 9, [3,1,0,0,0,0,0,0,0,0,0,0], [4,0,1,0,0,0,0,0,0,0,0,0]) = 46917
N(2h+12f, 9, [3,1,0,0,0,0,0,0,0,0,0,0], [3,2,0,0,0,0,0,0,0,0,0,0]) = 115160
N(2h+12f, 9, [3,1,0,0,0,0,0,0,0,0,0,0], [3,0,0,1,0,0,0,0,0,0,0,0]) = 48052
N(2h+12f, 9, [3,1,0,0,0,0,0,0,0,0,0,0], [2,1,1,0,0,0,0,0,0,0,0,0]) = 195462
N(2h+12f, 9, [3,1,0,0,0,0,0,0,0,0,0,0], [2,0,0,0,1,0,0,0,0,0,0,0]) = 42760
N(2h+12f, 9, [3,1,0,0,0,0,0,0,0,0,0,0], [1,3,0,0,0,0,0,0,0,0,0,0]) = 78320
N(2h+12f, 9, [3,1,0,0,0,0,0,0,0,0,0,0], [1,1,0,1,0,0,0,0,0,0,0,0]) = 120208
N(2h+12f, 9, [3,1,0,0,0,0,0,0,0,0,0,0], [1,0,2,0,0,0,0,0,0,0,0,0]) = 67491
N(2h+12f, 9, [3,1,0,0,0,0,0,0,0,0,0,0], [1,0,0,0,0,1,0,0,0,0,0,0]) = 31518
N(2h+12f, 9, [3,1,0,0,0,0,0,0,0,0,0,0], [0,2,1,0,0,0,0,0,0,0,0,0]) = 78780
N(2h+12f, 9, [3,1,0,0,0,0,0,0,0,0,0,0], [0,1,0,0,1,0,0,0,0,0,0,0]) = 43710
N(2h+12f, 9, [3,1,0,0,0,0,0,0,0,0,0,0], [0,0,1,1,0,0,0,0,0,0,0,0]) = 52296
N(2h+12f, 9, [3,1,0,0,0,0,0,0,0,0,0,0], [0,0,0,0,0,0,1,0,0,0,0,0]) = 15253
N(2h+12f, 9, [2,0,1,0,0,0,0,0,0,0,0,0], [7,0,0,0,0,0,0,0,0,0,0,0]) = 3477
N(2h+12f, 9, [2,0,1,0,0,0,0,0,0,0,0,0], [5,1,0,0,0,0,0,0,0,0,0,0]) = 37926
N(2h+12f, 9, [2,0,1,0,0,0,0,0,0,0,0,0], [4,0,1,0,0,0,0,0,0,0,0,0]) = 45720
N(2h+12f, 9, [2,0,1,0,0,0,0,0,0,0,0,0], [3,2,0,0,0,0,0,0,0,0,0,0]) = 112096
N(2h+12f, 9, [2,0,1,0,0,0,0,0,0,0,0,0], [3,0,0,1,0,0,0,0,0,0,0,0]) = 46800
N(2h+12f, 9, [2,0,1,0,0,0,0,0,0,0,0,0], [2,1,1,0,0,0,0,0,0,0,0,0]) = 190098
N(2h+12f, 9, [2,0,1,0,0,0,0,0,0,0,0,0], [2,0,0,0,1,0,0,0,0,0,0,0]) = 41615
N(2h+12f, 9, [2,0,1,0,0,0,0,0,0,0,0,0], [1,3,0,0,0,0,0,0,0,0,0,0]) = 76056
N(2h+12f, 9, [2,0,1,0,0,0,0,0,0,0,0,0], [1,1,0,1,0,0,0,0,0,0,0,0]) = 116768
N(2h+12f, 9, [2,0,1,0,0,0,0,0,0,0,0,0], [1,0,2,0,0,0,0,0,0,0,0,0]) = 65556
N(2h+12f, 9, [2,0,1,0,0,0,0,0,0,0,0,0], [1,0,0,0,0,1,0,0,0,0,0,0]) = 30636
N(2h+12f, 9, [2,0,1,0,0,0,0,0,0,0,0,0], [0,2,1,0,0,0,0,0,0,0,0,0]) = 76368
N(2h+12f, 9, [2,0,1,0,0,0,0,0,0,0,0,0], [0,1,0,0,1,0,0,0,0,0,0,0]) = 42370
N(2h+12f, 9, [2,0,1,0,0,0,0,0,0,0,0,0], [0,0,1,1,0,0,0,0,0,0,0,0]) = 50688
N(2h+12f, 9, [2,0,1,0,0,0,0,0,0,0,0,0], [0,0,0,0,0,0,1,0,0,0,0,0]) = 14784
N(2h+12f, 9, [1,2,0,0,0,0,0,0,0,0,0,0], [7,0,0,0,0,0,0,0,0,0,0,0]) = 3396
N(2h+12f, 9, [1,2,0,0,0,0,0,0,0,0,0,0], [5,1,0,0,0,0,0,0,0,0,0,0]) = 37000
N(2h+12f, 9, [1,2,0,0,0,0,0,0,0,0,0,0], [4,0,1,0,0,0,0,0,0,0,0,0]) = 44583
N(2h+12f, 9, [1,2,0,0,0,0,0,0,0,0,0,0], [3,2,0,0,0,0,0,0,0,0,0,0]) = 109192
N(2h+12f, 9, [1,2,0,0,0,0,0,0,0,0,0,0], [3,0,0,1,0,0,0,0,0,0,0,0]) = 45612
N(2h+12f, 9, [1,2,0,0,0,0,0,0,0,0,0,0], [2,1,1,0,0,0,0,0,0,0,0,0]) = 185022
N(2h+12f, 9, [1,2,0,0,0,0,0,0,0,0,0,0], [2,0,0,0,1,0,0,0,0,0,0,0]) = 40530
N(2h+12f, 9, [1,2,0,0,0,0,0,0,0,0,0,0], [1,3,0,0,0,0,0,0,0,0,0,0]) = 73920
N(2h+12f, 9, [1,2,0,0,0,0,0,0,0,0,0,0], [1,1,0,1,0,0,0,0,0,0,0,0]) = 113520
N(2h+12f, 9, [1,2,0,0,0,0,0,0,0,0,0,0], [1,0,2,0,0,0,0,0,0,0,0,0]) = 63729
N(2h+12f, 9, [1,2,0,0,0,0,0,0,0,0,0,0], [1,0,0,0,0,1,0,0,0,0,0,0]) = 29802
N(2h+12f, 9, [1,2,0,0,0,0,0,0,0,0,0,0], [0,2,1,0,0,0,0,0,0,0,0,0]) = 74100
N(2h+12f, 9, [1,2,0,0,0,0,0,0,0,0,0,0], [0,1,0,0,1,0,0,0,0,0,0,0]) = 41110
N(2h+12f, 9, [1,2,0,0,0,0,0,0,0,0,0,0], [0,0,1,1,0,0,0,0,0,0,0,0]) = 49176
N(2h+12f, 9, [1,2,0,0,0,0,0,0,0,0,0,0], [0,0,0,0,0,0,1,0,0,0,0,0]) = 14343
N(2h+12f, 9, [1,0,0,1,0,0,0,0,0,0,0,0], [7,0,0,0,0,0,0,0,0,0,0,0]) = 3394
N(2h+12f, 9, [1,0,0,1,0,0,0,0,0,0,0,0], [5,1,0,0,0,0,0,0,0,0,0,0]) = 36976
N(2h+12f, 9, [1,0,0,1,0,0,0,0,0,0,0,0], [4,0,1,0,0,0,0,0,0,0,0,0]) = 44553
N(2h+12f, 9, [1,0,0,1,0,0,0,0,0,0,0,0], [3,2,0,0,0,0,0,0,0,0,0,0]) = 109112
N(2h+12f, 9, [1,0,0,1,0,0,0,0,0,0,0,0], [3,0,0,1,0,0,0,0,0,0,0,0]) = 45580
N(2h+12f, 9, [1,0,0,1,0,0,0,0,0,0,0,0], [2,1,1,0,0,0,0,0,0,0,0,0]) = 184878
N(2h+12f, 9, [1,0,0,1,0,0,0,0,0,0,0,0], [2,0,0,0,1,0,0,0,0,0,0,0]) = 40500
N(2h+12f, 9, [1,0,0,1,0,0,0,0,0,0,0,0], [1,3,0,0,0,0,0,0,0,0,0,0]) = 73856
N(2h+12f, 9, [1,0,0,1,0,0,0,0,0,0,0,0], [1,1,0,1,0,0,0,0,0,0,0,0]) = 113424
N(2h+12f, 9, [1,0,0,1,0,0,0,0,0,0,0,0], [1,0,2,0,0,0,0,0,0,0,0,0]) = 63675
N(2h+12f, 9, [1,0,0,1,0,0,0,0,0,0,0,0], [1,0,0,0,0,1,0,0,0,0,0,0]) = 29778
N(2h+12f, 9, [1,0,0,1,0,0,0,0,0,0,0,0], [0,2,1,0,0,0,0,0,0,0,0,0]) = 74028
N(2h+12f, 9, [1,0,0,1,0,0,0,0,0,0,0,0], [0,1,0,0,1,0,0,0,0,0,0,0]) = 41070
N(2h+12f, 9, [1,0,0,1,0,0,0,0,0,0,0,0], [0,0,1,1,0,0,0,0,0,0,0,0]) = 49128
N(2h+12f, 9, [1,0,0,1,0,0,0,0,0,0,0,0], [0,0,0,0,0,0,1,0,0,0,0,0]) = 14329
N(2h+12f, 9, [0,1,1,0,0,0,0,0,0,0,0,0], [7,0,0,0,0,0,0,0,0,0,0,0]) = 3313
N(2h+12f, 9, [0,1,1,0,0,0,0,0,0,0,0,0], [5,1,0,0,0,0,0,0,0,0,0,0]) = 36050
N(2h+12f, 9, [0,1,1,0,0,0,0,0,0,0,0,0], [4,0,1,0,0,0,0,0,0,0,0,0]) = 43416
N(2h+12f, 9, [0,1,1,0,0,0,0,0,0,0,0,0], [3,2,0,0,0,0,0,0,0,0,0,0]) = 106208
N(2h+12f, 9, [0,1,1,0,0,0,0,0,0,0,0,0], [3,0,0,1,0,0,0,0,0,0,0,0]) = 44392
N(2h+12f, 9, [0,1,1,0,0,0,0,0,0,0,0,0], [2,1,1,0,0,0,0,0,0,0,0,0]) = 179802
N(2h+12f, 9, [0,1,1,0,0,0,0,0,0,0,0,0], [2,0,0,0,1,0,0,0,0,0,0,0]) = 39415
N(2h+12f, 9, [0,1,1,0,0,0,0,0,0,0,0,0], [1,3,0,0,0,0,0,0,0,0,0,0]) = 71720
N(2h+12f, 9, [0,1,1,0,0,0,0,0,0,0,0,0], [1,1,0,1,0,0,0,0,0,0,0,0]) = 110176
N(2h+12f, 9, [0,1,1,0,0,0,0,0,0,0,0,0], [1,0,2,0,0,0,0,0,0,0,0,0]) = 61848
N(2h+12f, 9, [0,1,1,0,0,0,0,0,0,0,0,0], [1,0,0,0,0,1,0,0,0,0,0,0]) = 28944
N(2h+12f, 9, [0,1,1,0,0,0,0,0,0,0,0,0], [0,2,1,0,0,0,0,0,0,0,0,0]) = 71760
N(2h+12f, 9, [0,1,1,0,0,0,0,0,0,0,0,0], [0,1,0,0,1,0,0,0,0,0,0,0]) = 39810
N(2h+12f, 9, [0,1,1,0,0,0,0,0,0,0,0,0], [0,0,1,1,0,0,0,0,0,0,0,0]) = 47616
N(2h+12f, 9, [0,1,1,0,0,0,0,0,0,0,0,0], [0,0,0,0,0,0,1,0,0,0,0,0]) = 13888
N(2h+12f, 9, [0,0,0,0,1,0,0,0,0,0,0,0], [7,0,0,0,0,0,0,0,0,0,0,0]) = 3312
N(2h+12f, 9, [0,0,0,0,1,0,0,0,0,0,0,0], [5,1,0,0,0,0,0,0,0,0,0,0]) = 36038
N(2h+12f, 9, [0,0,0,0,1,0,0,0,0,0,0,0], [4,0,1,0,0,0,0,0,0,0,0,0]) = 43401
N(2h+12f, 9, [0,0,0,0,1,0,0,0,0,0,0,0], [3,2,0,0,0,0,0,0,0,0,0,0]) = 106168
N(2h+12f, 9, [0,0,0,0,1,0,0,0,0,0,0,0], [3,0,0,1,0,0,0,0,0,0,0,0]) = 44376
N(2h+12f, 9, [0,0,0,0,1,0,0,0,0,0,0,0], [2,1,1,0,0,0,0,0,0,0,0,0]) = 179730
N(2h+12f, 9, [0,0,0,0,1,0,0,0,0,0,0,0], [2,0,0,0,1,0,0,0,0,0,0,0]) = 39400
N(2h+12f, 9, [0,0,0,0,1,0,0,0,0,0,0,0], [1,3,0,0,0,0,0,0,0,0,0,0]) = 71688
N(2h+12f, 9, [0,0,0,0,1,0,0,0,0,0,0,0], [1,1,0,1,0,0,0,0,0,0,0,0]) = 110128
N(2h+12f, 9, [0,0,0,0,1,0,0,0,0,0,0,0], [1,0,2,0,0,0,0,0,0,0,0,0]) = 61821
N(2h+12f, 9, [0,0,0,0,1,0,0,0,0,0,0,0], [1,0,0,0,0,1,0,0,0,0,0,0]) = 28932
N(2h+12f, 9, [0,0,0,0,1,0,0,0,0,0,0,0], [0,2,1,0,0,0,0,0,0,0,0,0]) = 71724
N(2h+12f, 9, [0,0,0,0,1,0,0,0,0,0,0,0], [0,1,0,0,1,0,0,0,0,0,0,0]) = 39790
N(2h+12f, 9, [0,0,0,0,1,0,0,0,0,0,0,0], [0,0,1,1,0,0,0,0,0,0,0,0]) = 47592
N(2h+12f, 9, [0,0,0,0,1,0,0,0,0,0,0,0], [0,0,0,0,0,0,1,0,0,0,0,0]) = 13881
N(2h+12f, 9, [4,0,0,0,0,0,0,0,0,0,0,0], [8,0,0,0,0,0,0,0,0,0,0,0]) = 3732
N(2h+12f, 9, [4,0,0,0,0,0,0,0,0,0,0,0], [6,1,0,0,0,0,0,0,0,0,0,0]) = 47972
N(2h+12f, 9, [4,0,0,0,0,0,0,0,0,0,0,0], [5,0,1,0,0,0,0,0,0,0,0,0]) = 59742
N(2h+12f, 9, [4,0,0,0,0,0,0,0,0,0,0,0], [4,2,0,0,0,0,0,0,0,0,0,0]) = 185504
N(2h+12f, 9, [4,0,0,0,0,0,0,0,0,0,0,0], [4,0,0,1,0,0,0,0,0,0,0,0]) = 64132
N(2h+12f, 9, [4,0,0,0,0,0,0,0,0,0,0,0], [3,1,1,0,0,0,0,0,0,0,0,0]) = 354168
N(2h+12f, 9, [4,0,0,0,0,0,0,0,0,0,0,0], [3,0,0,0,1,0,0,0,0,0,0,0]) = 61610
N(2h+12f, 9, [4,0,0,0,0,0,0,0,0,0,0,0], [2,3,0,0,0,0,0,0,0,0,0,0]) = 216912
N(2h+12f, 9, [4,0,0,0,0,0,0,0,0,0,0,0], [2,1,0,1,0,0,0,0,0,0,0,0]) = 267672
N(2h+12f, 9, [4,0,0,0,0,0,0,0,0,0,0,0], [2,0,2,0,0,0,0,0,0,0,0,0]) = 150363
N(2h+12f, 9, [4,0,0,0,0,0,0,0,0,0,0,0], [2,0,0,0,0,1,0,0,0,0,0,0]) = 52668
N(2h+12f, 9, [4,0,0,0,0,0,0,0,0,0,0,0], [1,2,1,0,0,0,0,0,0,0,0,0]) = 361944
N(2h+12f, 9, [4,0,0,0,0,0,0,0,0,0,0,0], [1,1,0,0,1,0,0,0,0,0,0,0]) = 154500
N(2h+12f, 9, [4,0,0,0,0,0,0,0,0,0,0,0], [1,0,1,1,0,0,0,0,0,0,0,0]) = 185064
N(2h+12f, 9, [4,0,0,0,0,0,0,0,0,0,0,0], [1,0,0,0,0,0,1,0,0,0,0,0]) = 37786
N(2h+12f, 9, [4,0,0,0,0,0,0,0,0,0,0,0], [0,4,0,0,0,0,0,0,0,0,0,0]) = 36160
N(2h+12f, 9, [4,0,0,0,0,0,0,0,0,0,0,0], [0,2,0,1,0,0,0,0,0,0,0,0]) = 108208
N(2h+12f, 9, [4,0,0,0,0,0,0,0,0,0,0,0], [0,1,2,0,0,0,0,0,0,0,0,0]) = 121482
N(2h+12f, 9, [4,0,0,0,0,0,0,0,0,0,0,0], [0,1,0,0,0,1,0,0,0,0,0,0]) = 54036
N(2h+12f, 9, [4,0,0,0,0,0,0,0,0,0,0,0], [0,0,1,0,1,0,0,0,0,0,0,0]) = 67350
N(2h+12f, 9, [4,0,0,0,0,0,0,0,0,0,0,0], [0,0,0,2,0,0,0,0,0,0,0,0]) = 35920
N(2h+12f, 9, [4,0,0,0,0,0,0,0,0,0,0,0], [0,0,0,0,0,0,0,1,0,0,0,0]) = 17960
N(2h+12f, 9, [2,1,0,0,0,0,0,0,0,0,0,0], [8,0,0,0,0,0,0,0,0,0,0,0]) = 3562
N(2h+12f, 9, [2,1,0,0,0,0,0,0,0,0,0,0], [6,1,0,0,0,0,0,0,0,0,0,0]) = 45692
N(2h+12f, 9, [2,1,0,0,0,0,0,0,0,0,0,0], [5,0,1,0,0,0,0,0,0,0,0,0]) = 56856
N(2h+12f, 9, [2,1,0,0,0,0,0,0,0,0,0,0], [4,2,0,0,0,0,0,0,0,0,0,0]) = 176224
N(2h+12f, 9, [2,1,0,0,0,0,0,0,0,0,0,0], [4,0,0,1,0,0,0,0,0,0,0,0]) = 60980
N(2h+12f, 9, [2,1,0,0,0,0,0,0,0,0,0,0], [3,1,1,0,0,0,0,0,0,0,0,0]) = 336024
N(2h+12f, 9, [2,1,0,0,0,0,0,0,0,0,0,0], [3,0,0,0,1,0,0,0,0,0,0,0]) = 58520
N(2h+12f, 9, [2,1,0,0,0,0,0,0,0,0,0,0], [2,3,0,0,0,0,0,0,0,0,0,0]) = 205328
N(2h+12f, 9, [2,1,0,0,0,0,0,0,0,0,0,0], [2,1,0,1,0,0,0,0,0,0,0,0]) = 253560
N(2h+12f, 9, [2,1,0,0,0,0,0,0,0,0,0,0], [2,0,2,0,0,0,0,0,0,0,0,0]) = 142425
N(2h+12f, 9, [2,1,0,0,0,0,0,0,0,0,0,0], [2,0,0,0,0,1,0,0,0,0,0,0]) = 49956
N(2h+12f, 9, [2,1,0,0,0,0,0,0,0,0,0,0], [1,2,1,0,0,0,0,0,0,0,0,0]) = 341856
N(2h+12f, 9, [2,1,0,0,0,0,0,0,0,0,0,0], [1,1,0,0,1,0,0,0,0,0,0,0]) = 146020
N(2h+12f, 9, [2,1,0,0,0,0,0,0,0,0,0,0], [1,0,1,1,0,0,0,0,0,0,0,0]) = 174888
N(2h+12f, 9, [2,1,0,0,0,0,0,0,0,0,0,0], [1,0,0,0,0,0,1,0,0,0,0,0]) = 35756
N(2h+12f, 9, [2,1,0,0,0,0,0,0,0,0,0,0], [0,4,0,0,0,0,0,0,0,0,0,0]) = 34048
N(2h+12f, 9, [2,1,0,0,0,0,0,0,0,0,0,0], [0,2,0,1,0,0,0,0,0,0,0,0]) = 101872
N(2h+12f, 9, [2,1,0,0,0,0,0,0,0,0,0,0], [0,1,2,0,0,0,0,0,0,0,0,0]) = 114354
N(2h+12f, 9, [2,1,0,0,0,0,0,0,0,0,0,0], [0,1,0,0,0,1,0,0,0,0,0,0]) = 50868
N(2h+12f, 9, [2,1,0,0,0,0,0,0,0,0,0,0], [0,0,1,0,1,0,0,0,0,0,0,0]) = 63390
N(2h+12f, 9, [2,1,0,0,0,0,0,0,0,0,0,0], [0,0,0,2,0,0,0,0,0,0,0,0]) = 33808
N(2h+12f, 9, [2,1,0,0,0,0,0,0,0,0,0,0], [0,0,0,0,0,0,0,1,0,0,0,0]) = 16904
N(2h+12f, 9, [1,0,1,0,0,0,0,0,0,0,0,0], [8,0,0,0,0,0,0,0,0,0,0,0]) = 3477
N(2h+12f, 9, [1,0,1,0,0,0,0,0,0,0,0,0], [6,1,0,0,0,0,0,0,0,0,0,0]) = 44552
N(2h+12f, 9, [1,0,1,0,0,0,0,0,0,0,0,0], [5,0,1,0,0,0,0,0,0,0,0,0]) = 55413
N(2h+12f, 9, [1,0,1,0,0,0,0,0,0,0,0,0], [4,2,0,0,0,0,0,0,0,0,0,0]) = 171584
N(2h+12f, 9, [1,0,1,0,0,0,0,0,0,0,0,0], [4,0,0,1,0,0,0,0,0,0,0,0]) = 59404
N(2h+12f, 9, [1,0,1,0,0,0,0,0,0,0,0,0], [3,1,1,0,0,0,0,0,0,0,0,0]) = 326952
N(2h+12f, 9, [1,0,1,0,0,0,0,0,0,0,0,0], [3,0,0,0,1,0,0,0,0,0,0,0]) = 56975
N(2h+12f, 9, [1,0,1,0,0,0,0,0,0,0,0,0], [2,3,0,0,0,0,0,0,0,0,0,0]) = 199536
N(2h+12f, 9, [1,0,1,0,0,0,0,0,0,0,0,0], [2,1,0,1,0,0,0,0,0,0,0,0]) = 246504
N(2h+12f, 9, [1,0,1,0,0,0,0,0,0,0,0,0], [2,0,2,0,0,0,0,0,0,0,0,0]) = 138456
N(2h+12f, 9, [1,0,1,0,0,0,0,0,0,0,0,0], [2,0,0,0,0,1,0,0,0,0,0,0]) = 48600
N(2h+12f, 9, [1,0,1,0,0,0,0,0,0,0,0,0], [1,2,1,0,0,0,0,0,0,0,0,0]) = 331812
N(2h+12f, 9, [1,0,1,0,0,0,0,0,0,0,0,0], [1,1,0,0,1,0,0,0,0,0,0,0]) = 141780
N(2h+12f, 9, [1,0,1,0,0,0,0,0,0,0,0,0], [1,0,1,1,0,0,0,0,0,0,0,0]) = 169800
N(2h+12f, 9, [1,0,1,0,0,0,0,0,0,0,0,0], [1,0,0,0,0,0,1,0,0,0,0,0]) = 34741
N(2h+12f, 9, [1,0,1,0,0,0,0,0,0,0,0,0], [0,4,0,0,0,0,0,0,0,0,0,0]) = 32992
N(2h+12f, 9, [1,0,1,0,0,0,0,0,0,0,0,0], [0,2,0,1,0,0,0,0,0,0,0,0]) = 98704
N(2h+12f, 9, [1,0,1,0,0,0,0,0,0,0,0,0], [0,1,2,0,0,0,0,0,0,0,0,0]) = 110790
N(2h+12f, 9, [1,0,1,0,0,0,0,0,0,0,0,0], [0,1,0,0,0,1,0,0,0,0,0,0]) = 49284
N(2h+12f, 9, [1,0,1,0,0,0,0,0,0,0,0,0], [0,0,1,0,1,0,0,0,0,0,0,0]) = 61410
N(2h+12f, 9, [1,0,1,0,0,0,0,0,0,0,0,0], [0,0,0,2,0,0,0,0,0,0,0,0]) = 32752
N(2h+12f, 9, [1,0,1,0,0,0,0,0,0,0,0,0], [0,0,0,0,0,0,0,1,0,0,0,0]) = 16376
N(2h+12f, 9, [0,2,0,0,0,0,0,0,0,0,0,0], [8,0,0,0,0,0,0,0,0,0,0,0]) = 3396
N(2h+12f, 9, [0,2,0,0,0,0,0,0,0,0,0,0], [6,1,0,0,0,0,0,0,0,0,0,0]) = 43468
N(2h+12f, 9, [0,2,0,0,0,0,0,0,0,0,0,0], [5,0,1,0,0,0,0,0,0,0,0,0]) = 54042
N(2h+12f, 9, [0,2,0,0,0,0,0,0,0,0,0,0], [4,2,0,0,0,0,0,0,0,0,0,0]) = 167184
N(2h+12f, 9, [0,2,0,0,0,0,0,0,0,0,0,0], [4,0,0,1,0,0,0,0,0,0,0,0]) = 57908
N(2h+12f, 9, [0,2,0,0,0,0,0,0,0,0,0,0], [3,1,1,0,0,0,0,0,0,0,0,0]) = 318360
N(2h+12f, 9, [0,2,0,0,0,0,0,0,0,0,0,0], [3,0,0,0,1,0,0,0,0,0,0,0]) = 55510
N(2h+12f, 9, [0,2,0,0,0,0,0,0,0,0,0,0], [2,3,0,0,0,0,0,0,0,0,0,0]) = 194064
N(2h+12f, 9, [0,2,0,0,0,0,0,0,0,0,0,0], [2,1,0,1,0,0,0,0,0,0,0,0]) = 239832
N(2h+12f, 9, [0,2,0,0,0,0,0,0,0,0,0,0], [2,0,2,0,0,0,0,0,0,0,0,0]) = 134703
N(2h+12f, 9, [0,2,0,0,0,0,0,0,0,0,0,0], [2,0,0,0,0,1,0,0,0,0,0,0]) = 47316
N(2h+12f, 9, [0,2,0,0,0,0,0,0,0,0,0,0], [1,2,1,0,0,0,0,0,0,0,0,0]) = 322344
N(2h+12f, 9, [0,2,0,0,0,0,0,0,0,0,0,0], [1,1,0,0,1,0,0,0,0,0,0,0]) = 137780
N(2h+12f, 9, [0,2,0,0,0,0,0,0,0,0,0,0], [1,0,1,1,0,0,0,0,0,0,0,0]) = 165000
N(2h+12f, 9, [0,2,0,0,0,0,0,0,0,0,0,0], [1,0,0,0,0,0,1,0,0,0,0,0]) = 33782
N(2h+12f, 9, [0,2,0,0,0,0,0,0,0,0,0,0], [0,4,0,0,0,0,0,0,0,0,0,0]) = 32000
N(2h+12f, 9, [0,2,0,0,0,0,0,0,0,0,0,0], [0,2,0,1,0,0,0,0,0,0,0,0]) = 95728
N(2h+12f, 9, [0,2,0,0,0,0,0,0,0,0,0,0], [0,1,2,0,0,0,0,0,0,0,0,0]) = 107442
N(2h+12f, 9, [0,2,0,0,0,0,0,0,0,0,0,0], [0,1,0,0,0,1,0,0,0,0,0,0]) = 47796
N(2h+12f, 9, [0,2,0,0,0,0,0,0,0,0,0,0], [0,0,1,0,1,0,0,0,0,0,0,0]) = 59550
N(2h+12f, 9, [0,2,0,0,0,0,0,0,0,0,0,0], [0,0,0,2,0,0,0,0,0,0,0,0]) = 31760
N(2h+12f, 9, [0,2,0,0,0,0,0,0,0,0,0,0], [0,0,0,0,0,0,0,1,0,0,0,0]) = 15880
N(2h+12f, 9, [0,0,0,1,0,0,0,0,0,0,0,0], [8,0,0,0,0,0,0,0,0,0,0,0]) = 3394
N(2h+12f, 9, [0,0,0,1,0,0,0,0,0,0,0,0], [6,1,0,0,0,0,0,0,0,0,0,0]) = 43440
N(2h+12f, 9, [0,0,0,1,0,0,0,0,0,0,0,0], [5,0,1,0,0,0,0,0,0,0,0,0]) = 54006
N(2h+12f, 9, [0,0,0,1,0,0,0,0,0,0,0,0], [4,2,0,0,0,0,0,0,0,0,0,0]) = 167064
N(2h+12f, 9, [0,0,0,1,0,0,0,0,0,0,0,0], [4,0,0,1,0,0,0,0,0,0,0,0]) = 57868
N(2h+12f, 9, [0,0,0,1,0,0,0,0,0,0,0,0], [3,1,1,0,0,0,0,0,0,0,0,0]) = 318120
N(2h+12f, 9, [0,0,0,1,0,0,0,0,0,0,0,0], [3,0,0,0,1,0,0,0,0,0,0,0]) = 55470
N(2h+12f, 9, [0,0,0,1,0,0,0,0,0,0,0,0], [2,3,0,0,0,0,0,0,0,0,0,0]) = 193904
N(2h+12f, 9, [0,0,0,1,0,0,0,0,0,0,0,0], [2,1,0,1,0,0,0,0,0,0,0,0]) = 239640
N(2h+12f, 9, [0,0,0,1,0,0,0,0,0,0,0,0], [2,0,2,0,0,0,0,0,0,0,0,0]) = 134595
N(2h+12f, 9, [0,0,0,1,0,0,0,0,0,0,0,0], [2,0,0,0,0,1,0,0,0,0,0,0]) = 47280
N(2h+12f, 9, [0,0,0,1,0,0,0,0,0,0,0,0], [1,2,1,0,0,0,0,0,0,0,0,0]) = 322056
N(2h+12f, 9, [0,0,0,1,0,0,0,0,0,0,0,0], [1,1,0,0,1,0,0,0,0,0,0,0]) = 137660
N(2h+12f, 9, [0,0,0,1,0,0,0,0,0,0,0,0], [1,0,1,1,0,0,0,0,0,0,0,0]) = 164856
N(2h+12f, 9, [0,0,0,1,0,0,0,0,0,0,0,0], [1,0,0,0,0,0,1,0,0,0,0,0]) = 33754
N(2h+12f, 9, [0,0,0,1,0,0,0,0,0,0,0,0], [0,4,0,0,0,0,0,0,0,0,0,0]) = 31968
N(2h+12f, 9, [0,0,0,1,0,0,0,0,0,0,0,0], [0,2,0,1,0,0,0,0,0,0,0,0]) = 95632
N(2h+12f, 9, [0,0,0,1,0,0,0,0,0,0,0,0], [0,1,2,0,0,0,0,0,0,0,0,0]) = 107334
N(2h+12f, 9, [0,0,0,1,0,0,0,0,0,0,0,0], [0,1,0,0,0,1,0,0,0,0,0,0]) = 47748
N(2h+12f, 9, [0,0,0,1,0,0,0,0,0,0,0,0], [0,0,1,0,1,0,0,0,0,0,0,0]) = 59490
N(2h+12f, 9, [0,0,0,1,0,0,0,0,0,0,0,0], [0,0,0,2,0,0,0,0,0,0,0,0]) = 31728
N(2h+12f, 9, [0,0,0,1,0,0,0,0,0,0,0,0], [0,0,0,0,0,0,0,1,0,0,0,0]) = 15864
N(2h+12f, 9, [3,0,0,0,0,0,0,0,0,0,0,0], [9,0,0,0,0,0,0,0,0,0,0,0]) = 3732
N(2h+12f, 9, [3,0,0,0,0,0,0,0,0,0,0,0], [7,1,0,0,0,0,0,0,0,0,0,0]) = 55096
N(2h+12f, 9, [3,0,0,0,0,0,0,0,0,0,0,0], [6,0,1,0,0,0,0,0,0,0,0,0]) = 70173
N(2h+12f, 9, [3,0,0,0,0,0,0,0,0,0,0,0], [5,2,0,0,0,0,0,0,0,0,0,0]) = 263304
N(2h+12f, 9, [3,0,0,0,0,0,0,0,0,0,0,0], [5,0,0,1,0,0,0,0,0,0,0,0]) = 77708
N(2h+12f, 9, [3,0,0,0,0,0,0,0,0,0,0,0], [4,1,1,0,0,0,0,0,0,0,0,0]) = 541902
N(2h+12f, 9, [3,0,0,0,0,0,0,0,0,0,0,0], [4,0,0,0,1,0,0,0,0,0,0,0]) = 78170
N(2h+12f, 9, [3,0,0,0,0,0,0,0,0,0,0,0], [3,3,0,0,0,0,0,0,0,0,0,0]) = 447232
N(2h+12f, 9, [3,0,0,0,0,0,0,0,0,0,0,0], [3,1,0,1,0,0,0,0,0,0,0,0]) = 459968
N(2h+12f, 9, [3,0,0,0,0,0,0,0,0,0,0,0], [3,0,2,0,0,0,0,0,0,0,0,0]) = 258444
N(2h+12f, 9, [3,0,0,0,0,0,0,0,0,0,0,0], [3,0,0,0,0,1,0,0,0,0,0,0]) = 72054
N(2h+12f, 9, [3,0,0,0,0,0,0,0,0,0,0,0], [2,2,1,0,0,0,0,0,0,0,0,0]) = 948528
N(2h+12f, 9, [3,0,0,0,0,0,0,0,0,0,0,0], [2,1,0,0,1,0,0,0,0,0,0,0]) = 325650
N(2h+12f, 9, [3,0,0,0,0,0,0,0,0,0,0,0], [2,0,1,1,0,0,0,0,0,0,0,0]) = 390240
N(2h+12f, 9, [3,0,0,0,0,0,0,0,0,0,0,0], [2,0,0,0,0,0,1,0,0,0,0,0]) = 59843
N(2h+12f, 9, [3,0,0,0,0,0,0,0,0,0,0,0], [1,4,0,0,0,0,0,0,0,0,0,0]) = 192800
N(2h+12f, 9, [3,0,0,0,0,0,0,0,0,0,0,0], [1,2,0,1,0,0,0,0,0,0,0,0]) = 469008
N(2h+12f, 9, [3,0,0,0,0,0,0,0,0,0,0,0], [1,1,2,0,0,0,0,0,0,0,0,0]) = 526824
N(2h+12f, 9, [3,0,0,0,0,0,0,0,0,0,0,0], [1,1,0,0,0,1,0,0,0,0,0,0]) = 180240
N(2h+12f, 9, [3,0,0,0,0,0,0,0,0,0,0,0], [1,0,1,0,1,0,0,0,0,0,0,0]) = 224880
N(2h+12f, 9, [3,0,0,0,0,0,0,0,0,0,0,0], [1,0,0,2,0,0,0,0,0,0,0,0]) = 119936
N(2h+12f, 9, [3,0,0,0,0,0,0,0,0,0,0,0], [1,0,0,0,0,0,0,1,0,0,0,0]) = 42008
N(2h+12f, 9, [3,0,0,0,0,0,0,0,0,0,0,0], [0,3,1,0,0,0,0,0,0,0,0,0]) = 210168
N(2h+12f, 9, [3,0,0,0,0,0,0,0,0,0,0,0], [0,2,0,0,1,0,0,0,0,0,0,0]) = 131240
N(2h+12f, 9, [3,0,0,0,0,0,0,0,0,0,0,0], [0,1,1,1,0,0,0,0,0,0,0,0]) = 314304
N(2h+12f, 9, [3,0,0,0,0,0,0,0,0,0,0,0], [0,1,0,0,0,0,1,0,0,0,0,0]) = 61166
N(2h+12f, 9, [3,0,0,0,0,0,0,0,0,0,0,0], [0,0,3,0,0,0,0,0,0,0,0,0]) = 58806
N(2h+12f, 9, [3,0,0,0,0,0,0,0,0,0,0,0], [0,0,1,0,0,1,0,0,0,0,0,0]) = 78408
N(2h+12f, 9, [3,0,0,0,0,0,0,0,0,0,0,0], [0,0,0,1,1,0,0,0,0,0,0,0]) = 87120
N(2h+12f, 9, [3,0,0,0,0,0,0,0,0,0,0,0], [0,0,0,0,0,0,0,0,1,0,0,0]) = 19602
N(2h+12f, 9, [1,1,0,0,0,0,0,0,0,0,0,0], [9,0,0,0,0,0,0,0,0,0,0,0]) = 3562
N(2h+12f, 9, [1,1,0,0,0,0,0,0,0,0,0,0], [7,1,0,0,0,0,0,0,0,0,0,0]) = 52484
N(2h+12f, 9, [1,1,0,0,0,0,0,0,0,0,0,0], [6,0,1,0,0,0,0,0,0,0,0,0]) = 66795
N(2h+12f, 9, [1,1,0,0,0,0,0,0,0,0,0,0], [5,2,0,0,0,0,0,0,0,0,0,0]) = 250224
N(2h+12f, 9, [1,1,0,0,0,0,0,0,0,0,0,0], [5,0,0,1,0,0,0,0,0,0,0,0]) = 73908
N(2h+12f, 9, [1,1,0,0,0,0,0,0,0,0,0,0], [4,1,1,0,0,0,0,0,0,0,0,0]) = 514422
N(2h+12f, 9, [1,1,0,0,0,0,0,0,0,0,0,0], [4,0,0,0,1,0,0,0,0,0,0,0]) = 74280
N(2h+12f, 9, [1,1,0,0,0,0,0,0,0,0,0,0], [3,3,0,0,0,0,0,0,0,0,0,0]) = 423712
N(2h+12f, 9, [1,1,0,0,0,0,0,0,0,0,0,0], [3,1,0,1,0,0,0,0,0,0,0,0]) = 436096
N(2h+12f, 9, [1,1,0,0,0,0,0,0,0,0,0,0], [3,0,2,0,0,0,0,0,0,0,0,0]) = 245016
N(2h+12f, 9, [1,1,0,0,0,0,0,0,0,0,0,0], [3,0,0,0,0,1,0,0,0,0,0,0]) = 68394
N(2h+12f, 9, [1,1,0,0,0,0,0,0,0,0,0,0], [2,2,1,0,0,0,0,0,0,0,0,0]) = 897120
N(2h+12f, 9, [1,1,0,0,0,0,0,0,0,0,0,0], [2,1,0,0,1,0,0,0,0,0,0,0]) = 308250
N(2h+12f, 9, [1,1,0,0,0,0,0,0,0,0,0,0], [2,0,1,1,0,0,0,0,0,0,0,0]) = 369360
N(2h+12f, 9, [1,1,0,0,0,0,0,0,0,0,0,0], [2,0,0,0,0,0,1,0,0,0,0,0]) = 56721
N(2h+12f, 9, [1,1,0,0,0,0,0,0,0,0,0,0], [1,4,0,0,0,0,0,0,0,0,0,0]) = 181888
N(2h+12f, 9, [1,1,0,0,0,0,0,0,0,0,0,0], [1,2,0,1,0,0,0,0,0,0,0,0]) = 442608
N(2h+12f, 9, [1,1,0,0,0,0,0,0,0,0,0,0], [1,1,2,0,0,0,0,0,0,0,0,0]) = 497124
N(2h+12f, 9, [1,1,0,0,0,0,0,0,0,0,0,0], [1,1,0,0,0,1,0,0,0,0,0,0]) = 170208
N(2h+12f, 9, [1,1,0,0,0,0,0,0,0,0,0,0], [1,0,1,0,1,0,0,0,0,0,0,0]) = 212340
N(2h+12f, 9, [1,1,0,0,0,0,0,0,0,0,0,0], [1,0,0,2,0,0,0,0,0,0,0,0]) = 113248
N(2h+12f, 9, [1,1,0,0,0,0,0,0,0,0,0,0], [1,0,0,0,0,0,0,1,0,0,0,0]) = 39720
N(2h+12f, 9, [1,1,0,0,0,0,0,0,0,0,0,0], [0,3,1,0,0,0,0,0,0,0,0,0]) = 197688
N(2h+12f, 9, [1,1,0,0,0,0,0,0,0,0,0,0], [0,2,0,0,1,0,0,0,0,0,0,0]) = 123440
N(2h+12f, 9, [1,1,0,0,0,0,0,0,0,0,0,0], [0,1,1,1,0,0,0,0,0,0,0,0]) = 295584
N(2h+12f, 9, [1,1,0,0,0,0,0,0,0,0,0,0], [0,1,0,0,0,0,1,0,0,0,0,0]) = 57526
N(2h+12f, 9, [1,1,0,0,0,0,0,0,0,0,0,0], [0,0,3,0,0,0,0,0,0,0,0,0]) = 55296
N(2h+12f, 9, [1,1,0,0,0,0,0,0,0,0,0,0], [0,0,1,0,0,1,0,0,0,0,0,0]) = 73728
N(2h+12f, 9, [1,1,0,0,0,0,0,0,0,0,0,0], [0,0,0,1,1,0,0,0,0,0,0,0]) = 81920
N(2h+12f, 9, [1,1,0,0,0,0,0,0,0,0,0,0], [0,0,0,0,0,0,0,0,1,0,0,0]) = 18432
N(2h+12f, 9, [0,0,1,0,0,0,0,0,0,0,0,0], [9,0,0,0,0,0,0,0,0,0,0,0]) = 3477
N(2h+12f, 9, [0,0,1,0,0,0,0,0,0,0,0,0], [7,1,0,0,0,0,0,0,0,0,0,0]) = 51178
N(2h+12f, 9, [0,0,1,0,0,0,0,0,0,0,0,0], [6,0,1,0,0,0,0,0,0,0,0,0]) = 65106
N(2h+12f, 9, [0,0,1,0,0,0,0,0,0,0,0,0], [5,2,0,0,0,0,0,0,0,0,0,0]) = 243684
N(2h+12f, 9, [0,0,1,0,0,0,0,0,0,0,0,0], [5,0,0,1,0,0,0,0,0,0,0,0]) = 72008
N(2h+12f, 9, [0,0,1,0,0,0,0,0,0,0,0,0], [4,1,1,0,0,0,0,0,0,0,0,0]) = 500682
N(2h+12f, 9, [0,0,1,0,0,0,0,0,0,0,0,0], [4,0,0,0,1,0,0,0,0,0,0,0]) = 72335
N(2h+12f, 9, [0,0,1,0,0,0,0,0,0,0,0,0], [3,3,0,0,0,0,0,0,0,0,0,0]) = 411952
N(2h+12f, 9, [0,0,1,0,0,0,0,0,0,0,0,0], [3,1,0,1,0,0,0,0,0,0,0,0]) = 424160
N(2h+12f, 9, [0,0,1,0,0,0,0,0,0,0,0,0], [3,0,2,0,0,0,0,0,0,0,0,0]) = 238302
N(2h+12f, 9, [0,0,1,0,0,0,0,0,0,0,0,0], [3,0,0,0,0,1,0,0,0,0,0,0]) = 66564
N(2h+12f, 9, [0,0,1,0,0,0,0,0,0,0,0,0], [2,2,1,0,0,0,0,0,0,0,0,0]) = 871416
N(2h+12f, 9, [0,0,1,0,0,0,0,0,0,0,0,0], [2,1,0,0,1,0,0,0,0,0,0,0]) = 299550
N(2h+12f, 9, [0,0,1,0,0,0,0,0,0,0,0,0], [2,0,1,1,0,0,0,0,0,0,0,0]) = 358920
N(2h+12f, 9, [0,0,1,0,0,0,0,0,0,0,0,0], [2,0,0,0,0,0,1,0,0,0,0,0]) = 55160
N(2h+12f, 9, [0,0,1,0,0,0,0,0,0,0,0,0], [1,4,0,0,0,0,0,0,0,0,0,0]) = 176432
N(2h+12f, 9, [0,0,1,0,0,0,0,0,0,0,0,0], [1,2,0,1,0,0,0,0,0,0,0,0]) = 429408
N(2h+12f, 9, [0,0,1,0,0,0,0,0,0,0,0,0], [1,1,2,0,0,0,0,0,0,0,0,0]) = 482274
N(2h+12f, 9, [0,0,1,0,0,0,0,0,0,0,0,0], [1,1,0,0,0,1,0,0,0,0,0,0]) = 165192
N(2h+12f, 9, [0,0,1,0,0,0,0,0,0,0,0,0], [1,0,1,0,1,0,0,0,0,0,0,0]) = 206070
N(2h+12f, 9, [0,0,1,0,0,0,0,0,0,0,0,0], [1,0,0,2,0,0,0,0,0,0,0,0]) = 109904
N(2h+12f, 9, [0,0,1,0,0,0,0,0,0,0,0,0], [1,0,0,0,0,0,0,1,0,0,0,0]) = 38576
N(2h+12f, 9, [0,0,1,0,0,0,0,0,0,0,0,0], [0,3,1,0,0,0,0,0,0,0,0,0]) = 191448
N(2h+12f, 9, [0,0,1,0,0,0,0,0,0,0,0,0], [0,2,0,0,1,0,0,0,0,0,0,0]) = 119540
N(2h+12f, 9, [0,0,1,0,0,0,0,0,0,0,0,0], [0,1,1,1,0,0,0,0,0,0,0,0]) = 286224
N(2h+12f, 9, [0,0,1,0,0,0,0,0,0,0,0,0], [0,1,0,0,0,0,1,0,0,0,0,0]) = 55706
N(2h+12f, 9, [0,0,1,0,0,0,0,0,0,0,0,0], [0,0,3,0,0,0,0,0,0,0,0,0]) = 53541
N(2h+12f, 9, [0,0,1,0,0,0,0,0,0,0,0,0], [0,0,1,0,0,1,0,0,0,0,0,0]) = 71388
N(2h+12f, 9, [0,0,1,0,0,0,0,0,0,0,0,0], [0,0,0,1,1,0,0,0,0,0,0,0]) = 79320
N(2h+12f, 9, [0,0,1,0,0,0,0,0,0,0,0,0], [0,0,0,0,0,0,0,0,1,0,0,0]) = 17847
N(2h+12f, 9, [2,0,0,0,0,0,0,0,0,0,0,0], [10,0,0,0,0,0,0,0,0,0,0,0]) = 3732
N(2h+12f, 9, [2,0,0,0,0,0,0,0,0,0,0,0], [8,1,0,0,0,0,0,0,0,0,0,0]) = 62220
N(2h+12f, 9, [2,0,0,0,0,0,0,0,0,0,0,0], [7,0,1,0,0,0,0,0,0,0,0,0]) = 80604
N(2h+12f, 9, [2,0,0,0,0,0,0,0,0,0,0,0], [6,2,0,0,0,0,0,0,0,0,0,0]) = 354688
N(2h+12f, 9, [2,0,0,0,0,0,0,0,0,0,0,0], [6,0,0,1,0,0,0,0,0,0,0,0]) = 91284
N(2h+12f, 9, [2,0,0,0,0,0,0,0,0,0,0,0], [5,1,1,0,0,0,0,0,0,0,0,0]) = 769392
N(2h+12f, 9, [2,0,0,0,0,0,0,0,0,0,0,0], [5,0,0,0,1,0,0,0,0,0,0,0]) = 94730
N(2h+12f, 9, [2,0,0,0,0,0,0,0,0,0,0,0], [4,3,0,0,0,0,0,0,0,0,0,0]) = 799680
N(2h+12f, 9, [2,0,0,0,0,0,0,0,0,0,0,0], [4,1,0,1,0,0,0,0,0,0,0,0]) = 703976
N(2h+12f, 9, [2,0,0,0,0,0,0,0,0,0,0,0], [4,0,2,0,0,0,0,0,0,0,0,0]) = 395604
N(2h+12f, 9, [2,0,0,0,0,0,0,0,0,0,0,0], [4,0,0,0,0,1,0,0,0,0,0,0]) = 91440
N(2h+12f, 9, [2,0,0,0,0,0,0,0,0,0,0,0], [3,2,1,0,0,0,0,0,0,0,0,0]) = 1956864
N(2h+12f, 9, [2,0,0,0,0,0,0,0,0,0,0,0], [3,1,0,0,1,0,0,0,0,0,0,0]) = 559840
N(2h+12f, 9, [2,0,0,0,0,0,0,0,0,0,0,0], [3,0,1,1,0,0,0,0,0,0,0,0]) = 671040
N(2h+12f, 9, [2,0,0,0,0,0,0,0,0,0,0,0], [3,0,0,0,0,0,1,0,0,0,0,0]) = 81900
N(2h+12f, 9, [2,0,0,0,0,0,0,0,0,0,0,0], [2,4,0,0,0,0,0,0,0,0,0,0]) = 603456
N(2h+12f, 9, [2,0,0,0,0,0,0,0,0,0,0,0], [2,2,0,1,0,0,0,0,0,0,0,0]) = 1229952
N(2h+12f, 9, [2,0,0,0,0,0,0,0,0,0,0,0], [2,1,2,0,0,0,0,0,0,0,0,0]) = 1381968
N(2h+12f, 9, [2,0,0,0,0,0,0,0,0,0,0,0], [2,1,0,0,0,1,0,0,0,0,0,0]) = 380196
N(2h+12f, 9, [2,0,0,0,0,0,0,0,0,0,0,0], [2,0,1,0,1,0,0,0,0,0,0,0]) = 474570
N(2h+12f, 9, [2,0,0,0,0,0,0,0,0,0,0,0], [2,0,0,2,0,0,0,0,0,0,0,0]) = 253104
N(2h+12f, 9, [2,0,0,0,0,0,0,0,0,0,0,0], [2,0,0,0,0,0,0,1,0,0,0,0]) = 66584
N(2h+12f, 9, [2,0,0,0,0,0,0,0,0,0,0,0], [1,3,1,0,0,0,0,0,0,0,0,0]) = 1122048
N(2h+12f, 9, [2,0,0,0,0,0,0,0,0,0,0,0], [1,2,0,0,1,0,0,0,0,0,0,0]) = 569520
N(2h+12f, 9, [2,0,0,0,0,0,0,0,0,0,0,0], [1,1,1,1,0,0,0,0,0,0,0,0]) = 1364688
N(2h+12f, 9, [2,0,0,0,0,0,0,0,0,0,0,0], [1,1,0,0,0,0,1,0,0,0,0,0]) = 204344
N(2h+12f, 9, [2,0,0,0,0,0,0,0,0,0,0,0], [1,0,3,0,0,0,0,0,0,0,0,0]) = 255474
N(2h+12f, 9, [2,0,0,0,0,0,0,0,0,0,0,0], [1,0,1,0,0,1,0,0,0,0,0,0]) = 262224
N(2h+12f, 9, [2,0,0,0,0,0,0,0,0,0,0,0], [1,0,0,1,1,0,0,0,0,0,0,0]) = 291360
N(2h+12f, 9, [2,0,0,0,0,0,0,0,0,0,0,0], [1,0,0,0,0,0,0,0,1,0,0,0]) = 45954
N(2h+12f, 9, [2,0,0,0,0,0,0,0,0,0,0,0], [0,5,0,0,0,0,0,0,0,0,0,0]) = 68096
N(2h+12f, 9, [2,0,0,0,0,0,0,0,0,0,0,0], [0,3,0,1,0,0,0,0,0,0,0,0]) = 271776
N(2h+12f, 9, [2,0,0,0,0,0,0,0,0,0,0,0], [0,2,2,0,0,0,0,0,0,0,0,0]) = 457812
N(2h+12f, 9, [2,0,0,0,0,0,0,0,0,0,0,0], [0,2,0,0,0,1,0,0,0,0,0,0]) = 152736
N(2h+12f, 9, [2,0,0,0,0,0,0,0,0,0,0,0], [0,1,1,0,1,0,0,0,0,0,0,0]) = 381000
N(2h+12f, 9, [2,0,0,0,0,0,0,0,0,0,0,0], [0,1,0,2,0,0,0,0,0,0,0,0]) = 203200
N(2h+12f, 9, [2,0,0,0,0,0,0,0,0,0,0,0], [0,1,0,0,0,0,0,1,0,0,0,0]) = 67792
N(2h+12f, 9, [2,0,0,0,0,0,0,0,0,0,0,0], [0,0,2,1,0,0,0,0,0,0,0,0]) = 228096
N(2h+12f, 9, [2,0,0,0,0,0,0,0,0,0,0,0], [0,0,1,0,0,0,1,0,0,0,0,0]) = 88704
N(2h+12f, 9, [2,0,0,0,0,0,0,0,0,0,0,0], [0,0,0,1,0,1,0,0,0,0,0,0]) = 101376
N(2h+12f, 9, [2,0,0,0,0,0,0,0,0,0,0,0], [0,0,0,0,2,0,0,0,0,0,0,0]) = 52800
N(2h+12f, 9, [2,0,0,0,0,0,0,0,0,0,0,0], [0,0,0,0,0,0,0,0,0,1,0,0]) = 21120
N(2h+12f, 9, [0,1,0,0,0,0,0,0,0,0,0,0], [10,0,0,0,0,0,0,0,0,0,0,0]) = 3562
N(2h+12f, 9, [0,1,0,0,0,0,0,0,0,0,0,0], [8,1,0,0,0,0,0,0,0,0,0,0]) = 59276
N(2h+12f, 9, [0,1,0,0,0,0,0,0,0,0,0,0], [7,0,1,0,0,0,0,0,0,0,0,0]) = 76734
N(2h+12f, 9, [0,1,0,0,0,0,0,0,0,0,0,0], [6,2,0,0,0,0,0,0,0,0,0,0]) = 337160
N(2h+12f, 9, [0,1,0,0,0,0,0,0,0,0,0,0], [6,0,0,1,0,0,0,0,0,0,0,0]) = 86836
N(2h+12f, 9, [0,1,0,0,0,0,0,0,0,0,0,0], [5,1,1,0,0,0,0,0,0,0,0,0]) = 730656
N(2h+12f, 9, [0,1,0,0,0,0,0,0,0,0,0,0], [5,0,0,0,1,0,0,0,0,0,0,0]) = 90040
N(2h+12f, 9, [0,1,0,0,0,0,0,0,0,0,0,0], [4,3,0,0,0,0,0,0,0,0,0,0]) = 758080
N(2h+12f, 9, [0,1,0,0,0,0,0,0,0,0,0,0], [4,1,0,1,0,0,0,0,0,0,0,0]) = 667816
N(2h+12f, 9, [0,1,0,0,0,0,0,0,0,0,0,0], [4,0,2,0,0,0,0,0,0,0,0,0]) = 375264
N(2h+12f, 9, [0,1,0,0,0,0,0,0,0,0,0,0], [4,0,0,0,0,1,0,0,0,0,0,0]) = 86832
N(2h+12f, 9, [0,1,0,0,0,0,0,0,0,0,0,0], [3,2,1,0,0,0,0,0,0,0,0,0]) = 1852464
N(2h+12f, 9, [0,1,0,0,0,0,0,0,0,0,0,0], [3,1,0,0,1,0,0,0,0,0,0,0]) = 530400
N(2h+12f, 9, [0,1,0,0,0,0,0,0,0,0,0,0], [3,0,1,1,0,0,0,0,0,0,0,0]) = 635712
N(2h+12f, 9, [0,1,0,0,0,0,0,0,0,0,0,0], [3,0,0,0,0,0,1,0,0,0,0,0]) = 77686
N(2h+12f, 9, [0,1,0,0,0,0,0,0,0,0,0,0], [2,4,0,0,0,0,0,0,0,0,0,0]) = 570016
N(2h+12f, 9, [0,1,0,0,0,0,0,0,0,0,0,0], [2,2,0,1,0,0,0,0,0,0,0,0]) = 1162368
N(2h+12f, 9, [0,1,0,0,0,0,0,0,0,0,0,0], [2,1,2,0,0,0,0,0,0,0,0,0]) = 1305936
N(2h+12f, 9, [0,1,0,0,0,0,0,0,0,0,0,0], [2,1,0,0,0,1,0,0,0,0,0,0]) = 359604
N(2h+12f, 9, [0,1,0,0,0,0,0,0,0,0,0,0], [2,0,1,0,1,0,0,0,0,0,0,0]) = 448830
N(2h+12f, 9, [0,1,0,0,0,0,0,0,0,0,0,0], [2,0,0,2,0,0,0,0,0,0,0,0]) = 239376
N(2h+12f, 9, [0,1,0,0,0,0,0,0,0,0,0,0], [2,0,0,0,0,0,0,1,0,0,0,0]) = 63064
N(2h+12f, 9, [0,1,0,0,0,0,0,0,0,0,0,0], [1,3,1,0,0,0,0,0,0,0,0,0]) = 1057536
N(2h+12f, 9, [0,1,0,0,0,0,0,0,0,0,0,0], [1,2,0,0,1,0,0,0,0,0,0,0]) = 537000
N(2h+12f, 9, [0,1,0,0,0,0,0,0,0,0,0,0], [1,1,1,1,0,0,0,0,0,0,0,0]) = 1286640
N(2h+12f, 9, [0,1,0,0,0,0,0,0,0,0,0,0], [1,1,0,0,0,0,1,0,0,0,0,0]) = 192808
N(2h+12f, 9, [0,1,0,0,0,0,0,0,0,0,0,0], [1,0,3,0,0,0,0,0,0,0,0,0]) = 240840
N(2h+12f, 9, [0,1,0,0,0,0,0,0,0,0,0,0], [1,0,1,0,0,1,0,0,0,0,0,0]) = 247392
N(2h+12f, 9, [0,1,0,0,0,0,0,0,0,0,0,0], [1,0,0,1,1,0,0,0,0,0,0,0]) = 274880
N(2h+12f, 9, [0,1,0,0,0,0,0,0,0,0,0,0], [1,0,0,0,0,0,0,0,1,0,0,0]) = 43416
N(2h+12f, 9, [0,1,0,0,0,0,0,0,0,0,0,0], [0,5,0,0,0,0,0,0,0,0,0,0]) = 64000
N(2h+12f, 9, [0,1,0,0,0,0,0,0,0,0,0,0], [0,3,0,1,0,0,0,0,0,0,0,0]) = 255392
N(2h+12f, 9, [0,1,0,0,0,0,0,0,0,0,0,0], [0,2,2,0,0,0,0,0,0,0,0,0]) = 430164
N(2h+12f, 9, [0,1,0,0,0,0,0,0,0,0,0,0], [0,2,0,0,0,1,0,0,0,0,0,0]) = 143520
N(2h+12f, 9, [0,1,0,0,0,0,0,0,0,0,0,0], [0,1,1,0,1,0,0,0,0,0,0,0]) = 357960
N(2h+12f, 9, [0,1,0,0,0,0,0,0,0,0,0,0], [0,1,0,2,0,0,0,0,0,0,0,0]) = 190912
N(2h+12f, 9, [0,1,0,0,0,0,0,0,0,0,0,0], [0,1,0,0,0,0,0,1,0,0,0,0]) = 63696
N(2h+12f, 9, [0,1,0,0,0,0,0,0,0,0,0,0], [0,0,2,1,0,0,0,0,0,0,0,0]) = 214272
N(2h+12f, 9, [0,1,0,0,0,0,0,0,0,0,0,0], [0,0,1,0,0,0,1,0,0,0,0,0]) = 83328
N(2h+12f, 9, [0,1,0,0,0,0,0,0,0,0,0,0], [0,0,0,1,0,1,0,0,0,0,0,0]) = 95232
N(2h+12f, 9, [0,1,0,0,0,0,0,0,0,0,0,0], [0,0,0,0,2,0,0,0,0,0,0,0]) = 49600
N(2h+12f, 9, [0,1,0,0,0,0,0,0,0,0,0,0], [0,0,0,0,0,0,0,0,0,1,0,0]) = 19840
N(2h+12f, 9, [1,0,0,0,0,0,0,0,0,0,0,0], [11,0,0,0,0,0,0,0,0,0,0,0]) = 3732
N(2h+12f, 9, [1,0,0,0,0,0,0,0,0,0,0,0], [9,1,0,0,0,0,0,0,0,0,0,0]) = 69344
N(2h+12f, 9, [1,0,0,0,0,0,0,0,0,0,0,0], [8,0,1,0,0,0,0,0,0,0,0,0]) = 91035
N(2h+12f, 9, [1,0,0,0,0,0,0,0,0,0,0,0], [7,2,0,0,0,0,0,0,0,0,0,0]) = 459656
N(2h+12f, 9, [1,0,0,0,0,0,0,0,0,0,0,0], [7,0,0,1,0,0,0,0,0,0,0,0]) = 104860
N(2h+12f, 9, [1,0,0,0,0,0,0,0,0,0,0,0], [6,1,1,0,0,0,0,0,0,0,0,0]) = 1036638
N(2h+12f, 9, [1,0,0,0,0,0,0,0,0,0,0,0], [6,0,0,0,1,0,0,0,0,0,0,0]) = 111290
N(2h+12f, 9, [1,0,0,0,0,0,0,0,0,0,0,0], [5,3,0,0,0,0,0,0,0,0,0,0]) = 1300128
N(2h+12f, 9, [1,0,0,0,0,0,0,0,0,0,0,0], [5,1,0,1,0,0,0,0,0,0,0,0]) = 999696
N(2h+12f, 9, [1,0,0,0,0,0,0,0,0,0,0,0], [5,0,2,0,0,0,0,0,0,0,0,0]) = 561843
N(2h+12f, 9, [1,0,0,0,0,0,0,0,0,0,0,0], [5,0,0,0,0,1,0,0,0,0,0,0]) = 110826
N(2h+12f, 9, [1,0,0,0,0,0,0,0,0,0,0,0], [4,2,1,0,0,0,0,0,0,0,0,0]) = 3500460
N(2h+12f, 9, [1,0,0,0,0,0,0,0,0,0,0,0], [4,1,0,0,1,0,0,0,0,0,0,0]) = 857070
N(2h+12f, 9, [1,0,0,0,0,0,0,0,0,0,0,0], [4,0,1,1,0,0,0,0,0,0,0,0]) = 1027464
N(2h+12f, 9, [1,0,0,0,0,0,0,0,0,0,0,0], [4,0,0,0,0,0,1,0,0,0,0,0]) = 103957
N(2h+12f, 9, [1,0,0,0,0,0,0,0,0,0,0,0], [3,4,0,0,0,0,0,0,0,0,0,0]) = 1450880
N(2h+12f, 9, [1,0,0,0,0,0,0,0,0,0,0,0], [3,2,0,1,0,0,0,0,0,0,0,0]) = 2538592
N(2h+12f, 9, [1,0,0,0,0,0,0,0,0,0,0,0], [3,1,2,0,0,0,0,0,0,0,0,0]) = 2852856
N(2h+12f, 9, [1,0,0,0,0,0,0,0,0,0,0,0], [3,1,0,0,0,1,0,0,0,0,0,0]) = 653904
N(2h+12f, 9, [1,0,0,0,0,0,0,0,0,0,0,0], [3,0,1,0,1,0,0,0,0,0,0,0]) = 816420
N(2h+12f, 9, [1,0,0,0,0,0,0,0,0,0,0,0], [3,0,0,2,0,0,0,0,0,0,0,0]) = 435424
N(2h+12f, 9, [1,0,0,0,0,0,0,0,0,0,0,0], [3,0,0,0,0,0,0,1,0,0,0,0]) = 91160
N(2h+12f, 9, [1,0,0,0,0,0,0,0,0,0,0,0], [2,3,1,0,0,0,0,0,0,0,0,0]) = 3514896
N(2h+12f, 9, [1,0,0,0,0,0,0,0,0,0,0,0], [2,2,0,0,1,0,0,0,0,0,0,0]) = 1494600
N(2h+12f, 9, [1,0,0,0,0,0,0,0,0,0,0,0], [2,1,1,1,0,0,0,0,0,0,0,0]) = 3582432
N(2h+12f, 9, [1,0,0,0,0,0,0,0,0,0,0,0], [2,1,0,0,0,0,1,0,0,0,0,0]) = 431382
N(2h+12f, 9, [1,0,0,0,0,0,0,0,0,0,0,0], [2,0,3,0,0,0,0,0,0,0,0,0]) = 670842
N(2h+12f, 9, [1,0,0,0,0,0,0,0,0,0,0,0], [2,0,1,0,0,1,0,0,0,0,0,0]) = 553824
N(2h+12f, 9, [1,0,0,0,0,0,0,0,0,0,0,0], [2,0,0,1,1,0,0,0,0,0,0,0]) = 615360
N(2h+12f, 9, [1,0,0,0,0,0,0,0,0,0,0,0], [2,0,0,0,0,0,0,0,1,0,0,0]) = 72900
N(2h+12f, 9, [1,0,0,0,0,0,0,0,0,0,0,0], [1,5,0,0,0,0,0,0,0,0,0,0]) = 431872
N(2h+12f, 9, [1,0,0,0,0,0,0,0,0,0,0,0], [1,3,0,1,0,0,0,0,0,0,0,0]) = 1452416
N(2h+12f, 9, [1,0,0,0,0,0,0,0,0,0,0,0], [1,2,2,0,0,0,0,0,0,0,0,0]) = 2447496
N(2h+12f, 9, [1,0,0,0,0,0,0,0,0,0,0,0], [1,2,0,0,0,1,0,0,0,0,0,0]) = 663624
N(2h+12f, 9, [1,0,0,0,0,0,0,0,0,0,0,0], [1,1,1,0,1,0,0,0,0,0,0,0]) = 1656360
N(2h+12f, 9, [1,0,0,0,0,0,0,0,0,0,0,0], [1,1,0,2,0,0,0,0,0,0,0,0]) = 883392
N(2h+12f, 9, [1,0,0,0,0,0,0,0,0,0,0,0], [1,1,0,0,0,0,0,1,0,0,0,0]) = 226848
N(2h+12f, 9, [1,0,0,0,0,0,0,0,0,0,0,0], [1,0,2,1,0,0,0,0,0,0,0,0]) = 992196
N(2h+12f, 9, [1,0,0,0,0,0,0,0,0,0,0,0], [1,0,1,0,0,0,1,0,0,0,0,0]) = 297150
N(2h+12f, 9, [1,0,0,0,0,0,0,0,0,0,0,0], [1,0,0,1,0,1,0,0,0,0,0,0]) = 339600
N(2h+12f, 9, [1,0,0,0,0,0,0,0,0,0,0,0], [1,0,0,0,2,0,0,0,0,0,0,0]) = 176875
N(2h+12f, 9, [1,0,0,0,0,0,0,0,0,0,0,0], [1,0,0,0,0,0,0,0,0,1,0,0]) = 49630
N(2h+12f, 9, [1,0,0,0,0,0,0,0,0,0,0,0], [0,4,1,0,0,0,0,0,0,0,0,0]) = 494352
N(2h+12f, 9, [1,0,0,0,0,0,0,0,0,0,0,0], [0,3,0,0,1,0,0,0,0,0,0,0]) = 329320
N(2h+12f, 9, [1,0,0,0,0,0,0,0,0,0,0,0], [0,2,1,1,0,0,0,0,0,0,0,0]) = 1183392
N(2h+12f, 9, [1,0,0,0,0,0,0,0,0,0,0,0], [0,2,0,0,0,0,1,0,0,0,0,0]) = 172732
N(2h+12f, 9, [1,0,0,0,0,0,0,0,0,0,0,0], [0,1,3,0,0,0,0,0,0,0,0,0]) = 442962
N(2h+12f, 9, [1,0,0,0,0,0,0,0,0,0,0,0], [0,1,1,0,0,1,0,0,0,0,0,0]) = 443160
N(2h+12f, 9, [1,0,0,0,0,0,0,0,0,0,0,0], [0,1,0,1,1,0,0,0,0,0,0,0]) = 492400
N(2h+12f, 9, [1,0,0,0,0,0,0,0,0,0,0,0], [0,1,0,0,0,0,0,0,1,0,0,0]) = 73926
N(2h+12f, 9, [1,0,0,0,0,0,0,0,0,0,0,0], [0,0,2,0,1,0,0,0,0,0,0,0]) = 276345
N(2h+12f, 9, [1,0,0,0,0,0,0,0,0,0,0,0], [0,0,1,2,0,0,0,0,0,0,0,0]) = 294768
N(2h+12f, 9, [1,0,0,0,0,0,0,0,0,0,0,0], [0,0,1,0,0,0,0,1,0,0,0,0]) = 98256
N(2h+12f, 9, [1,0,0,0,0,0,0,0,0,0,0,0], [0,0,0,1,0,0,1,0,0,0,0,0]) = 114632
N(2h+12f, 9, [1,0,0,0,0,0,0,0,0,0,0,0], [0,0,0,0,1,1,0,0,0,0,0,0]) = 122820
N(2h+12f, 9, [1,0,0,0,0,0,0,0,0,0,0,0], [0,0,0,0,0,0,0,0,0,0,1,0]) = 22517
N(2h+12f, 9, [0,0,0,0,0,0,0,0,0,0,0,0], [12,0,0,0,0,0,0,0,0,0,0,0]) = 3732
N(2h+12f, 9, [0,0,0,0,0,0,0,0,0,0,0,0], [10,1,0,0,0,0,0,0,0,0,0,0]) = 76468
N(2h+12f, 9, [0,0,0,0,0,0,0,0,0,0,0,0], [9,0,1,0,0,0,0,0,0,0,0,0]) = 101466
N(2h+12f, 9, [0,0,0,0,0,0,0,0,0,0,0,0], [8,2,0,0,0,0,0,0,0,0,0,0]) = 578208
N(2h+12f, 9, [0,0,0,0,0,0,0,0,0,0,0,0], [8,0,0,1,0,0,0,0,0,0,0,0]) = 118436
N(2h+12f, 9, [0,0,0,0,0,0,0,0,0,0,0,0], [7,1,1,0,0,0,0,0,0,0,0,0]) = 1343640
N(2h+12f, 9, [0,0,0,0,0,0,0,0,0,0,0,0], [7,0,0,0,1,0,0,0,0,0,0,0]) = 127850
N(2h+12f, 9, [0,0,0,0,0,0,0,0,0,0,0,0], [6,3,0,0,0,0,0,0,0,0,0,0]) = 1974448
N(2h+12f, 9, [0,0,0,0,0,0,0,0,0,0,0,0], [6,1,0,1,0,0,0,0,0,0,0,0]) = 1347128
N(2h+12f, 9, [0,0,0,0,0,0,0,0,0,0,0,0], [6,0,2,0,0,0,0,0,0,0,0,0]) = 757161
N(2h+12f, 9, [0,0,0,0,0,0,0,0,0,0,0,0], [6,0,0,0,0,1,0,0,0,0,0,0]) = 130212
N(2h+12f, 9, [0,0,0,0,0,0,0,0,0,0,0,0], [5,2,1,0,0,0,0,0,0,0,0,0]) = 5692824
N(2h+12f, 9, [0,0,0,0,0,0,0,0,0,0,0,0], [5,1,0,0,1,0,0,0,0,0,0,0]) = 1217340
N(2h+12f, 9, [0,0,0,0,0,0,0,0,0,0,0,0], [5,0,1,1,0,0,0,0,0,0,0,0]) = 1459512
N(2h+12f, 9, [0,0,0,0,0,0,0,0,0,0,0,0], [5,0,0,0,0,0,1,0,0,0,0,0]) = 126014
N(2h+12f, 9, [0,0,0,0,0,0,0,0,0,0,0,0], [4,4,0,0,0,0,0,0,0,0,0,0]) = 2967040
N(2h+12f, 9, [0,0,0,0,0,0,0,0,0,0,0,0], [4,2,0,1,0,0,0,0,0,0,0,0]) = 4542480
N(2h+12f, 9, [0,0,0,0,0,0,0,0,0,0,0,0], [4,1,2,0,0,0,0,0,0,0,0,0]) = 5105430
N(2h+12f, 9, [0,0,0,0,0,0,0,0,0,0,0,0], [4,1,0,0,0,1,0,0,0,0,0,0]) = 1001364
N(2h+12f, 9, [0,0,0,0,0,0,0,0,0,0,0,0], [4,0,1,0,1,0,0,0,0,0,0,0]) = 1250430
N(2h+12f, 9, [0,0,0,0,0,0,0,0,0,0,0,0], [4,0,0,2,0,0,0,0,0,0,0,0]) = 666896
N(2h+12f, 9, [0,0,0,0,0,0,0,0,0,0,0,0], [4,0,0,0,0,0,0,1,0,0,0,0]) = 115736
N(2h+12f, 9, [0,0,0,0,0,0,0,0,0,0,0,0], [3,3,1,0,0,0,0,0,0,0,0,0]) = 8455680
N(2h+12f, 9, [0,0,0,0,0,0,0,0,0,0,0,0], [3,2,0,0,1,0,0,0,0,0,0,0]) = 3086240
N(2h+12f, 9, [0,0,0,0,0,0,0,0,0,0,0,0], [3,1,1,1,0,0,0,0,0,0,0,0]) = 7398816
N(2h+12f, 9, [0,0,0,0,0,0,0,0,0,0,0,0], [3,1,0,0,0,0,1,0,0,0,0,0]) = 742280
N(2h+12f, 9, [0,0,0,0,0,0,0,0,0,0,0,0], [3,0,3,0,0,0,0,0,0,0,0,0]) = 1385748
N(2h+12f, 9, [0,0,0,0,0,0,0,0,0,0,0,0], [3,0,1,0,0,1,0,0,0,0,0,0]) = 953208
N(2h+12f, 9, [0,0,0,0,0,0,0,0,0,0,0,0], [3,0,0,1,1,0,0,0,0,0,0,0]) = 1059120
N(2h+12f, 9, [0,0,0,0,0,0,0,0,0,0,0,0], [3,0,0,0,0,0,0,0,1,0,0,0]) = 99846
N(2h+12f, 9, [0,0,0,0,0,0,0,0,0,0,0,0], [2,5,0,0,0,0,0,0,0,0,0,0]) = 1571904
N(2h+12f, 9, [0,0,0,0,0,0,0,0,0,0,0,0], [2,3,0,1,0,0,0,0,0,0,0,0]) = 4552768
N(2h+12f, 9, [0,0,0,0,0,0,0,0,0,0,0,0], [2,2,2,0,0,0,0,0,0,0,0,0]) = 7673616
N(2h+12f, 9, [0,0,0,0,0,0,0,0,0,0,0,0], [2,2,0,0,0,1,0,0,0,0,0,0]) = 1742832
N(2h+12f, 9, [0,0,0,0,0,0,0,0,0,0,0,0], [2,1,1,0,1,0,0,0,0,0,0,0]) = 4351320
N(2h+12f, 9, [0,0,0,0,0,0,0,0,0,0,0,0], [2,1,0,2,0,0,0,0,0,0,0,0]) = 2320704
N(2h+12f, 9, [0,0,0,0,0,0,0,0,0,0,0,0], [2,1,0,0,0,0,0,1,0,0,0,0]) = 479280
N(2h+12f, 9, [0,0,0,0,0,0,0,0,0,0,0,0], [2,0,2,1,0,0,0,0,0,0,0,0]) = 2607336
N(2h+12f, 9, [0,0,0,0,0,0,0,0,0,0,0,0], [2,0,1,0,0,0,1,0,0,0,0,0]) = 628110
N(2h+12f, 9, [0,0,0,0,0,0,0,0,0,0,0,0], [2,0,0,1,0,1,0,0,0,0,0,0]) = 717840
N(2h+12f, 9, [0,0,0,0,0,0,0,0,0,0,0,0], [2,0,0,0,2,0,0,0,0,0,0,0]) = 373875
N(2h+12f, 9, [0,0,0,0,0,0,0,0,0,0,0,0], [2,0,0,0,0,0,0,0,0,1,0,0]) = 78800
N(2h+12f, 9, [0,0,0,0,0,0,0,0,0,0,0,0], [1,4,1,0,0,0,0,0,0,0,0,0]) = 3138720
N(2h+12f, 9, [0,0,0,0,0,0,0,0,0,0,0,0], [1,3,0,0,1,0,0,0,0,0,0,0]) = 1761760
N(2h+12f, 9, [0,0,0,0,0,0,0,0,0,0,0,0], [1,2,1,1,0,0,0,0,0,0,0,0]) = 6333120
N(2h+12f, 9, [0,0,0,0,0,0,0,0,0,0,0,0], [1,2,0,0,0,0,1,0,0,0,0,0]) = 751464
N(2h+12f, 9, [0,0,0,0,0,0,0,0,0,0,0,0], [1,1,3,0,0,0,0,0,0,0,0,0]) = 2371464
N(2h+12f, 9, [0,0,0,0,0,0,0,0,0,0,0,0], [1,1,1,0,0,1,0,0,0,0,0,0]) = 1929096
N(2h+12f, 9, [0,0,0,0,0,0,0,0,0,0,0,0], [1,1,0,1,1,0,0,0,0,0,0,0]) = 2143440
N(2h+12f, 9, [0,0,0,0,0,0,0,0,0,0,0,0], [1,1,0,0,0,0,0,0,1,0,0,0]) = 247788
N(2h+12f, 9, [0,0,0,0,0,0,0,0,0,0,0,0], [1,0,2,0,1,0,0,0,0,0,0,0]) = 1203660
N(2h+12f, 9, [0,0,0,0,0,0,0,0,0,0,0,0], [1,0,1,2,0,0,0,0,0,0,0,0]) = 1283904
N(2h+12f, 9, [0,0,0,0,0,0,0,0,0,0,0,0], [1,0,1,0,0,0,0,1,0,0,0,0]) = 329712
N(2h+12f, 9, [0,0,0,0,0,0,0,0,0,0,0,0], [1,0,0,1,0,0,1,0,0,0,0,0]) = 384664
N(2h+12f, 9, [0,0,0,0,0,0,0,0,0,0,0,0], [1,0,0,0,1,1,0,0,0,0,0,0]) = 412140
N(2h+12f, 9, [0,0,0,0,0,0,0,0,0,0,0,0], [1,0,0,0,0,0,0,0,0,0,1,0]) = 53042
N(2h+12f, 9, [0,0,0,0,0,0,0,0,0,0,0,0], [0,6,0,0,0,0,0,0,0,0,0,0]) = 128000
N(2h+12f, 9, [0,0,0,0,0,0,0,0,0,0,0,0], [0,4,0,1,0,0,0,0,0,0,0,0]) = 638656
N(2h+12f, 9, [0,0,0,0,0,0,0,0,0,0,0,0], [0,3,2,0,0,0,0,0,0,0,0,0]) = 1434672
N(2h+12f, 9, [0,0,0,0,0,0,0,0,0,0,0,0], [0,3,0,0,0,1,0,0,0,0,0,0]) = 382896
N(2h+12f, 9, [0,0,0,0,0,0,0,0,0,0,0,0], [0,2,1,0,1,0,0,0,0,0,0,0]) = 1433160
N(2h+12f, 9, [0,0,0,0,0,0,0,0,0,0,0,0], [0,2,0,2,0,0,0,0,0,0,0,0]) = 764352
N(2h+12f, 9, [0,0,0,0,0,0,0,0,0,0,0,0], [0,2,0,0,0,0,0,1,0,0,0,0]) = 191264
N(2h+12f, 9, [0,0,0,0,0,0,0,0,0,0,0,0], [0,1,2,1,0,0,0,0,0,0,0,0]) = 1716552
N(2h+12f, 9, [0,0,0,0,0,0,0,0,0,0,0,0], [0,1,1,0,0,0,1,0,0,0,0,0]) = 500892
N(2h+12f, 9, [0,0,0,0,0,0,0,0,0,0,0,0], [0,1,0,1,0,1,0,0,0,0,0,0]) = 572448
N(2h+12f, 9, [0,0,0,0,0,0,0,0,0,0,0,0], [0,1,0,0,2,0,0,0,0,0,0,0]) = 298150
N(2h+12f, 9, [0,0,0,0,0,0,0,0,0,0,0,0], [0,1,0,0,0,0,0,0,0,1,0,0]) = 79580
N(2h+12f, 9, [0,0,0,0,0,0,0,0,0,0,0,0], [0,0,4,0,0,0,0,0,0,0,0,0]) = 160623
N(2h+12f, 9, [0,0,0,0,0,0,0,0,0,0,0,0], [0,0,2,0,0,1,0,0,0,0,0,0]) = 321246
N(2h+12f, 9, [0,0,0,0,0,0,0,0,0,0,0,0], [0,0,1,1,1,0,0,0,0,0,0,0]) = 713880
N(2h+12f, 9, [0,0,0,0,0,0,0,0,0,0,0,0], [0,0,1,0,0,0,0,0,1,0,0,0]) = 107082
N(2h+12f, 9, [0,0,0,0,0,0,0,0,0,0,0,0], [0,0,0,3,0,0,0,0,0,0,0,0]) = 126912
N(2h+12f, 9, [0,0,0,0,0,0,0,0,0,0,0,0], [0,0,0,1,0,0,0,1,0,0,0,0]) = 126912
N(2h+12f, 9, [0,0,0,0,0,0,0,0,0,0,0,0], [0,0,0,0,1,0,1,0,0,0,0,0]) = 138810
N(2h+12f, 9, [0,0,0,0,0,0,0,0,0,0,0,0], [0,0,0,0,0,2,0,0,0,0,0,0]) = 71388
N(2h+12f, 9, [0,0,0,0,0,0,0,0,0,0,0,0], [0,0,0,0,0,0,0,0,0,0,0,1]) = 23796
