N(3h+12f, 18, [12,0,0,0,0,0,0,0,0,0,0,0], [0,0,0,0,0,0,0,0,0,0,0,0]) = 12131550
N(3h+12f, 18, [10,1,0,0,0,0,0,0,0,0,0,0], [0,0,0,0,0,0,0,0,0,0,0,0]) = 11393550
N(3h+12f, 18, [9,0,1,0,0,0,0,0,0,0,0,0], [0,0,0,0,0,0,0,0,0,0,0,0]) = 11024940
N(3h+12f, 18, [8,2,0,0,0,0,0,0,0,0,0,0], [0,0,0,0,0,0,0,0,0,0,0,0]) = 10689414
N(3h+12f, 18, [8,0,0,1,0,0,0,0,0,0,0,0], [0,0,0,0,0,0,0,0,0,0,0,0]) = 10673002
N(3h+12f, 18, [7,1,1,0,0,0,0,0,0,0,0,0], [0,0,0,0,0,0,0,0,0,0,0,0]) = 10337730
N(3h+12f, 18, [7,0,0,0,1,0,0,0,0,0,0,0], [0,0,0,0,0,0,0,0,0,0,0,0]) = 10329525
N(3h+12f, 18, [6,3,0,0,0,0,0,0,0,0,0,0], [0,0,0,0,0,0,0,0,0,0,0,0]) = 10018102
N(3h+12f, 18, [6,1,0,1,0,0,0,0,0,0,0,0], [0,0,0,0,0,0,0,0,0,0,0,0]) = 10002202
N(3h+12f, 18, [6,0,2,0,0,0,0,0,0,0,0,0], [0,0,0,0,0,0,0,0,0,0,0,0]) = 9994506
N(3h+12f, 18, [6,0,0,0,0,1,0,0,0,0,0,0], [0,0,0,0,0,0,0,0,0,0,0,0]) = 9994252
N(3h+12f, 18, [5,2,1,0,0,0,0,0,0,0,0,0], [0,0,0,0,0,0,0,0,0,0,0,0]) = 9682824
N(3h+12f, 18, [5,1,0,0,1,0,0,0,0,0,0,0], [0,0,0,0,0,0,0,0,0,0,0,0]) = 9674875
N(3h+12f, 18, [5,0,1,1,0,0,0,0,0,0,0,0], [0,0,0,0,0,0,0,0,0,0,0,0]) = 9667180
N(3h+12f, 18, [5,0,0,0,0,0,1,0,0,0,0,0], [0,0,0,0,0,0,0,0,0,0,0,0]) = 9667053
N(3h+12f, 18, [4,4,0,0,0,0,0,0,0,0,0,0], [0,0,0,0,0,0,0,0,0,0,0,0]) = 9378590
N(3h+12f, 18, [4,2,0,1,0,0,0,0,0,0,0,0], [0,0,0,0,0,0,0,0,0,0,0,0]) = 9363194
N(3h+12f, 18, [4,1,2,0,0,0,0,0,0,0,0,0], [0,0,0,0,0,0,0,0,0,0,0,0]) = 9355746
N(3h+12f, 18, [4,1,0,0,0,1,0,0,0,0,0,0], [0,0,0,0,0,0,0,0,0,0,0,0]) = 9355496
N(3h+12f, 18, [4,0,1,0,1,0,0,0,0,0,0,0], [0,0,0,0,0,0,0,0,0,0,0,0]) = 9347925
N(3h+12f, 18, [4,0,0,2,0,0,0,0,0,0,0,0], [0,0,0,0,0,0,0,0,0,0,0,0]) = 9347802
N(3h+12f, 18, [4,0,0,0,0,0,0,1,0,0,0,0], [0,0,0,0,0,0,0,0,0,0,0,0]) = 9347800
N(3h+12f, 18, [3,3,1,0,0,0,0,0,0,0,0,0], [0,0,0,0,0,0,0,0,0,0,0,0]) = 9059206
N(3h+12f, 18, [3,2,0,0,1,0,0,0,0,0,0,0], [0,0,0,0,0,0,0,0,0,0,0,0]) = 9051509
N(3h+12f, 18, [3,1,1,1,0,0,0,0,0,0,0,0], [0,0,0,0,0,0,0,0,0,0,0,0]) = 9044062
N(3h+12f, 18, [3,1,0,0,0,0,1,0,0,0,0,0], [0,0,0,0,0,0,0,0,0,0,0,0]) = 9043937
N(3h+12f, 18, [3,0,3,0,0,0,0,0,0,0,0,0], [0,0,0,0,0,0,0,0,0,0,0,0]) = 9036738
N(3h+12f, 18, [3,0,1,0,0,1,0,0,0,0,0,0], [0,0,0,0,0,0,0,0,0,0,0,0]) = 9036490
N(3h+12f, 18, [3,0,0,1,1,0,0,0,0,0,0,0], [0,0,0,0,0,0,0,0,0,0,0,0]) = 9036367
N(3h+12f, 18, [3,0,0,0,0,0,0,0,1,0,0,0], [0,0,0,0,0,0,0,0,0,0,0,0]) = 9036366
N(3h+12f, 18, [2,5,0,0,0,0,0,0,0,0,0,0], [0,0,0,0,0,0,0,0,0,0,0,0]) = 8769870
N(3h+12f, 18, [2,3,0,1,0,0,0,0,0,0,0,0], [0,0,0,0,0,0,0,0,0,0,0,0]) = 8754970
N(3h+12f, 18, [2,2,2,0,0,0,0,0,0,0,0,0], [0,0,0,0,0,0,0,0,0,0,0,0]) = 8747766
N(3h+12f, 18, [2,2,0,0,0,1,0,0,0,0,0,0], [0,0,0,0,0,0,0,0,0,0,0,0]) = 8747520
N(3h+12f, 18, [2,1,1,0,1,0,0,0,0,0,0,0], [0,0,0,0,0,0,0,0,0,0,0,0]) = 8740195
N(3h+12f, 18, [2,1,0,2,0,0,0,0,0,0,0,0], [0,0,0,0,0,0,0,0,0,0,0,0]) = 8740074
N(3h+12f, 18, [2,1,0,0,0,0,0,1,0,0,0,0], [0,0,0,0,0,0,0,0,0,0,0,0]) = 8740072
N(3h+12f, 18, [2,0,2,1,0,0,0,0,0,0,0,0], [0,0,0,0,0,0,0,0,0,0,0,0]) = 8732872
N(3h+12f, 18, [2,0,1,0,0,0,1,0,0,0,0,0], [0,0,0,0,0,0,0,0,0,0,0,0]) = 8732748
N(3h+12f, 18, [2,0,0,1,0,1,0,0,0,0,0,0], [0,0,0,0,0,0,0,0,0,0,0,0]) = 8732626
N(3h+12f, 18, [2,0,0,0,2,0,0,0,0,0,0,0], [0,0,0,0,0,0,0,0,0,0,0,0]) = 8732625
N(3h+12f, 18, [2,0,0,0,0,0,0,0,0,1,0,0], [0,0,0,0,0,0,0,0,0,0,0,0]) = 8732625
N(3h+12f, 18, [1,4,1,0,0,0,0,0,0,0,0,0], [0,0,0,0,0,0,0,0,0,0,0,0]) = 8465876
N(3h+12f, 18, [1,3,0,0,1,0,0,0,0,0,0,0], [0,0,0,0,0,0,0,0,0,0,0,0]) = 8458427
N(3h+12f, 18, [1,2,1,1,0,0,0,0,0,0,0,0], [0,0,0,0,0,0,0,0,0,0,0,0]) = 8451224
N(3h+12f, 18, [1,2,0,0,0,0,1,0,0,0,0,0], [0,0,0,0,0,0,0,0,0,0,0,0]) = 8451101
N(3h+12f, 18, [1,1,3,0,0,0,0,0,0,0,0,0], [0,0,0,0,0,0,0,0,0,0,0,0]) = 8444142
N(3h+12f, 18, [1,1,1,0,0,1,0,0,0,0,0,0], [0,0,0,0,0,0,0,0,0,0,0,0]) = 8443898
N(3h+12f, 18, [1,1,0,1,1,0,0,0,0,0,0,0], [0,0,0,0,0,0,0,0,0,0,0,0]) = 8443777
N(3h+12f, 18, [1,1,0,0,0,0,0,0,1,0,0,0], [0,0,0,0,0,0,0,0,0,0,0,0]) = 8443776
N(3h+12f, 18, [1,0,2,0,1,0,0,0,0,0,0,0], [0,0,0,0,0,0,0,0,0,0,0,0]) = 8436696
N(3h+12f, 18, [1,0,1,2,0,0,0,0,0,0,0,0], [0,0,0,0,0,0,0,0,0,0,0,0]) = 8436576
N(3h+12f, 18, [1,0,1,0,0,0,0,1,0,0,0,0], [0,0,0,0,0,0,0,0,0,0,0,0]) = 8436574
N(3h+12f, 18, [1,0,0,1,0,0,1,0,0,0,0,0], [0,0,0,0,0,0,0,0,0,0,0,0]) = 8436453
N(3h+12f, 18, [1,0,0,0,1,1,0,0,0,0,0,0], [0,0,0,0,0,0,0,0,0,0,0,0]) = 8436452
N(3h+12f, 18, [1,0,0,0,0,0,0,0,0,0,1,0], [0,0,0,0,0,0,0,0,0,0,0,0]) = 8436452
N(3h+12f, 18, [0,6,0,0,0,0,0,0,0,0,0,0], [0,0,0,0,0,0,0,0,0,0,0,0]) = 8190950
N(3h+12f, 18, [0,4,0,1,0,0,0,0,0,0,0,0], [0,0,0,0,0,0,0,0,0,0,0,0]) = 8176538
N(3h+12f, 18, [0,3,2,0,0,0,0,0,0,0,0,0], [0,0,0,0,0,0,0,0,0,0,0,0]) = 8169574
N(3h+12f, 18, [0,3,0,0,0,1,0,0,0,0,0,0], [0,0,0,0,0,0,0,0,0,0,0,0]) = 8169332
N(3h+12f, 18, [0,2,1,0,1,0,0,0,0,0,0,0], [0,0,0,0,0,0,0,0,0,0,0,0]) = 8162249
N(3h+12f, 18, [0,2,0,2,0,0,0,0,0,0,0,0], [0,0,0,0,0,0,0,0,0,0,0,0]) = 8162130
N(3h+12f, 18, [0,2,0,0,0,0,0,1,0,0,0,0], [0,0,0,0,0,0,0,0,0,0,0,0]) = 8162128
N(3h+12f, 18, [0,1,2,1,0,0,0,0,0,0,0,0], [0,0,0,0,0,0,0,0,0,0,0,0]) = 8155168
N(3h+12f, 18, [0,1,1,0,0,0,1,0,0,0,0,0], [0,0,0,0,0,0,0,0,0,0,0,0]) = 8155046
N(3h+12f, 18, [0,1,0,1,0,1,0,0,0,0,0,0], [0,0,0,0,0,0,0,0,0,0,0,0]) = 8154926
N(3h+12f, 18, [0,1,0,0,2,0,0,0,0,0,0,0], [0,0,0,0,0,0,0,0,0,0,0,0]) = 8154925
N(3h+12f, 18, [0,1,0,0,0,0,0,0,0,1,0,0], [0,0,0,0,0,0,0,0,0,0,0,0]) = 8154925
N(3h+12f, 18, [0,0,4,0,0,0,0,0,0,0,0,0], [0,0,0,0,0,0,0,0,0,0,0,0]) = 8148207
N(3h+12f, 18, [0,0,2,0,0,1,0,0,0,0,0,0], [0,0,0,0,0,0,0,0,0,0,0,0]) = 8147965
N(3h+12f, 18, [0,0,1,1,1,0,0,0,0,0,0,0], [0,0,0,0,0,0,0,0,0,0,0,0]) = 8147845
N(3h+12f, 18, [0,0,1,0,0,0,0,0,1,0,0,0], [0,0,0,0,0,0,0,0,0,0,0,0]) = 8147844
N(3h+12f, 18, [0,0,0,3,0,0,0,0,0,0,0,0], [0,0,0,0,0,0,0,0,0,0,0,0]) = 8147726
N(3h+12f, 18, [0,0,0,1,0,0,0,1,0,0,0,0], [0,0,0,0,0,0,0,0,0,0,0,0]) = 8147724
N(3h+12f, 18, [0,0,0,0,1,0,1,0,0,0,0,0], [0,0,0,0,0,0,0,0,0,0,0,0]) = 8147723
N(3h+12f, 18, [0,0,0,0,0,2,0,0,0,0,0,0], [0,0,0,0,0,0,0,0,0,0,0,0]) = 8147723
N(3h+12f, 18, [0,0,0,0,0,0,0,0,0,0,0,1], [0,0,0,0,0,0,0,0,0,0,0,0]) = 8147723
N(3h+12f, 18, [11,0,0,0,0,0,0,0,0,0,0,0], [1,0,0,0,0,0,0,0,0,0,0,0]) = 16255981
N(3h+12f, 18, [9,1,0,0,0,0,0,0,0,0,0,0], [1,0,0,0,0,0,0,0,0,0,0,0]) = 15340169
N(3h+12f, 18, [8,0,1,0,0,0,0,0,0,0,0,0], [1,0,0,0,0,0,0,0,0,0,0,0]) = 14882683
N(3h+12f, 18, [7,2,0,0,0,0,0,0,0,0,0,0], [1,0,0,0,0,0,0,0,0,0,0,0]) = 14463305
N(3h+12f, 18, [7,0,0,1,0,0,0,0,0,0,0,0], [1,0,0,0,0,0,0,0,0,0,0,0]) = 14444391
N(3h+12f, 18, [6,1,1,0,0,0,0,0,0,0,0,0], [1,0,0,0,0,0,0,0,0,0,0,0]) = 14025287
N(3h+12f, 18, [6,0,0,0,1,0,0,0,0,0,0,0], [1,0,0,0,0,0,0,0,0,0,0,0]) = 14015831
N(3h+12f, 18, [5,3,0,0,0,0,0,0,0,0,0,0], [1,0,0,0,0,0,0,0,0,0,0,0]) = 13624277
N(3h+12f, 18, [5,1,0,1,0,0,0,0,0,0,0,0], [1,0,0,0,0,0,0,0,0,0,0,0]) = 13605911
N(3h+12f, 18, [5,0,2,0,0,0,0,0,0,0,0,0], [1,0,0,0,0,0,0,0,0,0,0,0]) = 13597000
N(3h+12f, 18, [5,0,0,0,0,1,0,0,0,0,0,0], [1,0,0,0,0,0,0,0,0,0,0,0]) = 13596728
N(3h+12f, 18, [4,2,1,0,0,0,0,0,0,0,0,0], [1,0,0,0,0,0,0,0,0,0,0,0]) = 13205171
N(3h+12f, 18, [4,1,0,0,1,0,0,0,0,0,0,0], [1,0,0,0,0,0,0,0,0,0,0,0]) = 13195989
N(3h+12f, 18, [4,0,1,1,0,0,0,0,0,0,0,0], [1,0,0,0,0,0,0,0,0,0,0,0]) = 13187079
N(3h+12f, 18, [4,0,0,0,0,0,1,0,0,0,0,0], [1,0,0,0,0,0,0,0,0,0,0,0]) = 13186943
N(3h+12f, 18, [3,4,0,0,0,0,0,0,0,0,0,0], [1,0,0,0,0,0,0,0,0,0,0,0]) = 12821989
N(3h+12f, 18, [3,2,0,1,0,0,0,0,0,0,0,0], [1,0,0,0,0,0,0,0,0,0,0,0]) = 12804163
N(3h+12f, 18, [3,1,2,0,0,0,0,0,0,0,0,0], [1,0,0,0,0,0,0,0,0,0,0,0]) = 12795518
N(3h+12f, 18, [3,1,0,0,0,1,0,0,0,0,0,0], [1,0,0,0,0,0,0,0,0,0,0,0]) = 12795250
N(3h+12f, 18, [3,0,1,0,1,0,0,0,0,0,0,0], [1,0,0,0,0,0,0,0,0,0,0,0]) = 12786473
N(3h+12f, 18, [3,0,0,2,0,0,0,0,0,0,0,0], [1,0,0,0,0,0,0,0,0,0,0,0]) = 12786341
N(3h+12f, 18, [3,0,0,0,0,0,0,1,0,0,0,0], [1,0,0,0,0,0,0,0,0,0,0,0]) = 12786339
N(3h+12f, 18, [2,3,1,0,0,0,0,0,0,0,0,0], [1,0,0,0,0,0,0,0,0,0,0,0]) = 12421247
N(3h+12f, 18, [2,2,0,0,1,0,0,0,0,0,0,0], [1,0,0,0,0,0,0,0,0,0,0,0]) = 12412335
N(3h+12f, 18, [2,1,1,1,0,0,0,0,0,0,0,0], [1,0,0,0,0,0,0,0,0,0,0,0]) = 12403691
N(3h+12f, 18, [2,1,0,0,0,0,1,0,0,0,0,0], [1,0,0,0,0,0,0,0,0,0,0,0]) = 12403557
N(3h+12f, 18, [2,0,3,0,0,0,0,0,0,0,0,0], [1,0,0,0,0,0,0,0,0,0,0,0]) = 12395179
N(3h+12f, 18, [2,0,1,0,0,1,0,0,0,0,0,0], [1,0,0,0,0,0,0,0,0,0,0,0]) = 12394913
N(3h+12f, 18, [2,0,0,1,1,0,0,0,0,0,0,0], [1,0,0,0,0,0,0,0,0,0,0,0]) = 12394781
N(3h+12f, 18, [2,0,0,0,0,0,0,0,1,0,0,0], [1,0,0,0,0,0,0,0,0,0,0,0]) = 12394780
N(3h+12f, 18, [1,5,0,0,0,0,0,0,0,0,0,0], [1,0,0,0,0,0,0,0,0,0,0,0]) = 12055361
N(3h+12f, 18, [1,3,0,1,0,0,0,0,0,0,0,0], [1,0,0,0,0,0,0,0,0,0,0,0]) = 12038067
N(3h+12f, 18, [1,2,2,0,0,0,0,0,0,0,0,0], [1,0,0,0,0,0,0,0,0,0,0,0]) = 12029684
N(3h+12f, 18, [1,2,0,0,0,1,0,0,0,0,0,0], [1,0,0,0,0,0,0,0,0,0,0,0]) = 12029420
N(3h+12f, 18, [1,1,1,0,1,0,0,0,0,0,0,0], [1,0,0,0,0,0,0,0,0,0,0,0]) = 12020907
N(3h+12f, 18, [1,1,0,2,0,0,0,0,0,0,0,0], [1,0,0,0,0,0,0,0,0,0,0,0]) = 12020777
N(3h+12f, 18, [1,1,0,0,0,0,0,1,0,0,0,0], [1,0,0,0,0,0,0,0,0,0,0,0]) = 12020775
N(3h+12f, 18, [1,0,2,1,0,0,0,0,0,0,0,0], [1,0,0,0,0,0,0,0,0,0,0,0]) = 12012396
N(3h+12f, 18, [1,0,1,0,0,0,1,0,0,0,0,0], [1,0,0,0,0,0,0,0,0,0,0,0]) = 12012263
N(3h+12f, 18, [1,0,0,1,0,1,0,0,0,0,0,0], [1,0,0,0,0,0,0,0,0,0,0,0]) = 12012132
N(3h+12f, 18, [1,0,0,0,2,0,0,0,0,0,0,0], [1,0,0,0,0,0,0,0,0,0,0,0]) = 12012131
N(3h+12f, 18, [1,0,0,0,0,0,0,0,0,1,0,0], [1,0,0,0,0,0,0,0,0,0,0,0]) = 12012131
N(3h+12f, 18, [0,4,1,0,0,0,0,0,0,0,0,0], [1,0,0,0,0,0,0,0,0,0,0,0]) = 11672443
N(3h+12f, 18, [0,3,0,0,1,0,0,0,0,0,0,0], [1,0,0,0,0,0,0,0,0,0,0,0]) = 11663797
N(3h+12f, 18, [0,2,1,1,0,0,0,0,0,0,0,0], [1,0,0,0,0,0,0,0,0,0,0,0]) = 11655415
N(3h+12f, 18, [0,2,0,0,0,0,1,0,0,0,0,0], [1,0,0,0,0,0,0,0,0,0,0,0]) = 11655283
N(3h+12f, 18, [0,1,3,0,0,0,0,0,0,0,0,0], [1,0,0,0,0,0,0,0,0,0,0,0]) = 11647163
N(3h+12f, 18, [0,1,1,0,0,1,0,0,0,0,0,0], [1,0,0,0,0,0,0,0,0,0,0,0]) = 11646901
N(3h+12f, 18, [0,1,0,1,1,0,0,0,0,0,0,0], [1,0,0,0,0,0,0,0,0,0,0,0]) = 11646771
N(3h+12f, 18, [0,1,0,0,0,0,0,0,1,0,0,0], [1,0,0,0,0,0,0,0,0,0,0,0]) = 11646770
N(3h+12f, 18, [0,0,2,0,1,0,0,0,0,0,0,0], [1,0,0,0,0,0,0,0,0,0,0,0]) = 11638520
N(3h+12f, 18, [0,0,1,2,0,0,0,0,0,0,0,0], [1,0,0,0,0,0,0,0,0,0,0,0]) = 11638391
N(3h+12f, 18, [0,0,1,0,0,0,0,1,0,0,0,0], [1,0,0,0,0,0,0,0,0,0,0,0]) = 11638389
N(3h+12f, 18, [0,0,0,1,0,0,1,0,0,0,0,0], [1,0,0,0,0,0,0,0,0,0,0,0]) = 11638259
N(3h+12f, 18, [0,0,0,0,1,1,0,0,0,0,0,0], [1,0,0,0,0,0,0,0,0,0,0,0]) = 11638258
N(3h+12f, 18, [0,0,0,0,0,0,0,0,0,0,1,0], [1,0,0,0,0,0,0,0,0,0,0,0]) = 11638258
N(3h+12f, 18, [10,0,0,0,0,0,0,0,0,0,0,0], [2,0,0,0,0,0,0,0,0,0,0,0]) = 16768758
N(3h+12f, 18, [10,0,0,0,0,0,0,0,0,0,0,0], [0,1,0,0,0,0,0,0,0,0,0,0]) = 22958890
N(3h+12f, 18, [8,1,0,0,0,0,0,0,0,0,0,0], [2,0,0,0,0,0,0,0,0,0,0,0]) = 15839226
N(3h+12f, 18, [8,1,0,0,0,0,0,0,0,0,0,0], [0,1,0,0,0,0,0,0,0,0,0,0]) = 21545626
N(3h+12f, 18, [7,0,1,0,0,0,0,0,0,0,0,0], [2,0,0,0,0,0,0,0,0,0,0,0]) = 15374880
N(3h+12f, 18, [7,0,1,0,0,0,0,0,0,0,0,0], [0,1,0,0,0,0,0,0,0,0,0,0]) = 20839762
N(3h+12f, 18, [6,2,0,0,0,0,0,0,0,0,0,0], [2,0,0,0,0,0,0,0,0,0,0,0]) = 14948822
N(3h+12f, 18, [6,2,0,0,0,0,0,0,0,0,0,0], [0,1,0,0,0,0,0,0,0,0,0,0]) = 20198082
N(3h+12f, 18, [6,0,0,1,0,0,0,0,0,0,0,0], [2,0,0,0,0,0,0,0,0,0,0,0]) = 14929818
N(3h+12f, 18, [6,0,0,1,0,0,0,0,0,0,0,0], [0,1,0,0,0,0,0,0,0,0,0,0]) = 20166246
N(3h+12f, 18, [5,1,1,0,0,0,0,0,0,0,0,0], [2,0,0,0,0,0,0,0,0,0,0,0]) = 14504034
N(3h+12f, 18, [5,1,1,0,0,0,0,0,0,0,0,0], [0,1,0,0,0,0,0,0,0,0,0,0]) = 19525066
N(3h+12f, 18, [5,0,0,0,1,0,0,0,0,0,0,0], [2,0,0,0,0,0,0,0,0,0,0,0]) = 14494533
N(3h+12f, 18, [5,0,0,0,1,0,0,0,0,0,0,0], [0,1,0,0,0,0,0,0,0,0,0,0]) = 19509150
N(3h+12f, 18, [4,3,0,0,0,0,0,0,0,0,0,0], [2,0,0,0,0,0,0,0,0,0,0,0]) = 14096434
N(3h+12f, 18, [4,3,0,0,0,0,0,0,0,0,0,0], [0,1,0,0,0,0,0,0,0,0,0,0]) = 18914210
N(3h+12f, 18, [4,1,0,1,0,0,0,0,0,0,0,0], [2,0,0,0,0,0,0,0,0,0,0,0]) = 14077978
N(3h+12f, 18, [4,1,0,1,0,0,0,0,0,0,0,0], [0,1,0,0,0,0,0,0,0,0,0,0]) = 18883382
N(3h+12f, 18, [4,0,2,0,0,0,0,0,0,0,0,0], [2,0,0,0,0,0,0,0,0,0,0,0]) = 14069022
N(3h+12f, 18, [4,0,2,0,0,0,0,0,0,0,0,0], [0,1,0,0,0,0,0,0,0,0,0,0]) = 18868468
N(3h+12f, 18, [4,0,0,0,0,1,0,0,0,0,0,0], [2,0,0,0,0,0,0,0,0,0,0,0]) = 14068750
N(3h+12f, 18, [4,0,0,0,0,1,0,0,0,0,0,0], [0,1,0,0,0,0,0,0,0,0,0,0]) = 18867968
N(3h+12f, 18, [3,2,1,0,0,0,0,0,0,0,0,0], [2,0,0,0,0,0,0,0,0,0,0,0]) = 13670648
N(3h+12f, 18, [3,2,1,0,0,0,0,0,0,0,0,0], [0,1,0,0,0,0,0,0,0,0,0,0]) = 18273018
N(3h+12f, 18, [3,1,0,0,1,0,0,0,0,0,0,0], [2,0,0,0,0,0,0,0,0,0,0,0]) = 13661421
N(3h+12f, 18, [3,1,0,0,1,0,0,0,0,0,0,0], [0,1,0,0,0,0,0,0,0,0,0,0]) = 18257606
N(3h+12f, 18, [3,0,1,1,0,0,0,0,0,0,0,0], [2,0,0,0,0,0,0,0,0,0,0,0]) = 13652466
N(3h+12f, 18, [3,0,1,1,0,0,0,0,0,0,0,0], [0,1,0,0,0,0,0,0,0,0,0,0]) = 18242694
N(3h+12f, 18, [3,0,0,0,0,0,1,0,0,0,0,0], [2,0,0,0,0,0,0,0,0,0,0,0]) = 13652330
N(3h+12f, 18, [3,0,0,0,0,0,1,0,0,0,0,0], [0,1,0,0,0,0,0,0,0,0,0,0]) = 18242444
N(3h+12f, 18, [2,4,0,0,0,0,0,0,0,0,0,0], [2,0,0,0,0,0,0,0,0,0,0,0]) = 13280966
N(3h+12f, 18, [2,4,0,0,0,0,0,0,0,0,0,0], [0,1,0,0,0,0,0,0,0,0,0,0]) = 17691994
N(3h+12f, 18, [2,2,0,1,0,0,0,0,0,0,0,0], [2,0,0,0,0,0,0,0,0,0,0,0]) = 13263050
N(3h+12f, 18, [2,2,0,1,0,0,0,0,0,0,0,0], [0,1,0,0,0,0,0,0,0,0,0,0]) = 17662158
N(3h+12f, 18, [2,1,2,0,0,0,0,0,0,0,0,0], [2,0,0,0,0,0,0,0,0,0,0,0]) = 13254360
N(3h+12f, 18, [2,1,2,0,0,0,0,0,0,0,0,0], [0,1,0,0,0,0,0,0,0,0,0,0]) = 17647732
N(3h+12f, 18, [2,1,0,0,0,1,0,0,0,0,0,0], [2,0,0,0,0,0,0,0,0,0,0,0]) = 13254092
N(3h+12f, 18, [2,1,0,0,0,1,0,0,0,0,0,0], [0,1,0,0,0,0,0,0,0,0,0,0]) = 17647240
N(3h+12f, 18, [2,0,1,0,1,0,0,0,0,0,0,0], [2,0,0,0,0,0,0,0,0,0,0,0]) = 13245270
N(3h+12f, 18, [2,0,1,0,1,0,0,0,0,0,0,0], [0,1,0,0,0,0,0,0,0,0,0,0]) = 17632572
N(3h+12f, 18, [2,0,0,2,0,0,0,0,0,0,0,0], [2,0,0,0,0,0,0,0,0,0,0,0]) = 13245138
N(3h+12f, 18, [2,0,0,2,0,0,0,0,0,0,0,0], [0,1,0,0,0,0,0,0,0,0,0,0]) = 17632330
N(3h+12f, 18, [2,0,0,0,0,0,0,1,0,0,0,0], [2,0,0,0,0,0,0,0,0,0,0,0]) = 13245136
N(3h+12f, 18, [2,0,0,0,0,0,0,1,0,0,0,0], [0,1,0,0,0,0,0,0,0,0,0,0]) = 17632326
N(3h+12f, 18, [1,3,1,0,0,0,0,0,0,0,0,0], [2,0,0,0,0,0,0,0,0,0,0,0]) = 12873634
N(3h+12f, 18, [1,3,1,0,0,0,0,0,0,0,0,0], [0,1,0,0,0,0,0,0,0,0,0,0]) = 17081618
N(3h+12f, 18, [1,2,0,0,1,0,0,0,0,0,0,0], [2,0,0,0,0,0,0,0,0,0,0,0]) = 12864677
N(3h+12f, 18, [1,2,0,0,1,0,0,0,0,0,0,0], [0,1,0,0,0,0,0,0,0,0,0,0]) = 17066702
N(3h+12f, 18, [1,1,1,1,0,0,0,0,0,0,0,0], [2,0,0,0,0,0,0,0,0,0,0,0]) = 12855988
N(3h+12f, 18, [1,1,1,1,0,0,0,0,0,0,0,0], [0,1,0,0,0,0,0,0,0,0,0,0]) = 17052278
N(3h+12f, 18, [1,1,0,0,0,0,1,0,0,0,0,0], [2,0,0,0,0,0,0,0,0,0,0,0]) = 12855854
N(3h+12f, 18, [1,1,0,0,0,0,1,0,0,0,0,0], [0,1,0,0,0,0,0,0,0,0,0,0]) = 17052032
N(3h+12f, 18, [1,0,3,0,0,0,0,0,0,0,0,0], [2,0,0,0,0,0,0,0,0,0,0,0]) = 12847431
N(3h+12f, 18, [1,0,3,0,0,0,0,0,0,0,0,0], [0,1,0,0,0,0,0,0,0,0,0,0]) = 17038096
N(3h+12f, 18, [1,0,1,0,0,1,0,0,0,0,0,0], [2,0,0,0,0,0,0,0,0,0,0,0]) = 12847165
N(3h+12f, 18, [1,0,1,0,0,1,0,0,0,0,0,0], [0,1,0,0,0,0,0,0,0,0,0,0]) = 17037608
N(3h+12f, 18, [1,0,0,1,1,0,0,0,0,0,0,0], [2,0,0,0,0,0,0,0,0,0,0,0]) = 12847033
N(3h+12f, 18, [1,0,0,1,1,0,0,0,0,0,0,0], [0,1,0,0,0,0,0,0,0,0,0,0]) = 17037366
N(3h+12f, 18, [1,0,0,0,0,0,0,0,1,0,0,0], [2,0,0,0,0,0,0,0,0,0,0,0]) = 12847032
N(3h+12f, 18, [1,0,0,0,0,0,0,0,1,0,0,0], [0,1,0,0,0,0,0,0,0,0,0,0]) = 17037364
N(3h+12f, 18, [0,5,0,0,0,0,0,0,0,0,0,0], [2,0,0,0,0,0,0,0,0,0,0,0]) = 12501338
N(3h+12f, 18, [0,5,0,0,0,0,0,0,0,0,0,0], [0,1,0,0,0,0,0,0,0,0,0,0]) = 16529450
N(3h+12f, 18, [0,3,0,1,0,0,0,0,0,0,0,0], [2,0,0,0,0,0,0,0,0,0,0,0]) = 12483954
N(3h+12f, 18, [0,3,0,1,0,0,0,0,0,0,0,0], [0,1,0,0,0,0,0,0,0,0,0,0]) = 16500590
N(3h+12f, 18, [0,2,2,0,0,0,0,0,0,0,0,0], [2,0,0,0,0,0,0,0,0,0,0,0]) = 12475526
N(3h+12f, 18, [0,2,2,0,0,0,0,0,0,0,0,0], [0,1,0,0,0,0,0,0,0,0,0,0]) = 16486644
N(3h+12f, 18, [0,2,0,0,0,1,0,0,0,0,0,0], [2,0,0,0,0,0,0,0,0,0,0,0]) = 12475262
N(3h+12f, 18, [0,2,0,0,0,1,0,0,0,0,0,0], [0,1,0,0,0,0,0,0,0,0,0,0]) = 16486160
N(3h+12f, 18, [0,1,1,0,1,0,0,0,0,0,0,0], [2,0,0,0,0,0,0,0,0,0,0,0]) = 12466704
N(3h+12f, 18, [0,1,1,0,1,0,0,0,0,0,0,0], [0,1,0,0,0,0,0,0,0,0,0,0]) = 16471976
N(3h+12f, 18, [0,1,0,2,0,0,0,0,0,0,0,0], [2,0,0,0,0,0,0,0,0,0,0,0]) = 12466574
N(3h+12f, 18, [0,1,0,2,0,0,0,0,0,0,0,0], [0,1,0,0,0,0,0,0,0,0,0,0]) = 16471738
N(3h+12f, 18, [0,1,0,0,0,0,0,1,0,0,0,0], [2,0,0,0,0,0,0,0,0,0,0,0]) = 12466572
N(3h+12f, 18, [0,1,0,0,0,0,0,1,0,0,0,0], [0,1,0,0,0,0,0,0,0,0,0,0]) = 16471734
N(3h+12f, 18, [0,0,2,1,0,0,0,0,0,0,0,0], [2,0,0,0,0,0,0,0,0,0,0,0]) = 12458148
N(3h+12f, 18, [0,0,2,1,0,0,0,0,0,0,0,0], [0,1,0,0,0,0,0,0,0,0,0,0]) = 16457796
N(3h+12f, 18, [0,0,1,0,0,0,1,0,0,0,0,0], [2,0,0,0,0,0,0,0,0,0,0,0]) = 12458015
N(3h+12f, 18, [0,0,1,0,0,0,1,0,0,0,0,0], [0,1,0,0,0,0,0,0,0,0,0,0]) = 16457552
N(3h+12f, 18, [0,0,0,1,0,1,0,0,0,0,0,0], [2,0,0,0,0,0,0,0,0,0,0,0]) = 12457884
N(3h+12f, 18, [0,0,0,1,0,1,0,0,0,0,0,0], [0,1,0,0,0,0,0,0,0,0,0,0]) = 16457312
N(3h+12f, 18, [0,0,0,0,2,0,0,0,0,0,0,0], [2,0,0,0,0,0,0,0,0,0,0,0]) = 12457883
N(3h+12f, 18, [0,0,0,0,2,0,0,0,0,0,0,0], [0,1,0,0,0,0,0,0,0,0,0,0]) = 16457310
N(3h+12f, 18, [0,0,0,0,0,0,0,0,0,1,0,0], [2,0,0,0,0,0,0,0,0,0,0,0]) = 12457883
N(3h+12f, 18, [0,0,0,0,0,0,0,0,0,1,0,0], [0,1,0,0,0,0,0,0,0,0,0,0]) = 16457310
N(3h+12f, 18, [9,0,0,0,0,0,0,0,0,0,0,0], [3,0,0,0,0,0,0,0,0,0,0,0]) = 16795763
N(3h+12f, 18, [9,0,0,0,0,0,0,0,0,0,0,0], [1,1,0,0,0,0,0,0,0,0,0,0]) = 53666168
N(3h+12f, 18, [9,0,0,0,0,0,0,0,0,0,0,0], [0,0,1,0,0,0,0,0,0,0,0,0]) = 33078561
N(3h+12f, 18, [7,1,0,0,0,0,0,0,0,0,0,0], [3,0,0,0,0,0,0,0,0,0,0,0]) = 15865901
N(3h+12f, 18, [7,1,0,0,0,0,0,0,0,0,0,0], [1,1,0,0,0,0,0,0,0,0,0,0]) = 50498816
N(3h+12f, 18, [7,1,0,0,0,0,0,0,0,0,0,0], [0,0,1,0,0,0,0,0,0,0,0,0]) = 31016877
N(3h+12f, 18, [6,0,1,0,0,0,0,0,0,0,0,0], [3,0,0,0,0,0,0,0,0,0,0,0]) = 15401390
N(3h+12f, 18, [6,0,1,0,0,0,0,0,0,0,0,0], [1,1,0,0,0,0,0,0,0,0,0,0]) = 48916736
N(3h+12f, 18, [6,0,1,0,0,0,0,0,0,0,0,0], [0,0,1,0,0,0,0,0,0,0,0,0]) = 29987178
N(3h+12f, 18, [5,2,0,0,0,0,0,0,0,0,0,0], [3,0,0,0,0,0,0,0,0,0,0,0]) = 14975167
N(3h+12f, 18, [5,2,0,0,0,0,0,0,0,0,0,0], [1,1,0,0,0,0,0,0,0,0,0,0]) = 47472856
N(3h+12f, 18, [5,2,0,0,0,0,0,0,0,0,0,0], [0,0,1,0,0,0,0,0,0,0,0,0]) = 29052105
N(3h+12f, 18, [5,0,0,1,0,0,0,0,0,0,0,0], [3,0,0,0,0,0,0,0,0,0,0,0]) = 14956163
N(3h+12f, 18, [5,0,0,1,0,0,0,0,0,0,0,0], [1,1,0,0,0,0,0,0,0,0,0,0]) = 47404288
N(3h+12f, 18, [5,0,0,1,0,0,0,0,0,0,0,0], [0,0,1,0,0,0,0,0,0,0,0,0]) = 29005173
N(3h+12f, 18, [4,1,1,0,0,0,0,0,0,0,0,0], [3,0,0,0,0,0,0,0,0,0,0,0]) = 14530214
N(3h+12f, 18, [4,1,1,0,0,0,0,0,0,0,0,0], [1,1,0,0,0,0,0,0,0,0,0,0]) = 45961448
N(3h+12f, 18, [4,1,1,0,0,0,0,0,0,0,0,0], [0,0,1,0,0,0,0,0,0,0,0,0]) = 28070844
N(3h+12f, 18, [4,0,0,0,1,0,0,0,0,0,0,0], [3,0,0,0,0,0,0,0,0,0,0,0]) = 14520713
N(3h+12f, 18, [4,0,0,0,1,0,0,0,0,0,0,0], [1,1,0,0,0,0,0,0,0,0,0,0]) = 45927168
N(3h+12f, 18, [4,0,0,0,1,0,0,0,0,0,0,0], [0,0,1,0,0,0,0,0,0,0,0,0]) = 28047381
N(3h+12f, 18, [3,3,0,0,0,0,0,0,0,0,0,0], [3,0,0,0,0,0,0,0,0,0,0,0]) = 14122449
N(3h+12f, 18, [3,3,0,0,0,0,0,0,0,0,0,0], [1,1,0,0,0,0,0,0,0,0,0,0]) = 44584048
N(3h+12f, 18, [3,3,0,0,0,0,0,0,0,0,0,0], [0,0,1,0,0,0,0,0,0,0,0,0]) = 27181197
N(3h+12f, 18, [3,1,0,1,0,0,0,0,0,0,0,0], [3,0,0,0,0,0,0,0,0,0,0,0]) = 14103993
N(3h+12f, 18, [3,1,0,1,0,0,0,0,0,0,0,0], [1,1,0,0,0,0,0,0,0,0,0,0]) = 44517568
N(3h+12f, 18, [3,1,0,1,0,0,0,0,0,0,0,0], [0,0,1,0,0,0,0,0,0,0,0,0]) = 27135765
N(3h+12f, 18, [3,0,2,0,0,0,0,0,0,0,0,0], [3,0,0,0,0,0,0,0,0,0,0,0]) = 14095037
N(3h+12f, 18, [3,0,2,0,0,0,0,0,0,0,0,0], [1,1,0,0,0,0,0,0,0,0,0,0]) = 44485364
N(3h+12f, 18, [3,0,2,0,0,0,0,0,0,0,0,0], [0,0,1,0,0,0,0,0,0,0,0,0]) = 27113793
N(3h+12f, 18, [3,0,0,0,0,1,0,0,0,0,0,0], [3,0,0,0,0,0,0,0,0,0,0,0]) = 14094765
N(3h+12f, 18, [3,0,0,0,0,1,0,0,0,0,0,0], [1,1,0,0,0,0,0,0,0,0,0,0]) = 44484328
N(3h+12f, 18, [3,0,0,0,0,1,0,0,0,0,0,0], [0,0,1,0,0,0,0,0,0,0,0,0]) = 27113049
N(3h+12f, 18, [2,2,1,0,0,0,0,0,0,0,0,0], [3,0,0,0,0,0,0,0,0,0,0,0]) = 13696498
N(3h+12f, 18, [2,2,1,0,0,0,0,0,0,0,0,0], [1,1,0,0,0,0,0,0,0,0,0,0]) = 43141192
N(3h+12f, 18, [2,2,1,0,0,0,0,0,0,0,0,0], [0,0,1,0,0,0,0,0,0,0,0,0]) = 26246850
N(3h+12f, 18, [2,1,0,0,1,0,0,0,0,0,0,0], [3,0,0,0,0,0,0,0,0,0,0,0]) = 13687271
N(3h+12f, 18, [2,1,0,0,1,0,0,0,0,0,0,0], [1,1,0,0,0,0,0,0,0,0,0,0]) = 43107956
N(3h+12f, 18, [2,1,0,0,1,0,0,0,0,0,0,0], [0,0,1,0,0,0,0,0,0,0,0,0]) = 26224137
N(3h+12f, 18, [2,0,1,1,0,0,0,0,0,0,0,0], [3,0,0,0,0,0,0,0,0,0,0,0]) = 13678316
N(3h+12f, 18, [2,0,1,1,0,0,0,0,0,0,0,0], [1,1,0,0,0,0,0,0,0,0,0,0]) = 43075756
N(3h+12f, 18, [2,0,1,1,0,0,0,0,0,0,0,0], [0,0,1,0,0,0,0,0,0,0,0,0]) = 26202168
N(3h+12f, 18, [2,0,0,0,0,0,1,0,0,0,0,0], [3,0,0,0,0,0,0,0,0,0,0,0]) = 13678180
N(3h+12f, 18, [2,0,0,0,0,0,1,0,0,0,0,0], [1,1,0,0,0,0,0,0,0,0,0,0]) = 43075238
N(3h+12f, 18, [2,0,0,0,0,0,1,0,0,0,0,0], [0,0,1,0,0,0,0,0,0,0,0,0]) = 26201796
N(3h+12f, 18, [1,4,0,0,0,0,0,0,0,0,0,0], [3,0,0,0,0,0,0,0,0,0,0,0]) = 13306651
N(3h+12f, 18, [1,4,0,0,0,0,0,0,0,0,0,0], [1,1,0,0,0,0,0,0,0,0,0,0]) = 41828216
N(3h+12f, 18, [1,4,0,0,0,0,0,0,0,0,0,0], [0,0,1,0,0,0,0,0,0,0,0,0]) = 25401153
N(3h+12f, 18, [1,2,0,1,0,0,0,0,0,0,0,0], [3,0,0,0,0,0,0,0,0,0,0,0]) = 13288735
N(3h+12f, 18, [1,2,0,1,0,0,0,0,0,0,0,0], [1,1,0,0,0,0,0,0,0,0,0,0]) = 41763792
N(3h+12f, 18, [1,2,0,1,0,0,0,0,0,0,0,0], [0,0,1,0,0,0,0,0,0,0,0,0]) = 25357197
N(3h+12f, 18, [1,1,2,0,0,0,0,0,0,0,0,0], [3,0,0,0,0,0,0,0,0,0,0,0]) = 13280045
N(3h+12f, 18, [1,1,2,0,0,0,0,0,0,0,0,0], [1,1,0,0,0,0,0,0,0,0,0,0]) = 41732600
N(3h+12f, 18, [1,1,2,0,0,0,0,0,0,0,0,0], [0,0,1,0,0,0,0,0,0,0,0,0]) = 25335951
N(3h+12f, 18, [1,1,0,0,0,1,0,0,0,0,0,0], [3,0,0,0,0,0,0,0,0,0,0,0]) = 13279777
N(3h+12f, 18, [1,1,0,0,0,1,0,0,0,0,0,0], [1,1,0,0,0,0,0,0,0,0,0,0]) = 41731580
N(3h+12f, 18, [1,1,0,0,0,1,0,0,0,0,0,0], [0,0,1,0,0,0,0,0,0,0,0,0]) = 25335219
N(3h+12f, 18, [1,0,1,0,1,0,0,0,0,0,0,0], [3,0,0,0,0,0,0,0,0,0,0,0]) = 13270955
N(3h+12f, 18, [1,0,1,0,1,0,0,0,0,0,0,0], [1,1,0,0,0,0,0,0,0,0,0,0]) = 41699886
N(3h+12f, 18, [1,0,1,0,1,0,0,0,0,0,0,0], [0,0,1,0,0,0,0,0,0,0,0,0]) = 25313613
N(3h+12f, 18, [1,0,0,2,0,0,0,0,0,0,0,0], [3,0,0,0,0,0,0,0,0,0,0,0]) = 13270823
N(3h+12f, 18, [1,0,0,2,0,0,0,0,0,0,0,0], [1,1,0,0,0,0,0,0,0,0,0,0]) = 41699384
N(3h+12f, 18, [1,0,0,2,0,0,0,0,0,0,0,0], [0,0,1,0,0,0,0,0,0,0,0,0]) = 25313253
N(3h+12f, 18, [1,0,0,0,0,0,0,1,0,0,0,0], [3,0,0,0,0,0,0,0,0,0,0,0]) = 13270821
N(3h+12f, 18, [1,0,0,0,0,0,0,1,0,0,0,0], [1,1,0,0,0,0,0,0,0,0,0,0]) = 41699376
N(3h+12f, 18, [1,0,0,0,0,0,0,1,0,0,0,0], [0,0,1,0,0,0,0,0,0,0,0,0]) = 25313247
N(3h+12f, 18, [0,3,1,0,0,0,0,0,0,0,0,0], [3,0,0,0,0,0,0,0,0,0,0,0]) = 12899154
N(3h+12f, 18, [0,3,1,0,0,0,0,0,0,0,0,0], [1,1,0,0,0,0,0,0,0,0,0,0]) = 40451824
N(3h+12f, 18, [0,3,1,0,0,0,0,0,0,0,0,0], [0,0,1,0,0,0,0,0,0,0,0,0]) = 24512220
N(3h+12f, 18, [0,2,0,0,1,0,0,0,0,0,0,0], [3,0,0,0,0,0,0,0,0,0,0,0]) = 12890197
N(3h+12f, 18, [0,2,0,0,1,0,0,0,0,0,0,0], [1,1,0,0,0,0,0,0,0,0,0,0]) = 40419616
N(3h+12f, 18, [0,2,0,0,1,0,0,0,0,0,0,0], [0,0,1,0,0,0,0,0,0,0,0,0]) = 24490245
N(3h+12f, 18, [0,1,1,1,0,0,0,0,0,0,0,0], [3,0,0,0,0,0,0,0,0,0,0,0]) = 12881508
N(3h+12f, 18, [0,1,1,1,0,0,0,0,0,0,0,0], [1,1,0,0,0,0,0,0,0,0,0,0]) = 40388428
N(3h+12f, 18, [0,1,1,1,0,0,0,0,0,0,0,0], [0,0,1,0,0,0,0,0,0,0,0,0]) = 24469002
N(3h+12f, 18, [0,1,0,0,0,0,1,0,0,0,0,0], [3,0,0,0,0,0,0,0,0,0,0,0]) = 12881374
N(3h+12f, 18, [0,1,0,0,0,0,1,0,0,0,0,0], [1,1,0,0,0,0,0,0,0,0,0,0]) = 40387918
N(3h+12f, 18, [0,1,0,0,0,0,1,0,0,0,0,0], [0,0,1,0,0,0,0,0,0,0,0,0]) = 24468636
N(3h+12f, 18, [0,0,3,0,0,0,0,0,0,0,0,0], [3,0,0,0,0,0,0,0,0,0,0,0]) = 12872951
N(3h+12f, 18, [0,0,3,0,0,0,0,0,0,0,0,0], [1,1,0,0,0,0,0,0,0,0,0,0]) = 40357742
N(3h+12f, 18, [0,0,3,0,0,0,0,0,0,0,0,0], [0,0,1,0,0,0,0,0,0,0,0,0]) = 24448119
N(3h+12f, 18, [0,0,1,0,0,1,0,0,0,0,0,0], [3,0,0,0,0,0,0,0,0,0,0,0]) = 12872685
N(3h+12f, 18, [0,0,1,0,0,1,0,0,0,0,0,0], [1,1,0,0,0,0,0,0,0,0,0,0]) = 40356730
N(3h+12f, 18, [0,0,1,0,0,1,0,0,0,0,0,0], [0,0,1,0,0,0,0,0,0,0,0,0]) = 24447393
N(3h+12f, 18, [0,0,0,1,1,0,0,0,0,0,0,0], [3,0,0,0,0,0,0,0,0,0,0,0]) = 12872553
N(3h+12f, 18, [0,0,0,1,1,0,0,0,0,0,0,0], [1,1,0,0,0,0,0,0,0,0,0,0]) = 40356228
N(3h+12f, 18, [0,0,0,1,1,0,0,0,0,0,0,0], [0,0,1,0,0,0,0,0,0,0,0,0]) = 24447033
N(3h+12f, 18, [0,0,0,0,0,0,0,0,1,0,0,0], [3,0,0,0,0,0,0,0,0,0,0,0]) = 12872552
N(3h+12f, 18, [0,0,0,0,0,0,0,0,1,0,0,0], [1,1,0,0,0,0,0,0,0,0,0,0]) = 40356224
N(3h+12f, 18, [0,0,0,0,0,0,0,0,1,0,0,0], [0,0,1,0,0,0,0,0,0,0,0,0]) = 24447030
N(3h+12f, 18, [8,0,0,0,0,0,0,0,0,0,0,0], [4,0,0,0,0,0,0,0,0,0,0,0]) = 16796258
N(3h+12f, 18, [8,0,0,0,0,0,0,0,0,0,0,0], [2,1,0,0,0,0,0,0,0,0,0,0]) = 85345610
N(3h+12f, 18, [8,0,0,0,0,0,0,0,0,0,0,0], [1,0,1,0,0,0,0,0,0,0,0,0]) = 77726880
N(3h+12f, 18, [8,0,0,0,0,0,0,0,0,0,0,0], [0,2,0,0,0,0,0,0,0,0,0,0]) = 43091432
N(3h+12f, 18, [8,0,0,0,0,0,0,0,0,0,0,0], [0,0,0,1,0,0,0,0,0,0,0,0]) = 42692044
N(3h+12f, 18, [6,1,0,0,0,0,0,0,0,0,0,0], [4,0,0,0,0,0,0,0,0,0,0,0]) = 15866396
N(3h+12f, 18, [6,1,0,0,0,0,0,0,0,0,0,0], [2,1,0,0,0,0,0,0,0,0,0,0]) = 80397450
N(3h+12f, 18, [6,1,0,0,0,0,0,0,0,0,0,0], [1,0,1,0,0,0,0,0,0,0,0,0]) = 73093008
N(3h+12f, 18, [6,1,0,0,0,0,0,0,0,0,0,0], [0,2,0,0,0,0,0,0,0,0,0,0]) = 40396344
N(3h+12f, 18, [6,1,0,0,0,0,0,0,0,0,0,0], [0,0,0,1,0,0,0,0,0,0,0,0]) = 40008844
N(3h+12f, 18, [5,0,1,0,0,0,0,0,0,0,0,0], [4,0,0,0,0,0,0,0,0,0,0,0]) = 15401885
N(3h+12f, 18, [5,0,1,0,0,0,0,0,0,0,0,0], [2,1,0,0,0,0,0,0,0,0,0,0]) = 77925794
N(3h+12f, 18, [5,0,1,0,0,0,0,0,0,0,0,0], [1,0,1,0,0,0,0,0,0,0,0,0]) = 70778448
N(3h+12f, 18, [5,0,1,0,0,0,0,0,0,0,0,0], [0,2,0,0,0,0,0,0,0,0,0,0]) = 39050312
N(3h+12f, 18, [5,0,1,0,0,0,0,0,0,0,0,0], [0,0,0,1,0,0,0,0,0,0,0,0]) = 38668756
N(3h+12f, 18, [4,2,0,0,0,0,0,0,0,0,0,0], [4,0,0,0,0,0,0,0,0,0,0,0]) = 14975662
N(3h+12f, 18, [4,2,0,0,0,0,0,0,0,0,0,0], [2,1,0,0,0,0,0,0,0,0,0,0]) = 75666714
N(3h+12f, 18, [4,2,0,0,0,0,0,0,0,0,0,0], [1,0,1,0,0,0,0,0,0,0,0,0]) = 68667888
N(3h+12f, 18, [4,2,0,0,0,0,0,0,0,0,0,0], [0,2,0,0,0,0,0,0,0,0,0,0]) = 37828600
N(3h+12f, 18, [4,2,0,0,0,0,0,0,0,0,0,0], [0,0,0,1,0,0,0,0,0,0,0,0]) = 37452812
N(3h+12f, 18, [4,0,0,1,0,0,0,0,0,0,0,0], [4,0,0,0,0,0,0,0,0,0,0,0]) = 14956658
N(3h+12f, 18, [4,0,0,1,0,0,0,0,0,0,0,0], [2,1,0,0,0,0,0,0,0,0,0,0]) = 75561234
N(3h+12f, 18, [4,0,0,1,0,0,0,0,0,0,0,0], [1,0,1,0,0,0,0,0,0,0,0,0]) = 68566680
N(3h+12f, 18, [4,0,0,1,0,0,0,0,0,0,0,0], [0,2,0,0,0,0,0,0,0,0,0,0]) = 37766944
N(3h+12f, 18, [4,0,0,1,0,0,0,0,0,0,0,0], [0,0,0,1,0,0,0,0,0,0,0,0]) = 37391244
N(3h+12f, 18, [3,1,1,0,0,0,0,0,0,0,0,0], [4,0,0,0,0,0,0,0,0,0,0,0]) = 14530709
N(3h+12f, 18, [3,1,1,0,0,0,0,0,0,0,0,0], [2,1,0,0,0,0,0,0,0,0,0,0]) = 73303734
N(3h+12f, 18, [3,1,1,0,0,0,0,0,0,0,0,0], [1,0,1,0,0,0,0,0,0,0,0,0]) = 66457668
N(3h+12f, 18, [3,1,1,0,0,0,0,0,0,0,0,0], [0,2,0,0,0,0,0,0,0,0,0,0]) = 36546216
N(3h+12f, 18, [3,1,1,0,0,0,0,0,0,0,0,0], [0,0,0,1,0,0,0,0,0,0,0,0]) = 36176284
N(3h+12f, 18, [3,0,0,0,1,0,0,0,0,0,0,0], [4,0,0,0,0,0,0,0,0,0,0,0]) = 14521208
N(3h+12f, 18, [3,0,0,0,1,0,0,0,0,0,0,0], [2,1,0,0,0,0,0,0,0,0,0,0]) = 73251000
N(3h+12f, 18, [3,0,0,0,1,0,0,0,0,0,0,0], [1,0,1,0,0,0,0,0,0,0,0,0]) = 66407070
N(3h+12f, 18, [3,0,0,0,1,0,0,0,0,0,0,0], [0,2,0,0,0,0,0,0,0,0,0,0]) = 36515392
N(3h+12f, 18, [3,0,0,0,1,0,0,0,0,0,0,0], [0,0,0,1,0,0,0,0,0,0,0,0]) = 36145504
N(3h+12f, 18, [2,3,0,0,0,0,0,0,0,0,0,0], [4,0,0,0,0,0,0,0,0,0,0,0]) = 14122944
N(3h+12f, 18, [2,3,0,0,0,0,0,0,0,0,0,0], [2,1,0,0,0,0,0,0,0,0,0,0]) = 71146970
N(3h+12f, 18, [2,3,0,0,0,0,0,0,0,0,0,0], [1,0,1,0,0,0,0,0,0,0,0,0]) = 64445208
N(3h+12f, 18, [2,3,0,0,0,0,0,0,0,0,0,0], [0,2,0,0,0,0,0,0,0,0,0,0]) = 35384168
N(3h+12f, 18, [2,3,0,0,0,0,0,0,0,0,0,0], [0,0,0,1,0,0,0,0,0,0,0,0]) = 35019916
N(3h+12f, 18, [2,1,0,1,0,0,0,0,0,0,0,0], [4,0,0,0,0,0,0,0,0,0,0,0]) = 14104488
N(3h+12f, 18, [2,1,0,1,0,0,0,0,0,0,0,0], [2,1,0,0,0,0,0,0,0,0,0,0]) = 71044658
N(3h+12f, 18, [2,1,0,1,0,0,0,0,0,0,0,0], [1,0,1,0,0,0,0,0,0,0,0,0]) = 64347108
N(3h+12f, 18, [2,1,0,1,0,0,0,0,0,0,0,0], [0,2,0,0,0,0,0,0,0,0,0,0]) = 35324496
N(3h+12f, 18, [2,1,0,1,0,0,0,0,0,0,0,0], [0,0,0,1,0,0,0,0,0,0,0,0]) = 34960332
N(3h+12f, 18, [2,0,2,0,0,0,0,0,0,0,0,0], [4,0,0,0,0,0,0,0,0,0,0,0]) = 14095532
N(3h+12f, 18, [2,0,2,0,0,0,0,0,0,0,0,0], [2,1,0,0,0,0,0,0,0,0,0,0]) = 70995074
N(3h+12f, 18, [2,0,2,0,0,0,0,0,0,0,0,0], [1,0,1,0,0,0,0,0,0,0,0,0]) = 64299600
N(3h+12f, 18, [2,0,2,0,0,0,0,0,0,0,0,0], [0,2,0,0,0,0,0,0,0,0,0,0]) = 35295644
N(3h+12f, 18, [2,0,2,0,0,0,0,0,0,0,0,0], [0,0,0,1,0,0,0,0,0,0,0,0]) = 34931524
N(3h+12f, 18, [2,0,0,0,0,1,0,0,0,0,0,0], [4,0,0,0,0,0,0,0,0,0,0,0]) = 14095260
N(3h+12f, 18, [2,0,0,0,0,1,0,0,0,0,0,0], [2,1,0,0,0,0,0,0,0,0,0,0]) = 70993502
N(3h+12f, 18, [2,0,0,0,0,1,0,0,0,0,0,0], [1,0,1,0,0,0,0,0,0,0,0,0]) = 64298058
N(3h+12f, 18, [2,0,0,0,0,1,0,0,0,0,0,0], [0,2,0,0,0,0,0,0,0,0,0,0]) = 35294660
N(3h+12f, 18, [2,0,0,0,0,1,0,0,0,0,0,0], [0,0,0,1,0,0,0,0,0,0,0,0]) = 34930540
N(3h+12f, 18, [1,2,1,0,0,0,0,0,0,0,0,0], [4,0,0,0,0,0,0,0,0,0,0,0]) = 13696993
N(3h+12f, 18, [1,2,1,0,0,0,0,0,0,0,0,0], [2,1,0,0,0,0,0,0,0,0,0,0]) = 68889450
N(3h+12f, 18, [1,2,1,0,0,0,0,0,0,0,0,0], [1,0,1,0,0,0,0,0,0,0,0,0]) = 62336172
N(3h+12f, 18, [1,2,1,0,0,0,0,0,0,0,0,0], [0,2,0,0,0,0,0,0,0,0,0,0]) = 34163416
N(3h+12f, 18, [1,2,1,0,0,0,0,0,0,0,0,0], [0,0,0,1,0,0,0,0,0,0,0,0]) = 33804932
N(3h+12f, 18, [1,1,0,0,1,0,0,0,0,0,0,0], [4,0,0,0,0,0,0,0,0,0,0,0]) = 13687766
N(3h+12f, 18, [1,1,0,0,1,0,0,0,0,0,0,0], [2,1,0,0,0,0,0,0,0,0,0,0]) = 68838300
N(3h+12f, 18, [1,1,0,0,1,0,0,0,0,0,0,0], [1,0,1,0,0,0,0,0,0,0,0,0]) = 62287128
N(3h+12f, 18, [1,1,0,0,1,0,0,0,0,0,0,0], [0,2,0,0,0,0,0,0,0,0,0,0]) = 34133584
N(3h+12f, 18, [1,1,0,0,1,0,0,0,0,0,0,0], [0,0,0,1,0,0,0,0,0,0,0,0]) = 33775144
N(3h+12f, 18, [1,0,1,1,0,0,0,0,0,0,0,0], [4,0,0,0,0,0,0,0,0,0,0,0]) = 13678811
N(3h+12f, 18, [1,0,1,1,0,0,0,0,0,0,0,0], [2,1,0,0,0,0,0,0,0,0,0,0]) = 68788722
N(3h+12f, 18, [1,0,1,1,0,0,0,0,0,0,0,0], [1,0,1,0,0,0,0,0,0,0,0,0]) = 62239626
N(3h+12f, 18, [1,0,1,1,0,0,0,0,0,0,0,0], [0,2,0,0,0,0,0,0,0,0,0,0]) = 34104736
N(3h+12f, 18, [1,0,1,1,0,0,0,0,0,0,0,0], [0,0,0,1,0,0,0,0,0,0,0,0]) = 33746340
N(3h+12f, 18, [1,0,0,0,0,0,1,0,0,0,0,0], [4,0,0,0,0,0,0,0,0,0,0,0]) = 13678675
N(3h+12f, 18, [1,0,0,0,0,0,1,0,0,0,0,0], [2,1,0,0,0,0,0,0,0,0,0,0]) = 68787936
N(3h+12f, 18, [1,0,0,0,0,0,1,0,0,0,0,0], [1,0,1,0,0,0,0,0,0,0,0,0]) = 62238855
N(3h+12f, 18, [1,0,0,0,0,0,1,0,0,0,0,0], [0,2,0,0,0,0,0,0,0,0,0,0]) = 34104244
N(3h+12f, 18, [1,0,0,0,0,0,1,0,0,0,0,0], [0,0,0,1,0,0,0,0,0,0,0,0]) = 33745848
N(3h+12f, 18, [0,4,0,0,0,0,0,0,0,0,0,0], [4,0,0,0,0,0,0,0,0,0,0,0]) = 13307146
N(3h+12f, 18, [0,4,0,0,0,0,0,0,0,0,0,0], [2,1,0,0,0,0,0,0,0,0,0,0]) = 66831882
N(3h+12f, 18, [0,4,0,0,0,0,0,0,0,0,0,0], [1,0,1,0,0,0,0,0,0,0,0,0]) = 60418752
N(3h+12f, 18, [0,4,0,0,0,0,0,0,0,0,0,0], [0,2,0,0,0,0,0,0,0,0,0,0]) = 33059080
N(3h+12f, 18, [0,4,0,0,0,0,0,0,0,0,0,0], [0,0,0,1,0,0,0,0,0,0,0,0]) = 32706188
N(3h+12f, 18, [0,2,0,1,0,0,0,0,0,0,0,0], [4,0,0,0,0,0,0,0,0,0,0,0]) = 13289230
N(3h+12f, 18, [0,2,0,1,0,0,0,0,0,0,0,0], [2,1,0,0,0,0,0,0,0,0,0,0]) = 66732690
N(3h+12f, 18, [0,2,0,1,0,0,0,0,0,0,0,0], [1,0,1,0,0,0,0,0,0,0,0,0]) = 60323712
N(3h+12f, 18, [0,2,0,1,0,0,0,0,0,0,0,0], [0,2,0,0,0,0,0,0,0,0,0,0]) = 33001360
N(3h+12f, 18, [0,2,0,1,0,0,0,0,0,0,0,0], [0,0,0,1,0,0,0,0,0,0,0,0]) = 32648556
N(3h+12f, 18, [0,1,2,0,0,0,0,0,0,0,0,0], [4,0,0,0,0,0,0,0,0,0,0,0]) = 13280540
N(3h+12f, 18, [0,1,2,0,0,0,0,0,0,0,0,0], [2,1,0,0,0,0,0,0,0,0,0,0]) = 66684642
N(3h+12f, 18, [0,1,2,0,0,0,0,0,0,0,0,0], [1,0,1,0,0,0,0,0,0,0,0,0]) = 60277710
N(3h+12f, 18, [0,1,2,0,0,0,0,0,0,0,0,0], [0,2,0,0,0,0,0,0,0,0,0,0]) = 32973468
N(3h+12f, 18, [0,1,2,0,0,0,0,0,0,0,0,0], [0,0,0,1,0,0,0,0,0,0,0,0]) = 32620708
N(3h+12f, 18, [0,1,0,0,0,1,0,0,0,0,0,0], [4,0,0,0,0,0,0,0,0,0,0,0]) = 13280272
N(3h+12f, 18, [0,1,0,0,0,1,0,0,0,0,0,0], [2,1,0,0,0,0,0,0,0,0,0,0]) = 66683094
N(3h+12f, 18, [0,1,0,0,0,1,0,0,0,0,0,0], [1,0,1,0,0,0,0,0,0,0,0,0]) = 60276192
N(3h+12f, 18, [0,1,0,0,0,1,0,0,0,0,0,0], [0,2,0,0,0,0,0,0,0,0,0,0]) = 32972500
N(3h+12f, 18, [0,1,0,0,0,1,0,0,0,0,0,0], [0,0,0,1,0,0,0,0,0,0,0,0]) = 32619740
N(3h+12f, 18, [0,0,1,0,1,0,0,0,0,0,0,0], [4,0,0,0,0,0,0,0,0,0,0,0]) = 13271450
N(3h+12f, 18, [0,0,1,0,1,0,0,0,0,0,0,0], [2,1,0,0,0,0,0,0,0,0,0,0]) = 66634284
N(3h+12f, 18, [0,0,1,0,1,0,0,0,0,0,0,0], [1,0,1,0,0,0,0,0,0,0,0,0]) = 60229443
N(3h+12f, 18, [0,0,1,0,1,0,0,0,0,0,0,0], [0,2,0,0,0,0,0,0,0,0,0,0]) = 32944132
N(3h+12f, 18, [0,0,1,0,1,0,0,0,0,0,0,0], [0,0,0,1,0,0,0,0,0,0,0,0]) = 32591416
N(3h+12f, 18, [0,0,0,2,0,0,0,0,0,0,0,0], [4,0,0,0,0,0,0,0,0,0,0,0]) = 13271318
N(3h+12f, 18, [0,0,0,2,0,0,0,0,0,0,0,0], [2,1,0,0,0,0,0,0,0,0,0,0]) = 66633522
N(3h+12f, 18, [0,0,0,2,0,0,0,0,0,0,0,0], [1,0,1,0,0,0,0,0,0,0,0,0]) = 60228696
N(3h+12f, 18, [0,0,0,2,0,0,0,0,0,0,0,0], [0,2,0,0,0,0,0,0,0,0,0,0]) = 32943656
N(3h+12f, 18, [0,0,0,2,0,0,0,0,0,0,0,0], [0,0,0,1,0,0,0,0,0,0,0,0]) = 32590940
N(3h+12f, 18, [0,0,0,0,0,0,0,1,0,0,0,0], [4,0,0,0,0,0,0,0,0,0,0,0]) = 13271316
N(3h+12f, 18, [0,0,0,0,0,0,0,1,0,0,0,0], [2,1,0,0,0,0,0,0,0,0,0,0]) = 66633510
N(3h+12f, 18, [0,0,0,0,0,0,0,1,0,0,0,0], [1,0,1,0,0,0,0,0,0,0,0,0]) = 60228684
N(3h+12f, 18, [0,0,0,0,0,0,0,1,0,0,0,0], [0,2,0,0,0,0,0,0,0,0,0,0]) = 32943648
N(3h+12f, 18, [0,0,0,0,0,0,0,1,0,0,0,0], [0,0,0,1,0,0,0,0,0,0,0,0]) = 32590932
N(3h+12f, 18, [7,0,0,0,0,0,0,0,0,0,0,0], [5,0,0,0,0,0,0,0,0,0,0,0]) = 16796258
N(3h+12f, 18, [7,0,0,0,0,0,0,0,0,0,0,0], [3,1,0,0,0,0,0,0,0,0,0,0]) = 117077412
N(3h+12f, 18, [7,0,0,0,0,0,0,0,0,0,0,0], [2,0,1,0,0,0,0,0,0,0,0,0]) = 123851520
N(3h+12f, 18, [7,0,0,0,0,0,0,0,0,0,0,0], [1,2,0,0,0,0,0,0,0,0,0,0]) = 144089064
N(3h+12f, 18, [7,0,0,0,0,0,0,0,0,0,0,0], [1,0,0,1,0,0,0,0,0,0,0,0]) = 100469608
N(3h+12f, 18, [7,0,0,0,0,0,0,0,0,0,0,0], [0,1,1,0,0,0,0,0,0,0,0,0]) = 124553040
N(3h+12f, 18, [7,0,0,0,0,0,0,0,0,0,0,0], [0,0,0,0,1,0,0,0,0,0,0,0]) = 51647625
N(3h+12f, 18, [5,1,0,0,0,0,0,0,0,0,0,0], [5,0,0,0,0,0,0,0,0,0,0,0]) = 15866396
N(3h+12f, 18, [5,1,0,0,0,0,0,0,0,0,0,0], [3,1,0,0,0,0,0,0,0,0,0,0]) = 110347784
N(3h+12f, 18, [5,1,0,0,0,0,0,0,0,0,0,0], [2,0,1,0,0,0,0,0,0,0,0,0]) = 116605110
N(3h+12f, 18, [5,1,0,0,0,0,0,0,0,0,0,0], [1,2,0,0,0,0,0,0,0,0,0,0]) = 135342056
N(3h+12f, 18, [5,1,0,0,0,0,0,0,0,0,0,0], [1,0,0,1,0,0,0,0,0,0,0,0]) = 94432488
N(3h+12f, 18, [5,1,0,0,0,0,0,0,0,0,0,0], [0,1,1,0,0,0,0,0,0,0,0,0]) = 116679408
N(3h+12f, 18, [5,1,0,0,0,0,0,0,0,0,0,0], [0,0,0,0,1,0,0,0,0,0,0,0]) = 48374375
N(3h+12f, 18, [4,0,1,0,0,0,0,0,0,0,0,0], [5,0,0,0,0,0,0,0,0,0,0,0]) = 15401885
N(3h+12f, 18, [4,0,1,0,0,0,0,0,0,0,0,0], [3,1,0,0,0,0,0,0,0,0,0,0]) = 106986222
N(3h+12f, 18, [4,0,1,0,0,0,0,0,0,0,0,0], [2,0,1,0,0,0,0,0,0,0,0,0]) = 112985514
N(3h+12f, 18, [4,0,1,0,0,0,0,0,0,0,0,0], [1,2,0,0,0,0,0,0,0,0,0,0]) = 130973208
N(3h+12f, 18, [4,0,1,0,0,0,0,0,0,0,0,0], [1,0,0,1,0,0,0,0,0,0,0,0]) = 91417072
N(3h+12f, 18, [4,0,1,0,0,0,0,0,0,0,0,0], [0,1,1,0,0,0,0,0,0,0,0,0]) = 112747092
N(3h+12f, 18, [4,0,1,0,0,0,0,0,0,0,0,0], [0,0,0,0,1,0,0,0,0,0,0,0]) = 46739625
N(3h+12f, 18, [3,2,0,0,0,0,0,0,0,0,0,0], [5,0,0,0,0,0,0,0,0,0,0,0]) = 14975662
N(3h+12f, 18, [3,2,0,0,0,0,0,0,0,0,0,0], [3,1,0,0,0,0,0,0,0,0,0,0]) = 103911612
N(3h+12f, 18, [3,2,0,0,0,0,0,0,0,0,0,0], [2,0,1,0,0,0,0,0,0,0,0,0]) = 109679832
N(3h+12f, 18, [3,2,0,0,0,0,0,0,0,0,0,0], [1,2,0,0,0,0,0,0,0,0,0,0]) = 126996696
N(3h+12f, 18, [3,2,0,0,0,0,0,0,0,0,0,0], [1,0,0,1,0,0,0,0,0,0,0,0]) = 88669464
N(3h+12f, 18, [3,2,0,0,0,0,0,0,0,0,0,0], [0,1,1,0,0,0,0,0,0,0,0,0]) = 109181448
N(3h+12f, 18, [3,2,0,0,0,0,0,0,0,0,0,0], [0,0,0,0,1,0,0,0,0,0,0,0]) = 45257545
N(3h+12f, 18, [3,0,0,1,0,0,0,0,0,0,0,0], [5,0,0,0,0,0,0,0,0,0,0,0]) = 14956658
N(3h+12f, 18, [3,0,0,1,0,0,0,0,0,0,0,0], [3,1,0,0,0,0,0,0,0,0,0,0]) = 103769220
N(3h+12f, 18, [3,0,0,1,0,0,0,0,0,0,0,0], [2,0,1,0,0,0,0,0,0,0,0,0]) = 109524078
N(3h+12f, 18, [3,0,0,1,0,0,0,0,0,0,0,0], [1,2,0,0,0,0,0,0,0,0,0,0]) = 126802080
N(3h+12f, 18, [3,0,0,1,0,0,0,0,0,0,0,0], [1,0,0,1,0,0,0,0,0,0,0,0]) = 88536608
N(3h+12f, 18, [3,0,0,1,0,0,0,0,0,0,0,0], [0,1,1,0,0,0,0,0,0,0,0,0]) = 108999612
N(3h+12f, 18, [3,0,0,1,0,0,0,0,0,0,0,0], [0,0,0,0,1,0,0,0,0,0,0,0]) = 45181835
N(3h+12f, 18, [2,1,1,0,0,0,0,0,0,0,0,0], [5,0,0,0,0,0,0,0,0,0,0,0]) = 14530709
N(3h+12f, 18, [2,1,1,0,0,0,0,0,0,0,0,0], [3,1,0,0,0,0,0,0,0,0,0,0]) = 100696730
N(3h+12f, 18, [2,1,1,0,0,0,0,0,0,0,0,0], [2,0,1,0,0,0,0,0,0,0,0,0]) = 106220748
N(3h+12f, 18, [2,1,1,0,0,0,0,0,0,0,0,0], [1,2,0,0,0,0,0,0,0,0,0,0]) = 122828600
N(3h+12f, 18, [2,1,1,0,0,0,0,0,0,0,0,0], [1,0,0,1,0,0,0,0,0,0,0,0]) = 85791048
N(3h+12f, 18, [2,1,1,0,0,0,0,0,0,0,0,0], [0,1,1,0,0,0,0,0,0,0,0,0]) = 105436896
N(3h+12f, 18, [2,1,1,0,0,0,0,0,0,0,0,0], [0,0,0,0,1,0,0,0,0,0,0,0]) = 43700975
N(3h+12f, 18, [2,0,0,0,1,0,0,0,0,0,0,0], [5,0,0,0,0,0,0,0,0,0,0,0]) = 14521208
N(3h+12f, 18, [2,0,0,0,1,0,0,0,0,0,0,0], [3,1,0,0,0,0,0,0,0,0,0,0]) = 100625542
N(3h+12f, 18, [2,0,0,0,1,0,0,0,0,0,0,0], [2,0,1,0,0,0,0,0,0,0,0,0]) = 106142880
N(3h+12f, 18, [2,0,0,0,1,0,0,0,0,0,0,0], [1,2,0,0,0,0,0,0,0,0,0,0]) = 122731304
N(3h+12f, 18, [2,0,0,0,1,0,0,0,0,0,0,0], [1,0,0,1,0,0,0,0,0,0,0,0]) = 85724628
N(3h+12f, 18, [2,0,0,0,1,0,0,0,0,0,0,0], [0,1,1,0,0,0,0,0,0,0,0,0]) = 105345990
N(3h+12f, 18, [2,0,0,0,1,0,0,0,0,0,0,0], [0,0,0,0,1,0,0,0,0,0,0,0]) = 43663125
N(3h+12f, 18, [1,3,0,0,0,0,0,0,0,0,0,0], [5,0,0,0,0,0,0,0,0,0,0,0]) = 14122944
N(3h+12f, 18, [1,3,0,0,0,0,0,0,0,0,0,0], [3,1,0,0,0,0,0,0,0,0,0,0]) = 97760272
N(3h+12f, 18, [1,3,0,0,0,0,0,0,0,0,0,0], [2,0,1,0,0,0,0,0,0,0,0,0]) = 103066110
N(3h+12f, 18, [1,3,0,0,0,0,0,0,0,0,0,0], [1,2,0,0,0,0,0,0,0,0,0,0]) = 119040600
N(3h+12f, 18, [1,3,0,0,0,0,0,0,0,0,0,0], [1,0,0,1,0,0,0,0,0,0,0,0]) = 83172184
N(3h+12f, 18, [1,3,0,0,0,0,0,0,0,0,0,0], [0,1,1,0,0,0,0,0,0,0,0,0]) = 102047160
N(3h+12f, 18, [1,3,0,0,0,0,0,0,0,0,0,0], [0,0,0,0,1,0,0,0,0,0,0,0]) = 42292135
N(3h+12f, 18, [1,1,0,1,0,0,0,0,0,0,0,0], [5,0,0,0,0,0,0,0,0,0,0,0]) = 14104488
N(3h+12f, 18, [1,1,0,1,0,0,0,0,0,0,0,0], [3,1,0,0,0,0,0,0,0,0,0,0]) = 97622128
N(3h+12f, 18, [1,1,0,1,0,0,0,0,0,0,0,0], [2,0,1,0,0,0,0,0,0,0,0,0]) = 102915072
N(3h+12f, 18, [1,1,0,1,0,0,0,0,0,0,0,0], [1,2,0,0,0,0,0,0,0,0,0,0]) = 118852080
N(3h+12f, 18, [1,1,0,1,0,0,0,0,0,0,0,0], [1,0,0,1,0,0,0,0,0,0,0,0]) = 83043440
N(3h+12f, 18, [1,1,0,1,0,0,0,0,0,0,0,0], [0,1,1,0,0,0,0,0,0,0,0,0]) = 101871228
N(3h+12f, 18, [1,1,0,1,0,0,0,0,0,0,0,0], [0,0,0,0,1,0,0,0,0,0,0,0]) = 42218885
N(3h+12f, 18, [1,0,2,0,0,0,0,0,0,0,0,0], [5,0,0,0,0,0,0,0,0,0,0,0]) = 14095532
N(3h+12f, 18, [1,0,2,0,0,0,0,0,0,0,0,0], [3,1,0,0,0,0,0,0,0,0,0,0]) = 97555164
N(3h+12f, 18, [1,0,2,0,0,0,0,0,0,0,0,0], [2,0,1,0,0,0,0,0,0,0,0,0]) = 102841893
N(3h+12f, 18, [1,0,2,0,0,0,0,0,0,0,0,0], [1,2,0,0,0,0,0,0,0,0,0,0]) = 118760844
N(3h+12f, 18, [1,0,2,0,0,0,0,0,0,0,0,0], [1,0,0,1,0,0,0,0,0,0,0,0]) = 82981108
N(3h+12f, 18, [1,0,2,0,0,0,0,0,0,0,0,0], [0,1,1,0,0,0,0,0,0,0,0,0]) = 101786190
N(3h+12f, 18, [1,0,2,0,0,0,0,0,0,0,0,0], [0,0,0,0,1,0,0,0,0,0,0,0]) = 42183480
N(3h+12f, 18, [1,0,0,0,0,1,0,0,0,0,0,0], [5,0,0,0,0,0,0,0,0,0,0,0]) = 14095260
N(3h+12f, 18, [1,0,0,0,0,1,0,0,0,0,0,0], [3,1,0,0,0,0,0,0,0,0,0,0]) = 97553056
N(3h+12f, 18, [1,0,0,0,0,1,0,0,0,0,0,0], [2,0,1,0,0,0,0,0,0,0,0,0]) = 102839553
N(3h+12f, 18, [1,0,0,0,0,1,0,0,0,0,0,0], [1,2,0,0,0,0,0,0,0,0,0,0]) = 118757820
N(3h+12f, 18, [1,0,0,0,0,1,0,0,0,0,0,0], [1,0,0,1,0,0,0,0,0,0,0,0]) = 82979068
N(3h+12f, 18, [1,0,0,0,0,1,0,0,0,0,0,0], [0,1,1,0,0,0,0,0,0,0,0,0]) = 101783262
N(3h+12f, 18, [1,0,0,0,0,1,0,0,0,0,0,0], [0,0,0,0,1,0,0,0,0,0,0,0]) = 42182260
N(3h+12f, 18, [0,2,1,0,0,0,0,0,0,0,0,0], [5,0,0,0,0,0,0,0,0,0,0,0]) = 13696993
N(3h+12f, 18, [0,2,1,0,0,0,0,0,0,0,0,0], [3,1,0,0,0,0,0,0,0,0,0,0]) = 94687758
N(3h+12f, 18, [0,2,1,0,0,0,0,0,0,0,0,0], [2,0,1,0,0,0,0,0,0,0,0,0]) = 99762750
N(3h+12f, 18, [0,2,1,0,0,0,0,0,0,0,0,0], [1,2,0,0,0,0,0,0,0,0,0,0]) = 115067064
N(3h+12f, 18, [0,2,1,0,0,0,0,0,0,0,0,0], [1,0,0,1,0,0,0,0,0,0,0,0]) = 80426592
N(3h+12f, 18, [0,2,1,0,0,0,0,0,0,0,0,0], [0,1,1,0,0,0,0,0,0,0,0,0]) = 98484372
N(3h+12f, 18, [0,2,1,0,0,0,0,0,0,0,0,0], [0,0,0,0,1,0,0,0,0,0,0,0]) = 40811245
N(3h+12f, 18, [0,1,0,0,1,0,0,0,0,0,0,0], [5,0,0,0,0,0,0,0,0,0,0,0]) = 13687766
N(3h+12f, 18, [0,1,0,0,1,0,0,0,0,0,0,0], [3,1,0,0,0,0,0,0,0,0,0,0]) = 94618694
N(3h+12f, 18, [0,1,0,0,1,0,0,0,0,0,0,0], [2,0,1,0,0,0,0,0,0,0,0,0]) = 99687240
N(3h+12f, 18, [0,1,0,0,1,0,0,0,0,0,0,0], [1,2,0,0,0,0,0,0,0,0,0,0]) = 114972816
N(3h+12f, 18, [0,1,0,0,1,0,0,0,0,0,0,0], [1,0,0,1,0,0,0,0,0,0,0,0]) = 80362228
N(3h+12f, 18, [0,1,0,0,1,0,0,0,0,0,0,0], [0,1,1,0,0,0,0,0,0,0,0,0]) = 98396418
N(3h+12f, 18, [0,1,0,0,1,0,0,0,0,0,0,0], [0,0,0,0,1,0,0,0,0,0,0,0]) = 40774625
N(3h+12f, 18, [0,0,1,1,0,0,0,0,0,0,0,0], [5,0,0,0,0,0,0,0,0,0,0,0]) = 13678811
N(3h+12f, 18, [0,0,1,1,0,0,0,0,0,0,0,0], [3,1,0,0,0,0,0,0,0,0,0,0]) = 94551738
N(3h+12f, 18, [0,0,1,1,0,0,0,0,0,0,0,0], [2,0,1,0,0,0,0,0,0,0,0,0]) = 99614070
N(3h+12f, 18, [0,0,1,1,0,0,0,0,0,0,0,0], [1,2,0,0,0,0,0,0,0,0,0,0]) = 114881592
N(3h+12f, 18, [0,0,1,1,0,0,0,0,0,0,0,0], [1,0,0,1,0,0,0,0,0,0,0,0]) = 80299904
N(3h+12f, 18, [0,0,1,1,0,0,0,0,0,0,0,0], [0,1,1,0,0,0,0,0,0,0,0,0]) = 98311392
N(3h+12f, 18, [0,0,1,1,0,0,0,0,0,0,0,0], [0,0,0,0,1,0,0,0,0,0,0,0]) = 40739225
N(3h+12f, 18, [0,0,0,0,0,0,1,0,0,0,0,0], [5,0,0,0,0,0,0,0,0,0,0,0]) = 13678675
N(3h+12f, 18, [0,0,0,0,0,0,1,0,0,0,0,0], [3,1,0,0,0,0,0,0,0,0,0,0]) = 94550684
N(3h+12f, 18, [0,0,0,0,0,0,1,0,0,0,0,0], [2,0,1,0,0,0,0,0,0,0,0,0]) = 99612900
N(3h+12f, 18, [0,0,0,0,0,0,1,0,0,0,0,0], [1,2,0,0,0,0,0,0,0,0,0,0]) = 114880080
N(3h+12f, 18, [0,0,0,0,0,0,1,0,0,0,0,0], [1,0,0,1,0,0,0,0,0,0,0,0]) = 80298884
N(3h+12f, 18, [0,0,0,0,0,0,1,0,0,0,0,0], [0,1,1,0,0,0,0,0,0,0,0,0]) = 98309928
N(3h+12f, 18, [0,0,0,0,0,0,1,0,0,0,0,0], [0,0,0,0,1,0,0,0,0,0,0,0]) = 40738615
N(3h+12f, 18, [6,0,0,0,0,0,0,0,0,0,0,0], [6,0,0,0,0,0,0,0,0,0,0,0]) = 16796258
N(3h+12f, 18, [6,0,0,0,0,0,0,0,0,0,0,0], [4,1,0,0,0,0,0,0,0,0,0,0]) = 148810204
N(3h+12f, 18, [6,0,0,0,0,0,0,0,0,0,0,0], [3,0,1,0,0,0,0,0,0,0,0,0]) = 170055690
N(3h+12f, 18, [6,0,0,0,0,0,0,0,0,0,0,0], [2,2,0,0,0,0,0,0,0,0,0,0]) = 304883964
N(3h+12f, 18, [6,0,0,0,0,0,0,0,0,0,0,0], [2,0,0,1,0,0,0,0,0,0,0,0]) = 160188880
N(3h+12f, 18, [6,0,0,0,0,0,0,0,0,0,0,0], [1,1,1,0,0,0,0,0,0,0,0,0]) = 417489264
N(3h+12f, 18, [6,0,0,0,0,0,0,0,0,0,0,0], [1,0,0,0,1,0,0,0,0,0,0,0]) = 121726780
N(3h+12f, 18, [6,0,0,0,0,0,0,0,0,0,0,0], [0,3,0,0,0,0,0,0,0,0,0,0]) = 80792688
N(3h+12f, 18, [6,0,0,0,0,0,0,0,0,0,0,0], [0,1,0,1,0,0,0,0,0,0,0,0]) = 160682672
N(3h+12f, 18, [6,0,0,0,0,0,0,0,0,0,0,0], [0,0,2,0,0,0,0,0,0,0,0,0]) = 89961534
N(3h+12f, 18, [6,0,0,0,0,0,0,0,0,0,0,0], [0,0,0,0,0,1,0,0,0,0,0,0]) = 59965512
N(3h+12f, 18, [4,1,0,0,0,0,0,0,0,0,0,0], [6,0,0,0,0,0,0,0,0,0,0,0]) = 15866396
N(3h+12f, 18, [4,1,0,0,0,0,0,0,0,0,0,0], [4,1,0,0,0,0,0,0,0,0,0,0]) = 140299108
N(3h+12f, 18, [4,1,0,0,0,0,0,0,0,0,0,0], [3,0,1,0,0,0,0,0,0,0,0,0]) = 160195752
N(3h+12f, 18, [4,1,0,0,0,0,0,0,0,0,0,0], [2,2,0,0,0,0,0,0,0,0,0,0]) = 286675484
N(3h+12f, 18, [4,1,0,0,0,0,0,0,0,0,0,0], [2,0,0,1,0,0,0,0,0,0,0,0]) = 150744400
N(3h+12f, 18, [4,1,0,0,0,0,0,0,0,0,0,0], [1,1,1,0,0,0,0,0,0,0,0,0]) = 391899528
N(3h+12f, 18, [4,1,0,0,0,0,0,0,0,0,0,0], [1,0,0,0,1,0,0,0,0,0,0,0]) = 114354320
N(3h+12f, 18, [4,1,0,0,0,0,0,0,0,0,0,0], [0,3,0,0,0,0,0,0,0,0,0,0]) = 75657200
N(3h+12f, 18, [4,1,0,0,0,0,0,0,0,0,0,0], [0,1,0,1,0,0,0,0,0,0,0,0]) = 150439152
N(3h+12f, 18, [4,1,0,0,0,0,0,0,0,0,0,0], [0,0,2,0,0,0,0,0,0,0,0,0]) = 84212532
N(3h+12f, 18, [4,1,0,0,0,0,0,0,0,0,0,0], [0,0,0,0,0,1,0,0,0,0,0,0]) = 56132976
N(3h+12f, 18, [3,0,1,0,0,0,0,0,0,0,0,0], [6,0,0,0,0,0,0,0,0,0,0,0]) = 15401885
N(3h+12f, 18, [3,0,1,0,0,0,0,0,0,0,0,0], [4,1,0,0,0,0,0,0,0,0,0,0]) = 136047640
N(3h+12f, 18, [3,0,1,0,0,0,0,0,0,0,0,0], [3,0,1,0,0,0,0,0,0,0,0,0]) = 155270625
N(3h+12f, 18, [3,0,1,0,0,0,0,0,0,0,0,0], [2,2,0,0,0,0,0,0,0,0,0,0]) = 277580676
N(3h+12f, 18, [3,0,1,0,0,0,0,0,0,0,0,0], [2,0,0,1,0,0,0,0,0,0,0,0]) = 146026936
N(3h+12f, 18, [3,0,1,0,0,0,0,0,0,0,0,0], [1,1,1,0,0,0,0,0,0,0,0,0]) = 379118520
N(3h+12f, 18, [3,0,1,0,0,0,0,0,0,0,0,0], [1,0,0,0,1,0,0,0,0,0,0,0]) = 110671990
N(3h+12f, 18, [3,0,1,0,0,0,0,0,0,0,0,0], [0,3,0,0,0,0,0,0,0,0,0,0]) = 73092432
N(3h+12f, 18, [3,0,1,0,0,0,0,0,0,0,0,0], [0,1,0,1,0,0,0,0,0,0,0,0]) = 145323344
N(3h+12f, 18, [3,0,1,0,0,0,0,0,0,0,0,0], [0,0,2,0,0,0,0,0,0,0,0,0]) = 81341379
N(3h+12f, 18, [3,0,1,0,0,0,0,0,0,0,0,0], [0,0,0,0,0,1,0,0,0,0,0,0]) = 54218940
N(3h+12f, 18, [2,2,0,0,0,0,0,0,0,0,0,0], [6,0,0,0,0,0,0,0,0,0,0,0]) = 14975662
N(3h+12f, 18, [2,2,0,0,0,0,0,0,0,0,0,0], [4,1,0,0,0,0,0,0,0,0,0,0]) = 132157500
N(3h+12f, 18, [2,2,0,0,0,0,0,0,0,0,0,0], [3,0,1,0,0,0,0,0,0,0,0,0]) = 150769326
N(3h+12f, 18, [2,2,0,0,0,0,0,0,0,0,0,0], [2,2,0,0,0,0,0,0,0,0,0,0]) = 269290636
N(3h+12f, 18, [2,2,0,0,0,0,0,0,0,0,0,0], [2,0,0,1,0,0,0,0,0,0,0,0]) = 141721664
N(3h+12f, 18, [2,2,0,0,0,0,0,0,0,0,0,0], [1,1,1,0,0,0,0,0,0,0,0,0]) = 367495440
N(3h+12f, 18, [2,2,0,0,0,0,0,0,0,0,0,0], [1,0,0,0,1,0,0,0,0,0,0,0]) = 107319220
N(3h+12f, 18, [2,2,0,0,0,0,0,0,0,0,0,0], [0,3,0,0,0,0,0,0,0,0,0,0]) = 70768336
N(3h+12f, 18, [2,2,0,0,0,0,0,0,0,0,0,0], [0,1,0,1,0,0,0,0,0,0,0,0]) = 140688464
N(3h+12f, 18, [2,2,0,0,0,0,0,0,0,0,0,0], [0,0,2,0,0,0,0,0,0,0,0,0]) = 78740550
N(3h+12f, 18, [2,2,0,0,0,0,0,0,0,0,0,0], [0,0,0,0,0,1,0,0,0,0,0,0]) = 52485120
N(3h+12f, 18, [2,0,0,1,0,0,0,0,0,0,0,0], [6,0,0,0,0,0,0,0,0,0,0,0]) = 14956658
N(3h+12f, 18, [2,0,0,1,0,0,0,0,0,0,0,0], [4,1,0,0,0,0,0,0,0,0,0,0]) = 131978196
N(3h+12f, 18, [2,0,0,1,0,0,0,0,0,0,0,0], [3,0,1,0,0,0,0,0,0,0,0,0]) = 150559026
N(3h+12f, 18, [2,0,0,1,0,0,0,0,0,0,0,0], [2,2,0,0,0,0,0,0,0,0,0,0]) = 268891396
N(3h+12f, 18, [2,0,0,1,0,0,0,0,0,0,0,0], [2,0,0,1,0,0,0,0,0,0,0,0]) = 141517160
N(3h+12f, 18, [2,0,0,1,0,0,0,0,0,0,0,0], [1,1,1,0,0,0,0,0,0,0,0,0]) = 366921096
N(3h+12f, 18, [2,0,0,1,0,0,0,0,0,0,0,0], [1,0,0,0,1,0,0,0,0,0,0,0]) = 107155740
N(3h+12f, 18, [2,0,0,1,0,0,0,0,0,0,0,0], [0,3,0,0,0,0,0,0,0,0,0,0]) = 70648992
N(3h+12f, 18, [2,0,0,1,0,0,0,0,0,0,0,0], [0,1,0,1,0,0,0,0,0,0,0,0]) = 140449984
N(3h+12f, 18, [2,0,0,1,0,0,0,0,0,0,0,0], [0,0,2,0,0,0,0,0,0,0,0,0]) = 78606504
N(3h+12f, 18, [2,0,0,1,0,0,0,0,0,0,0,0], [0,0,0,0,0,1,0,0,0,0,0,0]) = 52395756
N(3h+12f, 18, [1,1,1,0,0,0,0,0,0,0,0,0], [6,0,0,0,0,0,0,0,0,0,0,0]) = 14530709
N(3h+12f, 18, [1,1,1,0,0,0,0,0,0,0,0,0], [4,1,0,0,0,0,0,0,0,0,0,0]) = 128090716
N(3h+12f, 18, [1,1,1,0,0,0,0,0,0,0,0,0], [3,0,1,0,0,0,0,0,0,0,0,0]) = 146060883
N(3h+12f, 18, [1,1,1,0,0,0,0,0,0,0,0,0], [2,2,0,0,0,0,0,0,0,0,0,0]) = 260607500
N(3h+12f, 18, [1,1,1,0,0,0,0,0,0,0,0,0], [2,0,0,1,0,0,0,0,0,0,0,0]) = 137215000
N(3h+12f, 18, [1,1,1,0,0,0,0,0,0,0,0,0], [1,1,1,0,0,0,0,0,0,0,0,0]) = 355307040
N(3h+12f, 18, [1,1,1,0,0,0,0,0,0,0,0,0], [1,0,0,0,1,0,0,0,0,0,0,0]) = 103805510
N(3h+12f, 18, [1,1,1,0,0,0,0,0,0,0,0,0], [0,3,0,0,0,0,0,0,0,0,0,0]) = 68326832
N(3h+12f, 18, [1,1,1,0,0,0,0,0,0,0,0,0], [0,1,0,1,0,0,0,0,0,0,0,0]) = 135818976
N(3h+12f, 18, [1,1,1,0,0,0,0,0,0,0,0,0], [0,0,2,0,0,0,0,0,0,0,0,0]) = 76007853
N(3h+12f, 18, [1,1,1,0,0,0,0,0,0,0,0,0], [0,0,0,0,0,1,0,0,0,0,0,0]) = 50663388
N(3h+12f, 18, [1,0,0,0,1,0,0,0,0,0,0,0], [6,0,0,0,0,0,0,0,0,0,0,0]) = 14521208
N(3h+12f, 18, [1,0,0,0,1,0,0,0,0,0,0,0], [4,1,0,0,0,0,0,0,0,0,0,0]) = 128001074
N(3h+12f, 18, [1,0,0,0,1,0,0,0,0,0,0,0], [3,0,1,0,0,0,0,0,0,0,0,0]) = 145955745
N(3h+12f, 18, [1,0,0,0,1,0,0,0,0,0,0,0], [2,2,0,0,0,0,0,0,0,0,0,0]) = 260407904
N(3h+12f, 18, [1,0,0,0,1,0,0,0,0,0,0,0], [2,0,0,1,0,0,0,0,0,0,0,0]) = 137112760
N(3h+12f, 18, [1,0,0,0,1,0,0,0,0,0,0,0], [1,1,1,0,0,0,0,0,0,0,0,0]) = 355019904
N(3h+12f, 18, [1,0,0,0,1,0,0,0,0,0,0,0], [1,0,0,0,1,0,0,0,0,0,0,0]) = 103723780
N(3h+12f, 18, [1,0,0,0,1,0,0,0,0,0,0,0], [0,3,0,0,0,0,0,0,0,0,0,0]) = 68267168
N(3h+12f, 18, [1,0,0,0,1,0,0,0,0,0,0,0], [0,1,0,1,0,0,0,0,0,0,0,0]) = 135699752
N(3h+12f, 18, [1,0,0,0,1,0,0,0,0,0,0,0], [0,0,2,0,0,0,0,0,0,0,0,0]) = 75940839
N(3h+12f, 18, [1,0,0,0,1,0,0,0,0,0,0,0], [0,0,0,0,0,1,0,0,0,0,0,0]) = 50618712
N(3h+12f, 18, [0,3,0,0,0,0,0,0,0,0,0,0], [6,0,0,0,0,0,0,0,0,0,0,0]) = 14122944
N(3h+12f, 18, [0,3,0,0,0,0,0,0,0,0,0,0], [4,1,0,0,0,0,0,0,0,0,0,0]) = 124374564
N(3h+12f, 18, [0,3,0,0,0,0,0,0,0,0,0,0], [3,0,1,0,0,0,0,0,0,0,0,0]) = 141763572
N(3h+12f, 18, [0,3,0,0,0,0,0,0,0,0,0,0], [2,2,0,0,0,0,0,0,0,0,0,0]) = 252704364
N(3h+12f, 18, [0,3,0,0,0,0,0,0,0,0,0,0], [2,0,0,1,0,0,0,0,0,0,0,0]) = 133108000
N(3h+12f, 18, [0,3,0,0,0,0,0,0,0,0,0,0], [1,1,1,0,0,0,0,0,0,0,0,0]) = 344240136
N(3h+12f, 18, [0,3,0,0,0,0,0,0,0,0,0,0], [1,0,0,0,1,0,0,0,0,0,0,0]) = 100611120
N(3h+12f, 18, [0,3,0,0,0,0,0,0,0,0,0,0], [0,3,0,0,0,0,0,0,0,0,0,0]) = 66118160
N(3h+12f, 18, [0,3,0,0,0,0,0,0,0,0,0,0], [0,1,0,1,0,0,0,0,0,0,0,0]) = 131414736
N(3h+12f, 18, [0,3,0,0,0,0,0,0,0,0,0,0], [0,0,2,0,0,0,0,0,0,0,0,0]) = 73536660
N(3h+12f, 18, [0,3,0,0,0,0,0,0,0,0,0,0], [0,0,0,0,0,1,0,0,0,0,0,0]) = 49015992
N(3h+12f, 18, [0,1,0,1,0,0,0,0,0,0,0,0], [6,0,0,0,0,0,0,0,0,0,0,0]) = 14104488
N(3h+12f, 18, [0,1,0,1,0,0,0,0,0,0,0,0], [4,1,0,0,0,0,0,0,0,0,0,0]) = 124200588
N(3h+12f, 18, [0,1,0,1,0,0,0,0,0,0,0,0], [3,0,1,0,0,0,0,0,0,0,0,0]) = 141559596
N(3h+12f, 18, [0,1,0,1,0,0,0,0,0,0,0,0], [2,2,0,0,0,0,0,0,0,0,0,0]) = 252317460
N(3h+12f, 18, [0,1,0,1,0,0,0,0,0,0,0,0], [2,0,0,1,0,0,0,0,0,0,0,0]) = 132909736
N(3h+12f, 18, [0,1,0,1,0,0,0,0,0,0,0,0], [1,1,1,0,0,0,0,0,0,0,0,0]) = 343683936
N(3h+12f, 18, [0,1,0,1,0,0,0,0,0,0,0,0], [1,0,0,0,1,0,0,0,0,0,0,0]) = 100452740
N(3h+12f, 18, [0,1,0,1,0,0,0,0,0,0,0,0], [0,3,0,0,0,0,0,0,0,0,0,0]) = 66002720
N(3h+12f, 18, [0,1,0,1,0,0,0,0,0,0,0,0], [0,1,0,1,0,0,0,0,0,0,0,0]) = 131184064
N(3h+12f, 18, [0,1,0,1,0,0,0,0,0,0,0,0], [0,0,2,0,0,0,0,0,0,0,0,0]) = 73407006
N(3h+12f, 18, [0,1,0,1,0,0,0,0,0,0,0,0], [0,0,0,0,0,1,0,0,0,0,0,0]) = 48929556
N(3h+12f, 18, [0,0,2,0,0,0,0,0,0,0,0,0], [6,0,0,0,0,0,0,0,0,0,0,0]) = 14095532
N(3h+12f, 18, [0,0,2,0,0,0,0,0,0,0,0,0], [4,1,0,0,0,0,0,0,0,0,0,0]) = 124116244
N(3h+12f, 18, [0,0,2,0,0,0,0,0,0,0,0,0], [3,0,1,0,0,0,0,0,0,0,0,0]) = 141460746
N(3h+12f, 18, [0,0,2,0,0,0,0,0,0,0,0,0], [2,2,0,0,0,0,0,0,0,0,0,0]) = 252130128
N(3h+12f, 18, [0,0,2,0,0,0,0,0,0,0,0,0], [2,0,0,1,0,0,0,0,0,0,0,0]) = 132813700
N(3h+12f, 18, [0,0,2,0,0,0,0,0,0,0,0,0], [1,1,1,0,0,0,0,0,0,0,0,0]) = 343414836
N(3h+12f, 18, [0,0,2,0,0,0,0,0,0,0,0,0], [1,0,0,0,1,0,0,0,0,0,0,0]) = 100376080
N(3h+12f, 18, [0,0,2,0,0,0,0,0,0,0,0,0], [0,3,0,0,0,0,0,0,0,0,0,0]) = 65946936
N(3h+12f, 18, [0,0,2,0,0,0,0,0,0,0,0,0], [0,1,0,1,0,0,0,0,0,0,0,0]) = 131072600
N(3h+12f, 18, [0,0,2,0,0,0,0,0,0,0,0,0], [0,0,2,0,0,0,0,0,0,0,0,0]) = 73344357
N(3h+12f, 18, [0,0,2,0,0,0,0,0,0,0,0,0], [0,0,0,0,0,1,0,0,0,0,0,0]) = 48887790
N(3h+12f, 18, [0,0,0,0,0,1,0,0,0,0,0,0], [6,0,0,0,0,0,0,0,0,0,0,0]) = 14095260
N(3h+12f, 18, [0,0,0,0,0,1,0,0,0,0,0,0], [4,1,0,0,0,0,0,0,0,0,0,0]) = 124113600
N(3h+12f, 18, [0,0,0,0,0,1,0,0,0,0,0,0], [3,0,1,0,0,0,0,0,0,0,0,0]) = 141457608
N(3h+12f, 18, [0,0,0,0,0,1,0,0,0,0,0,0], [2,2,0,0,0,0,0,0,0,0,0,0]) = 252124008
N(3h+12f, 18, [0,0,0,0,0,1,0,0,0,0,0,0], [2,0,0,1,0,0,0,0,0,0,0,0]) = 132810604
N(3h+12f, 18, [0,0,0,0,0,1,0,0,0,0,0,0], [1,1,1,0,0,0,0,0,0,0,0,0]) = 343405836
N(3h+12f, 18, [0,0,0,0,0,1,0,0,0,0,0,0], [1,0,0,0,1,0,0,0,0,0,0,0]) = 100373550
N(3h+12f, 18, [0,0,0,0,0,1,0,0,0,0,0,0], [0,3,0,0,0,0,0,0,0,0,0,0]) = 65945000
N(3h+12f, 18, [0,0,0,0,0,1,0,0,0,0,0,0], [0,1,0,1,0,0,0,0,0,0,0,0]) = 131068728
N(3h+12f, 18, [0,0,0,0,0,1,0,0,0,0,0,0], [0,0,2,0,0,0,0,0,0,0,0,0]) = 73342179
N(3h+12f, 18, [0,0,0,0,0,1,0,0,0,0,0,0], [0,0,0,0,0,1,0,0,0,0,0,0]) = 48886338
N(3h+12f, 18, [5,0,0,0,0,0,0,0,0,0,0,0], [7,0,0,0,0,0,0,0,0,0,0,0]) = 16796258
N(3h+12f, 18, [5,0,0,0,0,0,0,0,0,0,0,0], [5,1,0,0,0,0,0,0,0,0,0,0]) = 180542996
N(3h+12f, 18, [5,0,0,0,0,0,0,0,0,0,0,0], [4,0,1,0,0,0,0,0,0,0,0,0]) = 216261345
N(3h+12f, 18, [5,0,0,0,0,0,0,0,0,0,0,0], [3,2,0,0,0,0,0,0,0,0,0,0]) = 525579532
N(3h+12f, 18, [5,0,0,0,0,0,0,0,0,0,0,0], [3,0,0,1,0,0,0,0,0,0,0,0]) = 220013532
N(3h+12f, 18, [5,0,0,0,0,0,0,0,0,0,0,0], [2,1,1,0,0,0,0,0,0,0,0,0]) = 884476866
N(3h+12f, 18, [5,0,0,0,0,0,0,0,0,0,0,0], [2,0,0,0,1,0,0,0,0,0,0,0]) = 194199445
N(3h+12f, 18, [5,0,0,0,0,0,0,0,0,0,0,0], [1,3,0,0,0,0,0,0,0,0,0,0]) = 351476800
N(3h+12f, 18, [5,0,0,0,0,0,0,0,0,0,0,0], [1,1,0,1,0,0,0,0,0,0,0,0]) = 539164800
N(3h+12f, 18, [5,0,0,0,0,0,0,0,0,0,0,0], [1,0,2,0,0,0,0,0,0,0,0,0]) = 302296878
N(3h+12f, 18, [5,0,0,0,0,0,0,0,0,0,0,0], [1,0,0,0,0,1,0,0,0,0,0,0]) = 141545880
N(3h+12f, 18, [5,0,0,0,0,0,0,0,0,0,0,0], [0,2,1,0,0,0,0,0,0,0,0,0]) = 350509752
N(3h+12f, 18, [5,0,0,0,0,0,0,0,0,0,0,0], [0,1,0,0,1,0,0,0,0,0,0,0]) = 194294500
N(3h+12f, 18, [5,0,0,0,0,0,0,0,0,0,0,0], [0,0,1,1,0,0,0,0,0,0,0,0]) = 232026960
N(3h+12f, 18, [5,0,0,0,0,0,0,0,0,0,0,0], [0,0,0,0,0,0,1,0,0,0,0,0]) = 67669371
N(3h+12f, 18, [3,1,0,0,0,0,0,0,0,0,0,0], [7,0,0,0,0,0,0,0,0,0,0,0]) = 15866396
N(3h+12f, 18, [3,1,0,0,0,0,0,0,0,0,0,0], [5,1,0,0,0,0,0,0,0,0,0,0]) = 170250432
N(3h+12f, 18, [3,1,0,0,0,0,0,0,0,0,0,0], [4,0,1,0,0,0,0,0,0,0,0,0]) = 203787879
N(3h+12f, 18, [3,1,0,0,0,0,0,0,0,0,0,0], [3,2,0,0,0,0,0,0,0,0,0,0]) = 494498708
N(3h+12f, 18, [3,1,0,0,0,0,0,0,0,0,0,0], [3,0,0,1,0,0,0,0,0,0,0,0]) = 207160372
N(3h+12f, 18, [3,1,0,0,0,0,0,0,0,0,0,0], [2,1,1,0,0,0,0,0,0,0,0,0]) = 831170394
N(3h+12f, 18, [3,1,0,0,0,0,0,0,0,0,0,0], [2,0,0,0,1,0,0,0,0,0,0,0]) = 182661425
N(3h+12f, 18, [3,1,0,0,0,0,0,0,0,0,0,0], [1,3,0,0,0,0,0,0,0,0,0,0]) = 329650592
N(3h+12f, 18, [3,1,0,0,0,0,0,0,0,0,0,0], [1,1,0,1,0,0,0,0,0,0,0,0]) = 505848352
N(3h+12f, 18, [3,1,0,0,0,0,0,0,0,0,0,0], [1,0,2,0,0,0,0,0,0,0,0,0]) = 283585536
N(3h+12f, 18, [3,1,0,0,0,0,0,0,0,0,0,0], [1,0,0,0,0,1,0,0,0,0,0,0]) = 132904476
N(3h+12f, 18, [3,1,0,0,0,0,0,0,0,0,0,0], [0,2,1,0,0,0,0,0,0,0,0,0]) = 328001544
N(3h+12f, 18, [3,1,0,0,0,0,0,0,0,0,0,0], [0,1,0,0,1,0,0,0,0,0,0,0]) = 181803120
N(3h+12f, 18, [3,1,0,0,0,0,0,0,0,0,0,0], [0,0,1,1,0,0,0,0,0,0,0,0]) = 217071912
N(3h+12f, 18, [3,1,0,0,0,0,0,0,0,0,0,0], [0,0,0,0,0,0,1,0,0,0,0,0]) = 63307559
N(3h+12f, 18, [2,0,1,0,0,0,0,0,0,0,0,0], [7,0,0,0,0,0,0,0,0,0,0,0]) = 15401885
N(3h+12f, 18, [2,0,1,0,0,0,0,0,0,0,0,0], [5,1,0,0,0,0,0,0,0,0,0,0]) = 165109058
N(3h+12f, 18, [2,0,1,0,0,0,0,0,0,0,0,0], [4,0,1,0,0,0,0,0,0,0,0,0]) = 197557221
N(3h+12f, 18, [2,0,1,0,0,0,0,0,0,0,0,0], [3,2,0,0,0,0,0,0,0,0,0,0]) = 478974136
N(3h+12f, 18, [2,0,1,0,0,0,0,0,0,0,0,0], [3,0,0,1,0,0,0,0,0,0,0,0]) = 200740200
N(3h+12f, 18, [2,0,1,0,0,0,0,0,0,0,0,0], [2,1,1,0,0,0,0,0,0,0,0,0]) = 804545238
N(3h+12f, 18, [2,0,1,0,0,0,0,0,0,0,0,0], [2,0,0,0,1,0,0,0,0,0,0,0]) = 176898340
N(3h+12f, 18, [2,0,1,0,0,0,0,0,0,0,0,0], [1,3,0,0,0,0,0,0,0,0,0,0]) = 318749632
N(3h+12f, 18, [2,0,1,0,0,0,0,0,0,0,0,0], [1,1,0,1,0,0,0,0,0,0,0,0]) = 489208464
N(3h+12f, 18, [2,0,1,0,0,0,0,0,0,0,0,0], [1,0,2,0,0,0,0,0,0,0,0,0]) = 274240179
N(3h+12f, 18, [2,0,1,0,0,0,0,0,0,0,0,0], [1,0,0,0,0,1,0,0,0,0,0,0]) = 128588418
N(3h+12f, 18, [2,0,1,0,0,0,0,0,0,0,0,0], [0,2,1,0,0,0,0,0,0,0,0,0]) = 316760724
N(3h+12f, 18, [2,0,1,0,0,0,0,0,0,0,0,0], [0,1,0,0,1,0,0,0,0,0,0,0]) = 175564810
N(3h+12f, 18, [2,0,1,0,0,0,0,0,0,0,0,0], [0,0,1,1,0,0,0,0,0,0,0,0]) = 209603244
N(3h+12f, 18, [2,0,1,0,0,0,0,0,0,0,0,0], [0,0,0,0,0,0,1,0,0,0,0,0]) = 61129236
N(3h+12f, 18, [1,2,0,0,0,0,0,0,0,0,0,0], [7,0,0,0,0,0,0,0,0,0,0,0]) = 14975662
N(3h+12f, 18, [1,2,0,0,0,0,0,0,0,0,0,0], [5,1,0,0,0,0,0,0,0,0,0,0]) = 160403388
N(3h+12f, 18, [1,2,0,0,0,0,0,0,0,0,0,0], [4,0,1,0,0,0,0,0,0,0,0,0]) = 191860305
N(3h+12f, 18, [1,2,0,0,0,0,0,0,0,0,0,0], [3,2,0,0,0,0,0,0,0,0,0,0]) = 464811180
N(3h+12f, 18, [1,2,0,0,0,0,0,0,0,0,0,0], [3,0,0,1,0,0,0,0,0,0,0,0]) = 194876604
N(3h+12f, 18, [1,2,0,0,0,0,0,0,0,0,0,0], [2,1,1,0,0,0,0,0,0,0,0,0]) = 780296010
N(3h+12f, 18, [1,2,0,0,0,0,0,0,0,0,0,0], [2,0,0,0,1,0,0,0,0,0,0,0]) = 171642605
N(3h+12f, 18, [1,2,0,0,0,0,0,0,0,0,0,0], [1,3,0,0,0,0,0,0,0,0,0,0]) = 308849536
N(3h+12f, 18, [1,2,0,0,0,0,0,0,0,0,0,0], [1,1,0,1,0,0,0,0,0,0,0,0]) = 474088000
N(3h+12f, 18, [1,2,0,0,0,0,0,0,0,0,0,0], [1,0,2,0,0,0,0,0,0,0,0,0]) = 265749066
N(3h+12f, 18, [1,2,0,0,0,0,0,0,0,0,0,0], [1,0,0,0,0,1,0,0,0,0,0,0]) = 124661640
N(3h+12f, 18, [1,2,0,0,0,0,0,0,0,0,0,0], [0,2,1,0,0,0,0,0,0,0,0,0]) = 306584568
N(3h+12f, 18, [1,2,0,0,0,0,0,0,0,0,0,0], [0,1,0,0,1,0,0,0,0,0,0,0]) = 169917780
N(3h+12f, 18, [1,2,0,0,0,0,0,0,0,0,0,0], [0,0,1,1,0,0,0,0,0,0,0,0]) = 202843584
N(3h+12f, 18, [1,2,0,0,0,0,0,0,0,0,0,0], [0,0,0,0,0,0,1,0,0,0,0,0]) = 59157707
N(3h+12f, 18, [1,0,0,1,0,0,0,0,0,0,0,0], [7,0,0,0,0,0,0,0,0,0,0,0]) = 14956658
N(3h+12f, 18, [1,0,0,1,0,0,0,0,0,0,0,0], [5,1,0,0,0,0,0,0,0,0,0,0]) = 160187172
N(3h+12f, 18, [1,0,0,1,0,0,0,0,0,0,0,0], [4,0,1,0,0,0,0,0,0,0,0,0]) = 191595459
N(3h+12f, 18, [1,0,0,1,0,0,0,0,0,0,0,0], [3,2,0,0,0,0,0,0,0,0,0,0]) = 464135652
N(3h+12f, 18, [1,0,0,1,0,0,0,0,0,0,0,0], [3,0,0,1,0,0,0,0,0,0,0,0]) = 194600452
N(3h+12f, 18, [1,0,0,1,0,0,0,0,0,0,0,0], [2,1,1,0,0,0,0,0,0,0,0,0]) = 779117406
N(3h+12f, 18, [1,0,0,1,0,0,0,0,0,0,0,0], [2,0,0,0,1,0,0,0,0,0,0,0]) = 171390905
N(3h+12f, 18, [1,0,0,1,0,0,0,0,0,0,0,0], [1,3,0,0,0,0,0,0,0,0,0,0]) = 308353152
N(3h+12f, 18, [1,0,0,1,0,0,0,0,0,0,0,0], [1,1,0,1,0,0,0,0,0,0,0,0]) = 473334400
N(3h+12f, 18, [1,0,0,1,0,0,0,0,0,0,0,0], [1,0,2,0,0,0,0,0,0,0,0,0]) = 265325382
N(3h+12f, 18, [1,0,0,1,0,0,0,0,0,0,0,0], [1,0,0,0,0,1,0,0,0,0,0,0]) = 124468548
N(3h+12f, 18, [1,0,0,1,0,0,0,0,0,0,0,0], [0,2,1,0,0,0,0,0,0,0,0,0]) = 306056664
N(3h+12f, 18, [1,0,0,1,0,0,0,0,0,0,0,0], [0,1,0,0,1,0,0,0,0,0,0,0]) = 169624600
N(3h+12f, 18, [1,0,0,1,0,0,0,0,0,0,0,0], [0,0,1,1,0,0,0,0,0,0,0,0]) = 202492032
N(3h+12f, 18, [1,0,0,1,0,0,0,0,0,0,0,0], [0,0,0,0,0,0,1,0,0,0,0,0]) = 59055171
N(3h+12f, 18, [0,1,1,0,0,0,0,0,0,0,0,0], [7,0,0,0,0,0,0,0,0,0,0,0]) = 14530709
N(3h+12f, 18, [0,1,1,0,0,0,0,0,0,0,0,0], [5,1,0,0,0,0,0,0,0,0,0,0]) = 155484702
N(3h+12f, 18, [0,1,1,0,0,0,0,0,0,0,0,0], [4,0,1,0,0,0,0,0,0,0,0,0]) = 185902503
N(3h+12f, 18, [0,1,1,0,0,0,0,0,0,0,0,0], [3,2,0,0,0,0,0,0,0,0,0,0]) = 449983016
N(3h+12f, 18, [0,1,1,0,0,0,0,0,0,0,0,0], [3,0,0,1,0,0,0,0,0,0,0,0]) = 188741032
N(3h+12f, 18, [0,1,1,0,0,0,0,0,0,0,0,0], [2,1,1,0,0,0,0,0,0,0,0,0]) = 754886466
N(3h+12f, 18, [0,1,1,0,0,0,0,0,0,0,0,0], [2,0,0,0,1,0,0,0,0,0,0,0]) = 166139030
N(3h+12f, 18, [0,1,1,0,0,0,0,0,0,0,0,0], [1,3,0,0,0,0,0,0,0,0,0,0]) = 298460960
N(3h+12f, 18, [0,1,1,0,0,0,0,0,0,0,0,0], [1,1,0,1,0,0,0,0,0,0,0,0]) = 458225872
N(3h+12f, 18, [0,1,1,0,0,0,0,0,0,0,0,0], [1,0,2,0,0,0,0,0,0,0,0,0]) = 256840983
N(3h+12f, 18, [0,1,1,0,0,0,0,0,0,0,0,0], [1,0,0,0,0,1,0,0,0,0,0,0]) = 120544794
N(3h+12f, 18, [0,1,1,0,0,0,0,0,0,0,0,0], [0,2,1,0,0,0,0,0,0,0,0,0]) = 295889148
N(3h+12f, 18, [0,1,1,0,0,0,0,0,0,0,0,0], [0,1,0,0,1,0,0,0,0,0,0,0]) = 163982370
N(3h+12f, 18, [0,1,1,0,0,0,0,0,0,0,0,0], [0,0,1,1,0,0,0,0,0,0,0,0]) = 195738132
N(3h+12f, 18, [0,1,1,0,0,0,0,0,0,0,0,0], [0,0,0,0,0,0,1,0,0,0,0,0]) = 57085322
N(3h+12f, 18, [0,0,0,0,1,0,0,0,0,0,0,0], [7,0,0,0,0,0,0,0,0,0,0,0]) = 14521208
N(3h+12f, 18, [0,0,0,0,1,0,0,0,0,0,0,0], [5,1,0,0,0,0,0,0,0,0,0,0]) = 155376606
N(3h+12f, 18, [0,0,0,0,1,0,0,0,0,0,0,0], [4,0,1,0,0,0,0,0,0,0,0,0]) = 185770095
N(3h+12f, 18, [0,0,0,0,1,0,0,0,0,0,0,0], [3,2,0,0,0,0,0,0,0,0,0,0]) = 449645292
N(3h+12f, 18, [0,0,0,0,1,0,0,0,0,0,0,0], [3,0,0,1,0,0,0,0,0,0,0,0]) = 188602972
N(3h+12f, 18, [0,0,0,0,1,0,0,0,0,0,0,0], [2,1,1,0,0,0,0,0,0,0,0,0]) = 754297236
N(3h+12f, 18, [0,0,0,0,1,0,0,0,0,0,0,0], [2,0,0,0,1,0,0,0,0,0,0,0]) = 166013195
N(3h+12f, 18, [0,0,0,0,1,0,0,0,0,0,0,0], [1,3,0,0,0,0,0,0,0,0,0,0]) = 298212800
N(3h+12f, 18, [0,0,0,0,1,0,0,0,0,0,0,0], [1,1,0,1,0,0,0,0,0,0,0,0]) = 457849120
N(3h+12f, 18, [0,0,0,0,1,0,0,0,0,0,0,0], [1,0,2,0,0,0,0,0,0,0,0,0]) = 256629168
N(3h+12f, 18, [0,0,0,0,1,0,0,0,0,0,0,0], [1,0,0,0,0,1,0,0,0,0,0,0]) = 120448260
N(3h+12f, 18, [0,0,0,0,1,0,0,0,0,0,0,0], [0,2,1,0,0,0,0,0,0,0,0,0]) = 295625232
N(3h+12f, 18, [0,0,0,0,1,0,0,0,0,0,0,0], [0,1,0,0,1,0,0,0,0,0,0,0]) = 163835800
N(3h+12f, 18, [0,0,0,0,1,0,0,0,0,0,0,0], [0,0,1,1,0,0,0,0,0,0,0,0]) = 195562380
N(3h+12f, 18, [0,0,0,0,1,0,0,0,0,0,0,0], [0,0,0,0,0,0,1,0,0,0,0,0]) = 57034061
N(3h+12f, 18, [4,0,0,0,0,0,0,0,0,0,0,0], [8,0,0,0,0,0,0,0,0,0,0,0]) = 16796258
N(3h+12f, 18, [4,0,0,0,0,0,0,0,0,0,0,0], [6,1,0,0,0,0,0,0,0,0,0,0]) = 212275788
N(3h+12f, 18, [4,0,0,0,0,0,0,0,0,0,0,0], [5,0,1,0,0,0,0,0,0,0,0,0]) = 262467000
N(3h+12f, 18, [4,0,0,0,0,0,0,0,0,0,0,0], [4,2,0,0,0,0,0,0,0,0,0,0]) = 806177748
N(3h+12f, 18, [4,0,0,0,0,0,0,0,0,0,0,0], [4,0,0,1,0,0,0,0,0,0,0,0]) = 279840164
N(3h+12f, 18, [4,0,0,0,0,0,0,0,0,0,0,0], [3,1,1,0,0,0,0,0,0,0,0,0]) = 1525827036
N(3h+12f, 18, [4,0,0,0,0,0,0,0,0,0,0,0], [3,0,0,0,1,0,0,0,0,0,0,0]) = 266803010
N(3h+12f, 18, [4,0,0,0,0,0,0,0,0,0,0,0], [2,3,0,0,0,0,0,0,0,0,0,0]) = 924827768
N(3h+12f, 18, [4,0,0,0,0,0,0,0,0,0,0,0], [2,1,0,1,0,0,0,0,0,0,0,0]) = 1142898536
N(3h+12f, 18, [4,0,0,0,0,0,0,0,0,0,0,0], [2,0,2,0,0,0,0,0,0,0,0,0]) = 641253420
N(3h+12f, 18, [4,0,0,0,0,0,0,0,0,0,0,0], [2,0,0,0,0,1,0,0,0,0,0,0]) = 225958380
N(3h+12f, 18, [4,0,0,0,0,0,0,0,0,0,0,0], [1,2,1,0,0,0,0,0,0,0,0,0]) = 1527228432
N(3h+12f, 18, [4,0,0,0,0,0,0,0,0,0,0,0], [1,1,0,0,1,0,0,0,0,0,0,0]) = 652638980
N(3h+12f, 18, [4,0,0,0,0,0,0,0,0,0,0,0], [1,0,1,1,0,0,0,0,0,0,0,0]) = 780544896
N(3h+12f, 18, [4,0,0,0,0,0,0,0,0,0,0,0], [1,0,0,0,0,0,1,0,0,0,0,0]) = 159977972
N(3h+12f, 18, [4,0,0,0,0,0,0,0,0,0,0,0], [0,4,0,0,0,0,0,0,0,0,0,0]) = 151314400
N(3h+12f, 18, [4,0,0,0,0,0,0,0,0,0,0,0], [0,2,0,1,0,0,0,0,0,0,0,0]) = 451946080
N(3h+12f, 18, [4,0,0,0,0,0,0,0,0,0,0,0], [0,1,2,0,0,0,0,0,0,0,0,0]) = 506666340
N(3h+12f, 18, [4,0,0,0,0,0,0,0,0,0,0,0], [0,1,0,0,0,1,0,0,0,0,0,0]) = 225473760
N(3h+12f, 18, [4,0,0,0,0,0,0,0,0,0,0,0], [0,0,1,0,1,0,0,0,0,0,0,0]) = 280455780
N(3h+12f, 18, [4,0,0,0,0,0,0,0,0,0,0,0], [0,0,0,2,0,0,0,0,0,0,0,0]) = 149564976
N(3h+12f, 18, [4,0,0,0,0,0,0,0,0,0,0,0], [0,0,0,0,0,0,0,1,0,0,0,0]) = 74782400
N(3h+12f, 18, [2,1,0,0,0,0,0,0,0,0,0,0], [8,0,0,0,0,0,0,0,0,0,0,0]) = 15866396
N(3h+12f, 18, [2,1,0,0,0,0,0,0,0,0,0,0], [6,1,0,0,0,0,0,0,0,0,0,0]) = 200201756
N(3h+12f, 18, [2,1,0,0,0,0,0,0,0,0,0,0], [5,0,1,0,0,0,0,0,0,0,0,0]) = 247380006
N(3h+12f, 18, [2,1,0,0,0,0,0,0,0,0,0,0], [4,2,0,0,0,0,0,0,0,0,0,0]) = 758813708
N(3h+12f, 18, [2,1,0,0,0,0,0,0,0,0,0,0], [4,0,0,1,0,0,0,0,0,0,0,0]) = 263578324
N(3h+12f, 18, [2,1,0,0,0,0,0,0,0,0,0,0], [3,1,1,0,0,0,0,0,0,0,0,0]) = 1434799236
N(3h+12f, 18, [2,1,0,0,0,0,0,0,0,0,0,0], [3,0,0,0,1,0,0,0,0,0,0,0]) = 251097780
N(3h+12f, 18, [2,1,0,0,0,0,0,0,0,0,0,0], [2,3,0,0,0,0,0,0,0,0,0,0]) = 868231864
N(3h+12f, 18, [2,1,0,0,0,0,0,0,0,0,0,0], [2,1,0,1,0,0,0,0,0,0,0,0]) = 1073470312
N(3h+12f, 18, [2,1,0,0,0,0,0,0,0,0,0,0], [2,0,2,0,0,0,0,0,0,0,0,0]) = 602247780
N(3h+12f, 18, [2,1,0,0,0,0,0,0,0,0,0,0], [2,0,0,0,0,1,0,0,0,0,0,0]) = 212429028
N(3h+12f, 18, [2,1,0,0,0,0,0,0,0,0,0,0], [1,2,1,0,0,0,0,0,0,0,0,0]) = 1431478224
N(3h+12f, 18, [2,1,0,0,0,0,0,0,0,0,0,0], [1,1,0,0,1,0,0,0,0,0,0,0]) = 611981340
N(3h+12f, 18, [2,1,0,0,0,0,0,0,0,0,0,0], [1,0,1,1,0,0,0,0,0,0,0,0]) = 731833488
N(3h+12f, 18, [2,1,0,0,0,0,0,0,0,0,0,0], [1,0,0,0,0,0,1,0,0,0,0,0]) = 150132458
N(3h+12f, 18, [2,1,0,0,0,0,0,0,0,0,0,0], [0,4,0,0,0,0,0,0,0,0,0,0]) = 141536672
N(3h+12f, 18, [2,1,0,0,0,0,0,0,0,0,0,0], [0,2,0,1,0,0,0,0,0,0,0,0]) = 422674912
N(3h+12f, 18, [2,1,0,0,0,0,0,0,0,0,0,0], [0,1,2,0,0,0,0,0,0,0,0,0]) = 473791788
N(3h+12f, 18, [2,1,0,0,0,0,0,0,0,0,0,0], [0,1,0,0,0,1,0,0,0,0,0,0]) = 210853680
N(3h+12f, 18, [2,1,0,0,0,0,0,0,0,0,0,0], [0,0,1,0,1,0,0,0,0,0,0,0]) = 262223610
N(3h+12f, 18, [2,1,0,0,0,0,0,0,0,0,0,0], [0,0,0,2,0,0,0,0,0,0,0,0]) = 139841328
N(3h+12f, 18, [2,1,0,0,0,0,0,0,0,0,0,0], [0,0,0,0,0,0,0,1,0,0,0,0]) = 69920576
N(3h+12f, 18, [1,0,1,0,0,0,0,0,0,0,0,0], [8,0,0,0,0,0,0,0,0,0,0,0]) = 15401885
N(3h+12f, 18, [1,0,1,0,0,0,0,0,0,0,0,0], [6,1,0,0,0,0,0,0,0,0,0,0]) = 194170476
N(3h+12f, 18, [1,0,1,0,0,0,0,0,0,0,0,0], [5,0,1,0,0,0,0,0,0,0,0,0]) = 239843817
N(3h+12f, 18, [1,0,1,0,0,0,0,0,0,0,0,0], [4,2,0,0,0,0,0,0,0,0,0,0]) = 735155568
N(3h+12f, 18, [1,0,1,0,0,0,0,0,0,0,0,0], [4,0,0,1,0,0,0,0,0,0,0,0]) = 255455444
N(3h+12f, 18, [1,0,1,0,0,0,0,0,0,0,0,0], [3,1,1,0,0,0,0,0,0,0,0,0]) = 1389332496
N(3h+12f, 18, [1,0,1,0,0,0,0,0,0,0,0,0], [3,0,0,0,1,0,0,0,0,0,0,0]) = 243253115
N(3h+12f, 18, [1,0,1,0,0,0,0,0,0,0,0,0], [2,3,0,0,0,0,0,0,0,0,0,0]) = 839964632
N(3h+12f, 18, [1,0,1,0,0,0,0,0,0,0,0,0], [2,1,0,1,0,0,0,0,0,0,0,0]) = 1038793352
N(3h+12f, 18, [1,0,1,0,0,0,0,0,0,0,0,0], [2,0,2,0,0,0,0,0,0,0,0,0]) = 582765858
N(3h+12f, 18, [1,0,1,0,0,0,0,0,0,0,0,0], [2,0,0,0,0,1,0,0,0,0,0,0]) = 205671408
N(3h+12f, 18, [1,0,1,0,0,0,0,0,0,0,0,0], [1,2,1,0,0,0,0,0,0,0,0,0]) = 1383657336
N(3h+12f, 18, [1,0,1,0,0,0,0,0,0,0,0,0], [1,1,0,0,1,0,0,0,0,0,0,0]) = 591675260
N(3h+12f, 18, [1,0,1,0,0,0,0,0,0,0,0,0], [1,0,1,1,0,0,0,0,0,0,0,0]) = 707505072
N(3h+12f, 18, [1,0,1,0,0,0,0,0,0,0,0,0], [1,0,0,0,0,0,1,0,0,0,0,0]) = 145215077
N(3h+12f, 18, [1,0,1,0,0,0,0,0,0,0,0,0], [0,4,0,0,0,0,0,0,0,0,0,0]) = 136653664
N(3h+12f, 18, [1,0,1,0,0,0,0,0,0,0,0,0], [0,2,0,1,0,0,0,0,0,0,0,0]) = 408056896
N(3h+12f, 18, [1,0,1,0,0,0,0,0,0,0,0,0], [0,1,2,0,0,0,0,0,0,0,0,0]) = 457374276
N(3h+12f, 18, [1,0,1,0,0,0,0,0,0,0,0,0], [0,1,0,0,0,1,0,0,0,0,0,0]) = 203552424
N(3h+12f, 18, [1,0,1,0,0,0,0,0,0,0,0,0], [0,0,1,0,1,0,0,0,0,0,0,0]) = 253118505
N(3h+12f, 18, [1,0,1,0,0,0,0,0,0,0,0,0], [0,0,0,2,0,0,0,0,0,0,0,0]) = 134985360
N(3h+12f, 18, [1,0,1,0,0,0,0,0,0,0,0,0], [0,0,0,0,0,0,0,1,0,0,0,0]) = 67492592
N(3h+12f, 18, [0,2,0,0,0,0,0,0,0,0,0,0], [8,0,0,0,0,0,0,0,0,0,0,0]) = 14975662
N(3h+12f, 18, [0,2,0,0,0,0,0,0,0,0,0,0], [6,1,0,0,0,0,0,0,0,0,0,0]) = 188649276
N(3h+12f, 18, [0,2,0,0,0,0,0,0,0,0,0,0], [5,0,1,0,0,0,0,0,0,0,0,0]) = 232951284
N(3h+12f, 18, [0,2,0,0,0,0,0,0,0,0,0,0], [4,2,0,0,0,0,0,0,0,0,0,0]) = 713560308
N(3h+12f, 18, [0,2,0,0,0,0,0,0,0,0,0,0], [4,0,0,1,0,0,0,0,0,0,0,0]) = 248033524
N(3h+12f, 18, [0,2,0,0,0,0,0,0,0,0,0,0], [3,1,1,0,0,0,0,0,0,0,0,0]) = 1347886428
N(3h+12f, 18, [0,2,0,0,0,0,0,0,0,0,0,0], [3,0,0,0,1,0,0,0,0,0,0,0]) = 236093590
N(3h+12f, 18, [0,2,0,0,0,0,0,0,0,0,0,0], [2,3,0,0,0,0,0,0,0,0,0,0]) = 814258264
N(3h+12f, 18, [0,2,0,0,0,0,0,0,0,0,0,0], [2,1,0,1,0,0,0,0,0,0,0,0]) = 1007234760
N(3h+12f, 18, [0,2,0,0,0,0,0,0,0,0,0,0], [2,0,2,0,0,0,0,0,0,0,0,0]) = 565037316
N(3h+12f, 18, [0,2,0,0,0,0,0,0,0,0,0,0], [2,0,0,0,0,1,0,0,0,0,0,0]) = 199513212
N(3h+12f, 18, [0,2,0,0,0,0,0,0,0,0,0,0], [1,2,1,0,0,0,0,0,0,0,0,0]) = 1340266032
N(3h+12f, 18, [0,2,0,0,0,0,0,0,0,0,0,0], [1,1,0,0,1,0,0,0,0,0,0,0]) = 573238100
N(3h+12f, 18, [0,2,0,0,0,0,0,0,0,0,0,0], [1,0,1,1,0,0,0,0,0,0,0,0]) = 685418208
N(3h+12f, 18, [0,2,0,0,0,0,0,0,0,0,0,0], [1,0,0,0,0,0,1,0,0,0,0,0]) = 140744688
N(3h+12f, 18, [0,2,0,0,0,0,0,0,0,0,0,0], [0,4,0,0,0,0,0,0,0,0,0,0]) = 132236320
N(3h+12f, 18, [0,2,0,0,0,0,0,0,0,0,0,0], [0,2,0,1,0,0,0,0,0,0,0,0]) = 394834912
N(3h+12f, 18, [0,2,0,0,0,0,0,0,0,0,0,0], [0,1,2,0,0,0,0,0,0,0,0,0]) = 442526436
N(3h+12f, 18, [0,2,0,0,0,0,0,0,0,0,0,0], [0,1,0,0,0,1,0,0,0,0,0,0]) = 196948944
N(3h+12f, 18, [0,2,0,0,0,0,0,0,0,0,0,0], [0,0,1,0,1,0,0,0,0,0,0,0]) = 244884960
N(3h+12f, 18, [0,2,0,0,0,0,0,0,0,0,0,0], [0,0,0,2,0,0,0,0,0,0,0,0]) = 130594224
N(3h+12f, 18, [0,2,0,0,0,0,0,0,0,0,0,0], [0,0,0,0,0,0,0,1,0,0,0,0]) = 65297024
N(3h+12f, 18, [0,0,0,1,0,0,0,0,0,0,0,0], [8,0,0,0,0,0,0,0,0,0,0,0]) = 14956658
N(3h+12f, 18, [0,0,0,1,0,0,0,0,0,0,0,0], [6,1,0,0,0,0,0,0,0,0,0,0]) = 188396148
N(3h+12f, 18, [0,0,0,1,0,0,0,0,0,0,0,0], [5,0,1,0,0,0,0,0,0,0,0,0]) = 232631892
N(3h+12f, 18, [0,0,0,1,0,0,0,0,0,0,0,0], [4,2,0,0,0,0,0,0,0,0,0,0]) = 712536828
N(3h+12f, 18, [0,0,0,1,0,0,0,0,0,0,0,0], [4,0,0,1,0,0,0,0,0,0,0,0]) = 247685724
N(3h+12f, 18, [0,0,0,1,0,0,0,0,0,0,0,0], [3,1,1,0,0,0,0,0,0,0,0,0]) = 1345891812
N(3h+12f, 18, [0,0,0,1,0,0,0,0,0,0,0,0], [3,0,0,0,1,0,0,0,0,0,0,0]) = 235753670
N(3h+12f, 18, [0,0,0,1,0,0,0,0,0,0,0,0], [2,3,0,0,0,0,0,0,0,0,0,0]) = 812988072
N(3h+12f, 18, [0,0,0,1,0,0,0,0,0,0,0,0], [2,1,0,1,0,0,0,0,0,0,0,0]) = 1005687960
N(3h+12f, 18, [0,0,0,1,0,0,0,0,0,0,0,0], [2,0,2,0,0,0,0,0,0,0,0,0]) = 564167592
N(3h+12f, 18, [0,0,0,1,0,0,0,0,0,0,0,0], [2,0,0,0,0,1,0,0,0,0,0,0]) = 199215852
N(3h+12f, 18, [0,0,0,1,0,0,0,0,0,0,0,0], [1,2,1,0,0,0,0,0,0,0,0,0]) = 1338069312
N(3h+12f, 18, [0,0,0,1,0,0,0,0,0,0,0,0], [1,1,0,0,1,0,0,0,0,0,0,0]) = 572311220
N(3h+12f, 18, [0,0,0,1,0,0,0,0,0,0,0,0], [1,0,1,1,0,0,0,0,0,0,0,0]) = 684306528
N(3h+12f, 18, [0,0,0,1,0,0,0,0,0,0,0,0], [1,0,0,0,0,0,1,0,0,0,0,0]) = 140522984
N(3h+12f, 18, [0,0,0,1,0,0,0,0,0,0,0,0], [0,4,0,0,0,0,0,0,0,0,0,0]) = 132005440
N(3h+12f, 18, [0,0,0,1,0,0,0,0,0,0,0,0], [0,2,0,1,0,0,0,0,0,0,0,0]) = 394142752
N(3h+12f, 18, [0,0,0,1,0,0,0,0,0,0,0,0], [0,1,2,0,0,0,0,0,0,0,0,0]) = 441748188
N(3h+12f, 18, [0,0,0,1,0,0,0,0,0,0,0,0], [0,1,0,0,0,1,0,0,0,0,0,0]) = 196602984
N(3h+12f, 18, [0,0,0,1,0,0,0,0,0,0,0,0], [0,0,1,0,1,0,0,0,0,0,0,0]) = 244452840
N(3h+12f, 18, [0,0,0,1,0,0,0,0,0,0,0,0], [0,0,0,2,0,0,0,0,0,0,0,0]) = 130363760
N(3h+12f, 18, [0,0,0,1,0,0,0,0,0,0,0,0], [0,0,0,0,0,0,0,1,0,0,0,0]) = 65181792
N(3h+12f, 18, [3,0,0,0,0,0,0,0,0,0,0,0], [9,0,0,0,0,0,0,0,0,0,0,0]) = 16796258
N(3h+12f, 18, [3,0,0,0,0,0,0,0,0,0,0,0], [7,1,0,0,0,0,0,0,0,0,0,0]) = 244008580
N(3h+12f, 18, [3,0,0,0,0,0,0,0,0,0,0,0], [6,0,1,0,0,0,0,0,0,0,0,0]) = 308672655
N(3h+12f, 18, [3,0,0,0,0,0,0,0,0,0,0,0], [5,2,0,0,0,0,0,0,0,0,0,0]) = 1146678612
N(3h+12f, 18, [3,0,0,0,0,0,0,0,0,0,0,0], [5,0,0,1,0,0,0,0,0,0,0,0]) = 339666796
N(3h+12f, 18, [3,0,0,0,0,0,0,0,0,0,0,0], [4,1,1,0,0,0,0,0,0,0,0,0]) = 2341545714
N(3h+12f, 18, [3,0,0,0,0,0,0,0,0,0,0,0], [4,0,0,0,1,0,0,0,0,0,0,0]) = 339409050
N(3h+12f, 18, [3,0,0,0,0,0,0,0,0,0,0,0], [3,3,0,0,0,0,0,0,0,0,0,0]) = 1913825184
N(3h+12f, 18, [3,0,0,0,0,0,0,0,0,0,0,0], [3,1,0,1,0,0,0,0,0,0,0,0]) = 1972296160
N(3h+12f, 18, [3,0,0,0,0,0,0,0,0,0,0,0], [3,0,2,0,0,0,0,0,0,0,0,0]) = 1107065295
N(3h+12f, 18, [3,0,0,0,0,0,0,0,0,0,0,0], [3,0,0,0,0,1,0,0,0,0,0,0]) = 310526970
N(3h+12f, 18, [3,0,0,0,0,0,0,0,0,0,0,0], [2,2,1,0,0,0,0,0,0,0,0,0]) = 4022311248
N(3h+12f, 18, [3,0,0,0,0,0,0,0,0,0,0,0], [2,1,0,0,1,0,0,0,0,0,0,0]) = 1384216830
N(3h+12f, 18, [3,0,0,0,0,0,0,0,0,0,0,0], [2,0,1,1,0,0,0,0,0,0,0,0]) = 1656722016
N(3h+12f, 18, [3,0,0,0,0,0,0,0,0,0,0,0], [2,0,0,0,0,0,1,0,0,0,0,0]) = 255544282
N(3h+12f, 18, [3,0,0,0,0,0,0,0,0,0,0,0], [1,4,0,0,0,0,0,0,0,0,0,0]) = 810615584
N(3h+12f, 18, [3,0,0,0,0,0,0,0,0,0,0,0], [1,2,0,1,0,0,0,0,0,0,0,0]) = 1970851104
N(3h+12f, 18, [3,0,0,0,0,0,0,0,0,0,0,0], [1,1,2,0,0,0,0,0,0,0,0,0]) = 2211192972
N(3h+12f, 18, [3,0,0,0,0,0,0,0,0,0,0,0], [1,1,0,0,0,1,0,0,0,0,0,0]) = 758188680
N(3h+12f, 18, [3,0,0,0,0,0,0,0,0,0,0,0], [1,0,1,0,1,0,0,0,0,0,0,0]) = 944507100
N(3h+12f, 18, [3,0,0,0,0,0,0,0,0,0,0,0], [1,0,0,2,0,0,0,0,0,0,0,0]) = 503711408
N(3h+12f, 18, [3,0,0,0,0,0,0,0,0,0,0,0], [1,0,0,0,0,0,0,1,0,0,0,0]) = 177073112
N(3h+12f, 18, [3,0,0,0,0,0,0,0,0,0,0,0], [0,3,1,0,0,0,0,0,0,0,0,0]) = 875280384
N(3h+12f, 18, [3,0,0,0,0,0,0,0,0,0,0,0], [0,2,0,0,1,0,0,0,0,0,0,0]) = 546183200
N(3h+12f, 18, [3,0,0,0,0,0,0,0,0,0,0,0], [0,1,1,1,0,0,0,0,0,0,0,0]) = 1306112304
N(3h+12f, 18, [3,0,0,0,0,0,0,0,0,0,0,0], [0,1,0,0,0,0,1,0,0,0,0,0]) = 254312226
N(3h+12f, 18, [3,0,0,0,0,0,0,0,0,0,0,0], [0,0,3,0,0,0,0,0,0,0,0,0]) = 244024137
N(3h+12f, 18, [3,0,0,0,0,0,0,0,0,0,0,0], [0,0,1,0,0,1,0,0,0,0,0,0]) = 325335114
N(3h+12f, 18, [3,0,0,0,0,0,0,0,0,0,0,0], [0,0,0,1,1,0,0,0,0,0,0,0]) = 361454860
N(3h+12f, 18, [3,0,0,0,0,0,0,0,0,0,0,0], [0,0,0,0,0,0,0,0,1,0,0,0]) = 81327294
N(3h+12f, 18, [1,1,0,0,0,0,0,0,0,0,0,0], [9,0,0,0,0,0,0,0,0,0,0,0]) = 15866396
N(3h+12f, 18, [1,1,0,0,0,0,0,0,0,0,0,0], [7,1,0,0,0,0,0,0,0,0,0,0]) = 230153080
N(3h+12f, 18, [1,1,0,0,0,0,0,0,0,0,0,0], [6,0,1,0,0,0,0,0,0,0,0,0]) = 290972133
N(3h+12f, 18, [1,1,0,0,0,0,0,0,0,0,0,0], [5,2,0,0,0,0,0,0,0,0,0,0]) = 1079620484
N(3h+12f, 18, [1,1,0,0,0,0,0,0,0,0,0,0], [5,0,0,1,0,0,0,0,0,0,0,0]) = 319996276
N(3h+12f, 18, [1,1,0,0,0,0,0,0,0,0,0,0], [4,1,1,0,0,0,0,0,0,0,0,0]) = 2202791994
N(3h+12f, 18, [1,1,0,0,0,0,0,0,0,0,0,0], [4,0,0,0,1,0,0,0,0,0,0,0]) = 319536610
N(3h+12f, 18, [1,1,0,0,0,0,0,0,0,0,0,0], [3,3,0,0,0,0,0,0,0,0,0,0]) = 1797854224
N(3h+12f, 18, [1,1,0,0,0,0,0,0,0,0,0,0], [3,1,0,1,0,0,0,0,0,0,0,0]) = 1853712032
N(3h+12f, 18, [1,1,0,0,0,0,0,0,0,0,0,0], [3,0,2,0,0,0,0,0,0,0,0,0]) = 1040430429
N(3h+12f, 18, [1,1,0,0,0,0,0,0,0,0,0,0], [3,0,0,0,0,1,0,0,0,0,0,0]) = 292107690
N(3h+12f, 18, [1,1,0,0,0,0,0,0,0,0,0,0], [2,2,1,0,0,0,0,0,0,0,0,0]) = 3773892744
N(3h+12f, 18, [1,1,0,0,0,0,0,0,0,0,0,0], [2,1,0,0,1,0,0,0,0,0,0,0]) = 1299458050
N(3h+12f, 18, [1,1,0,0,0,0,0,0,0,0,0,0], [2,0,1,1,0,0,0,0,0,0,0,0]) = 1555138776
N(3h+12f, 18, [1,1,0,0,0,0,0,0,0,0,0,0], [2,0,0,0,0,0,1,0,0,0,0,0]) = 240123436
N(3h+12f, 18, [1,1,0,0,0,0,0,0,0,0,0,0], [1,4,0,0,0,0,0,0,0,0,0,0]) = 759235744
N(3h+12f, 18, [1,1,0,0,0,0,0,0,0,0,0,0], [1,2,0,1,0,0,0,0,0,0,0,0]) = 1846259232
N(3h+12f, 18, [1,1,0,0,0,0,0,0,0,0,0,0], [1,1,2,0,0,0,0,0,0,0,0,0]) = 2071211040
N(3h+12f, 18, [1,1,0,0,0,0,0,0,0,0,0,0], [1,1,0,0,0,1,0,0,0,0,0,0]) = 710566440
N(3h+12f, 18, [1,1,0,0,0,0,0,0,0,0,0,0], [1,0,1,0,1,0,0,0,0,0,0,0]) = 885075780
N(3h+12f, 18, [1,1,0,0,0,0,0,0,0,0,0,0], [1,0,0,2,0,0,0,0,0,0,0,0]) = 472015088
N(3h+12f, 18, [1,1,0,0,0,0,0,0,0,0,0,0], [1,0,0,0,0,0,0,1,0,0,0,0]) = 166086776
N(3h+12f, 18, [1,1,0,0,0,0,0,0,0,0,0,0], [0,3,1,0,0,0,0,0,0,0,0,0]) = 818149632
N(3h+12f, 18, [1,1,0,0,0,0,0,0,0,0,0,0], [0,2,0,0,1,0,0,0,0,0,0,0]) = 510503480
N(3h+12f, 18, [1,1,0,0,0,0,0,0,0,0,0,0], [0,1,1,1,0,0,0,0,0,0,0,0]) = 1220629008
N(3h+12f, 18, [1,1,0,0,0,0,0,0,0,0,0,0], [0,1,0,0,0,0,1,0,0,0,0,0]) = 237679638
N(3h+12f, 18, [1,1,0,0,0,0,0,0,0,0,0,0], [0,0,3,0,0,0,0,0,0,0,0,0]) = 228023559
N(3h+12f, 18, [1,1,0,0,0,0,0,0,0,0,0,0], [0,0,1,0,0,1,0,0,0,0,0,0]) = 304001478
N(3h+12f, 18, [1,1,0,0,0,0,0,0,0,0,0,0], [0,0,0,1,1,0,0,0,0,0,0,0]) = 337751260
N(3h+12f, 18, [1,1,0,0,0,0,0,0,0,0,0,0], [0,0,0,0,0,0,0,0,1,0,0,0]) = 75993984
N(3h+12f, 18, [0,0,1,0,0,0,0,0,0,0,0,0], [9,0,0,0,0,0,0,0,0,0,0,0]) = 15401885
N(3h+12f, 18, [0,0,1,0,0,0,0,0,0,0,0,0], [7,1,0,0,0,0,0,0,0,0,0,0]) = 223231894
N(3h+12f, 18, [0,0,1,0,0,0,0,0,0,0,0,0], [6,0,1,0,0,0,0,0,0,0,0,0]) = 282130413
N(3h+12f, 18, [0,0,1,0,0,0,0,0,0,0,0,0], [5,2,0,0,0,0,0,0,0,0,0,0]) = 1046124972
N(3h+12f, 18, [0,0,1,0,0,0,0,0,0,0,0,0], [5,0,0,1,0,0,0,0,0,0,0,0]) = 310170688
N(3h+12f, 18, [0,0,1,0,0,0,0,0,0,0,0,0], [4,1,1,0,0,0,0,0,0,0,0,0]) = 2133486234
N(3h+12f, 18, [0,0,1,0,0,0,0,0,0,0,0,0], [4,0,0,0,1,0,0,0,0,0,0,0]) = 309610365
N(3h+12f, 18, [0,0,1,0,0,0,0,0,0,0,0,0], [3,3,0,0,0,0,0,0,0,0,0,0]) = 1739930664
N(3h+12f, 18, [0,0,1,0,0,0,0,0,0,0,0,0], [3,1,0,1,0,0,0,0,0,0,0,0]) = 1794482368
N(3h+12f, 18, [0,0,1,0,0,0,0,0,0,0,0,0], [3,0,2,0,0,0,0,0,0,0,0,0]) = 1007148096
N(3h+12f, 18, [0,0,1,0,0,0,0,0,0,0,0,0], [3,0,0,0,0,1,0,0,0,0,0,0]) = 282907518
N(3h+12f, 18, [0,0,1,0,0,0,0,0,0,0,0,0], [2,2,1,0,0,0,0,0,0,0,0,0]) = 3649820652
N(3h+12f, 18, [0,0,1,0,0,0,0,0,0,0,0,0], [2,1,0,0,1,0,0,0,0,0,0,0]) = 1257124740
N(3h+12f, 18, [0,0,1,0,0,0,0,0,0,0,0,0], [2,0,1,1,0,0,0,0,0,0,0,0]) = 1504402452
N(3h+12f, 18, [0,0,1,0,0,0,0,0,0,0,0,0], [2,0,0,0,0,0,1,0,0,0,0,0]) = 232421182
N(3h+12f, 18, [0,0,1,0,0,0,0,0,0,0,0,0], [1,4,0,0,0,0,0,0,0,0,0,0]) = 733575584
N(3h+12f, 18, [0,0,1,0,0,0,0,0,0,0,0,0], [1,2,0,1,0,0,0,0,0,0,0,0]) = 1784035008
N(3h+12f, 18, [0,0,1,0,0,0,0,0,0,0,0,0], [1,1,2,0,0,0,0,0,0,0,0,0]) = 2001300750
N(3h+12f, 18, [0,0,1,0,0,0,0,0,0,0,0,0], [1,1,0,0,0,1,0,0,0,0,0,0]) = 686782392
N(3h+12f, 18, [0,0,1,0,0,0,0,0,0,0,0,0], [1,0,1,0,1,0,0,0,0,0,0,0]) = 855393960
N(3h+12f, 18, [0,0,1,0,0,0,0,0,0,0,0,0], [1,0,0,2,0,0,0,0,0,0,0,0]) = 456184976
N(3h+12f, 18, [0,0,1,0,0,0,0,0,0,0,0,0], [1,0,0,0,0,0,0,1,0,0,0,0]) = 160599704
N(3h+12f, 18, [0,0,1,0,0,0,0,0,0,0,0,0], [0,3,1,0,0,0,0,0,0,0,0,0]) = 789619104
N(3h+12f, 18, [0,0,1,0,0,0,0,0,0,0,0,0], [0,2,0,0,1,0,0,0,0,0,0,0]) = 492685400
N(3h+12f, 18, [0,0,1,0,0,0,0,0,0,0,0,0], [0,1,1,1,0,0,0,0,0,0,0,0]) = 1177939632
N(3h+12f, 18, [0,0,1,0,0,0,0,0,0,0,0,0], [0,1,0,0,0,0,1,0,0,0,0,0]) = 229373508
N(3h+12f, 18, [0,0,1,0,0,0,0,0,0,0,0,0], [0,0,3,0,0,0,0,0,0,0,0,0]) = 220033071
N(3h+12f, 18, [0,0,1,0,0,0,0,0,0,0,0,0], [0,0,1,0,0,1,0,0,0,0,0,0]) = 293347728
N(3h+12f, 18, [0,0,1,0,0,0,0,0,0,0,0,0], [0,0,0,1,1,0,0,0,0,0,0,0]) = 325913980
N(3h+12f, 18, [0,0,1,0,0,0,0,0,0,0,0,0], [0,0,0,0,0,0,0,0,1,0,0,0]) = 73330596
N(3h+12f, 18, [2,0,0,0,0,0,0,0,0,0,0,0], [10,0,0,0,0,0,0,0,0,0,0,0]) = 16796258
N(3h+12f, 18, [2,0,0,0,0,0,0,0,0,0,0,0], [8,1,0,0,0,0,0,0,0,0,0,0]) = 275741372
N(3h+12f, 18, [2,0,0,0,0,0,0,0,0,0,0,0], [7,0,1,0,0,0,0,0,0,0,0,0]) = 354878310
N(3h+12f, 18, [2,0,0,0,0,0,0,0,0,0,0,0], [6,2,0,0,0,0,0,0,0,0,0,0]) = 1547082124
N(3h+12f, 18, [2,0,0,0,0,0,0,0,0,0,0,0], [6,0,0,1,0,0,0,0,0,0,0,0]) = 399493428
N(3h+12f, 18, [2,0,0,0,0,0,0,0,0,0,0,0], [5,1,1,0,0,0,0,0,0,0,0,0]) = 3331632900
N(3h+12f, 18, [2,0,0,0,0,0,0,0,0,0,0,0], [5,0,0,0,1,0,0,0,0,0,0,0]) = 412015090
N(3h+12f, 18, [2,0,0,0,0,0,0,0,0,0,0,0], [4,3,0,0,0,0,0,0,0,0,0,0]) = 3431452600
N(3h+12f, 18, [2,0,0,0,0,0,0,0,0,0,0,0], [4,1,0,1,0,0,0,0,0,0,0,0]) = 3027365592
N(3h+12f, 18, [2,0,0,0,0,0,0,0,0,0,0,0], [4,0,2,0,0,0,0,0,0,0,0,0]) = 1699736958
N(3h+12f, 18, [2,0,0,0,0,0,0,0,0,0,0,0], [4,0,0,0,0,1,0,0,0,0,0,0]) = 395098530
N(3h+12f, 18, [2,0,0,0,0,0,0,0,0,0,0,0], [3,2,1,0,0,0,0,0,0,0,0,0]) = 8328832128
N(3h+12f, 18, [2,0,0,0,0,0,0,0,0,0,0,0], [3,1,0,0,1,0,0,0,0,0,0,0]) = 2389540100
N(3h+12f, 18, [2,0,0,0,0,0,0,0,0,0,0,0], [3,0,1,1,0,0,0,0,0,0,0,0]) = 2861178720
N(3h+12f, 18, [2,0,0,0,0,0,0,0,0,0,0,0], [3,0,0,0,0,0,1,0,0,0,0,0]) = 351291542
N(3h+12f, 18, [2,0,0,0,0,0,0,0,0,0,0,0], [2,4,0,0,0,0,0,0,0,0,0,0]) = 2547079312
N(3h+12f, 18, [2,0,0,0,0,0,0,0,0,0,0,0], [2,2,0,1,0,0,0,0,0,0,0,0]) = 5193357312
N(3h+12f, 18, [2,0,0,0,0,0,0,0,0,0,0,0], [2,1,2,0,0,0,0,0,0,0,0,0]) = 5829324246
N(3h+12f, 18, [2,0,0,0,0,0,0,0,0,0,0,0], [2,1,0,0,0,1,0,0,0,0,0,0]) = 1609007748
N(3h+12f, 18, [2,0,0,0,0,0,0,0,0,0,0,0], [2,0,1,0,1,0,0,0,0,0,0,0]) = 2005916520
N(3h+12f, 18, [2,0,0,0,0,0,0,0,0,0,0,0], [2,0,0,2,0,0,0,0,0,0,0,0]) = 1069780048
N(3h+12f, 18, [2,0,0,0,0,0,0,0,0,0,0,0], [2,0,0,0,0,0,0,1,0,0,0,0]) = 283034200
N(3h+12f, 18, [2,0,0,0,0,0,0,0,0,0,0,0], [1,3,1,0,0,0,0,0,0,0,0,0]) = 4694485728
N(3h+12f, 18, [2,0,0,0,0,0,0,0,0,0,0,0], [1,2,0,0,1,0,0,0,0,0,0,0]) = 2383802400
N(3h+12f, 18, [2,0,0,0,0,0,0,0,0,0,0,0], [1,1,1,1,0,0,0,0,0,0,0,0]) = 5705089056
N(3h+12f, 18, [2,0,0,0,0,0,0,0,0,0,0,0], [1,1,0,0,0,0,1,0,0,0,0,0]) = 856103808
N(3h+12f, 18, [2,0,0,0,0,0,0,0,0,0,0,0], [1,0,3,0,0,0,0,0,0,0,0,0]) = 1066744674
N(3h+12f, 18, [2,0,0,0,0,0,0,0,0,0,0,0], [1,0,1,0,0,1,0,0,0,0,0,0]) = 1096888716
N(3h+12f, 18, [2,0,0,0,0,0,0,0,0,0,0,0], [1,0,0,1,1,0,0,0,0,0,0,0]) = 1218700960
N(3h+12f, 18, [2,0,0,0,0,0,0,0,0,0,0,0], [1,0,0,0,0,0,0,0,1,0,0,0]) = 192880314
N(3h+12f, 18, [2,0,0,0,0,0,0,0,0,0,0,0], [0,5,0,0,0,0,0,0,0,0,0,0]) = 283073344
N(3h+12f, 18, [2,0,0,0,0,0,0,0,0,0,0,0], [0,3,0,1,0,0,0,0,0,0,0,0]) = 1127945792
N(3h+12f, 18, [2,0,0,0,0,0,0,0,0,0,0,0], [0,2,2,0,0,0,0,0,0,0,0,0]) = 1897865748
N(3h+12f, 18, [2,0,0,0,0,0,0,0,0,0,0,0], [0,2,0,0,0,1,0,0,0,0,0,0]) = 633475320
N(3h+12f, 18, [2,0,0,0,0,0,0,0,0,0,0,0], [0,1,1,0,1,0,0,0,0,0,0,0]) = 1577871600
N(3h+12f, 18, [2,0,0,0,0,0,0,0,0,0,0,0], [0,1,0,2,0,0,0,0,0,0,0,0]) = 841482592
N(3h+12f, 18, [2,0,0,0,0,0,0,0,0,0,0,0], [0,1,0,0,0,0,0,1,0,0,0,0]) = 280899760
N(3h+12f, 18, [2,0,0,0,0,0,0,0,0,0,0,0], [0,0,2,1,0,0,0,0,0,0,0,0]) = 943235748
N(3h+12f, 18, [2,0,0,0,0,0,0,0,0,0,0,0], [0,0,1,0,0,0,1,0,0,0,0,0]) = 366800280
N(3h+12f, 18, [2,0,0,0,0,0,0,0,0,0,0,0], [0,0,0,1,0,1,0,0,0,0,0,0]) = 419166264
N(3h+12f, 18, [2,0,0,0,0,0,0,0,0,0,0,0], [0,0,0,0,2,0,0,0,0,0,0,0]) = 218315625
N(3h+12f, 18, [2,0,0,0,0,0,0,0,0,0,0,0], [0,0,0,0,0,0,0,0,0,1,0,0]) = 87326250
N(3h+12f, 18, [0,1,0,0,0,0,0,0,0,0,0,0], [10,0,0,0,0,0,0,0,0,0,0,0]) = 15866396
N(3h+12f, 18, [0,1,0,0,0,0,0,0,0,0,0,0], [8,1,0,0,0,0,0,0,0,0,0,0]) = 260104404
N(3h+12f, 18, [0,1,0,0,0,0,0,0,0,0,0,0], [7,0,1,0,0,0,0,0,0,0,0,0]) = 334564260
N(3h+12f, 18, [0,1,0,0,0,0,0,0,0,0,0,0], [6,2,0,0,0,0,0,0,0,0,0,0]) = 1456919036
N(3h+12f, 18, [0,1,0,0,0,0,0,0,0,0,0,0], [6,0,0,1,0,0,0,0,0,0,0,0]) = 376414228
N(3h+12f, 18, [0,1,0,0,0,0,0,0,0,0,0,0], [5,1,1,0,0,0,0,0,0,0,0,0]) = 3135148668
N(3h+12f, 18, [0,1,0,0,0,0,0,0,0,0,0,0], [5,0,0,0,1,0,0,0,0,0,0,0]) = 387975440
N(3h+12f, 18, [0,1,0,0,0,0,0,0,0,0,0,0], [4,3,0,0,0,0,0,0,0,0,0,0]) = 3224974840
N(3h+12f, 18, [0,1,0,0,0,0,0,0,0,0,0,0], [4,1,0,1,0,0,0,0,0,0,0,0]) = 2846581432
N(3h+12f, 18, [0,1,0,0,0,0,0,0,0,0,0,0], [4,0,2,0,0,0,0,0,0,0,0,0]) = 1598137938
N(3h+12f, 18, [0,1,0,0,0,0,0,0,0,0,0,0], [4,0,0,0,0,1,0,0,0,0,0,0]) = 371789322
N(3h+12f, 18, [0,1,0,0,0,0,0,0,0,0,0,0], [3,2,1,0,0,0,0,0,0,0,0,0]) = 7819614648
N(3h+12f, 18, [0,1,0,0,0,0,0,0,0,0,0,0], [3,1,0,0,1,0,0,0,0,0,0,0]) = 2244738700
N(3h+12f, 18, [0,1,0,0,0,0,0,0,0,0,0,0], [3,0,1,1,0,0,0,0,0,0,0,0]) = 2687600256
N(3h+12f, 18, [0,1,0,0,0,0,0,0,0,0,0,0], [3,0,0,0,0,0,1,0,0,0,0,0]) = 330293054
N(3h+12f, 18, [0,1,0,0,0,0,0,0,0,0,0,0], [2,4,0,0,0,0,0,0,0,0,0,0]) = 2387752272
N(3h+12f, 18, [0,1,0,0,0,0,0,0,0,0,0,0], [2,2,0,1,0,0,0,0,0,0,0,0]) = 4869998592
N(3h+12f, 18, [0,1,0,0,0,0,0,0,0,0,0,0], [2,1,2,0,0,0,0,0,0,0,0,0]) = 5465945070
N(3h+12f, 18, [0,1,0,0,0,0,0,0,0,0,0,0], [2,1,0,0,0,1,0,0,0,0,0,0]) = 1509691428
N(3h+12f, 18, [0,1,0,0,0,0,0,0,0,0,0,0], [2,0,1,0,1,0,0,0,0,0,0,0]) = 1881929070
N(3h+12f, 18, [0,1,0,0,0,0,0,0,0,0,0,0], [2,0,0,2,0,0,0,0,0,0,0,0]) = 1003654032
N(3h+12f, 18, [0,1,0,0,0,0,0,0,0,0,0,0], [2,0,0,0,0,0,0,1,0,0,0,0]) = 265819352
N(3h+12f, 18, [0,1,0,0,0,0,0,0,0,0,0,0], [1,3,1,0,0,0,0,0,0,0,0,0]) = 4394064576
N(3h+12f, 18, [0,1,0,0,0,0,0,0,0,0,0,0], [1,2,0,0,1,0,0,0,0,0,0,0]) = 2231843760
N(3h+12f, 18, [0,1,0,0,0,0,0,0,0,0,0,0], [1,1,1,1,0,0,0,0,0,0,0,0]) = 5340878784
N(3h+12f, 18, [0,1,0,0,0,0,0,0,0,0,0,0], [1,1,0,0,0,0,1,0,0,0,0,0]) = 801884440
N(3h+12f, 18, [0,1,0,0,0,0,0,0,0,0,0,0], [1,0,3,0,0,0,0,0,0,0,0,0]) = 998546508
N(3h+12f, 18, [0,1,0,0,0,0,0,0,0,0,0,0], [1,0,1,0,0,1,0,0,0,0,0,0]) = 1027293012
N(3h+12f, 18, [0,1,0,0,0,0,0,0,0,0,0,0], [1,0,0,1,1,0,0,0,0,0,0,0]) = 1141373360
N(3h+12f, 18, [0,1,0,0,0,0,0,0,0,0,0,0], [1,0,0,0,0,0,0,0,1,0,0,0]) = 180814914
N(3h+12f, 18, [0,1,0,0,0,0,0,0,0,0,0,0], [0,5,0,0,0,0,0,0,0,0,0,0]) = 264472640
N(3h+12f, 18, [0,1,0,0,0,0,0,0,0,0,0,0], [0,3,0,1,0,0,0,0,0,0,0,0]) = 1053680704
N(3h+12f, 18, [0,1,0,0,0,0,0,0,0,0,0,0], [0,2,2,0,0,0,0,0,0,0,0,0]) = 1772720316
N(3h+12f, 18, [0,1,0,0,0,0,0,0,0,0,0,0], [0,2,0,0,0,1,0,0,0,0,0,0]) = 591732888
N(3h+12f, 18, [0,1,0,0,0,0,0,0,0,0,0,0], [0,1,1,0,1,0,0,0,0,0,0,0]) = 1473699120
N(3h+12f, 18, [0,1,0,0,0,0,0,0,0,0,0,0], [0,1,0,2,0,0,0,0,0,0,0,0]) = 785924704
N(3h+12f, 18, [0,1,0,0,0,0,0,0,0,0,0,0], [0,1,0,0,0,0,0,1,0,0,0,0]) = 262367920
N(3h+12f, 18, [0,1,0,0,0,0,0,0,0,0,0,0], [0,0,2,1,0,0,0,0,0,0,0,0]) = 880842420
N(3h+12f, 18, [0,1,0,0,0,0,0,0,0,0,0,0], [0,0,1,0,0,0,1,0,0,0,0,0]) = 342536418
N(3h+12f, 18, [0,1,0,0,0,0,0,0,0,0,0,0], [0,0,0,1,0,1,0,0,0,0,0,0]) = 391436664
N(3h+12f, 18, [0,1,0,0,0,0,0,0,0,0,0,0], [0,0,0,0,2,0,0,0,0,0,0,0]) = 203873125
N(3h+12f, 18, [0,1,0,0,0,0,0,0,0,0,0,0], [0,0,0,0,0,0,0,0,0,1,0,0]) = 81549250
N(3h+12f, 18, [1,0,0,0,0,0,0,0,0,0,0,0], [11,0,0,0,0,0,0,0,0,0,0,0]) = 16796258
N(3h+12f, 18, [1,0,0,0,0,0,0,0,0,0,0,0], [9,1,0,0,0,0,0,0,0,0,0,0]) = 307474164
N(3h+12f, 18, [1,0,0,0,0,0,0,0,0,0,0,0], [8,0,1,0,0,0,0,0,0,0,0,0]) = 401083965
N(3h+12f, 18, [1,0,0,0,0,0,0,0,0,0,0,0], [7,2,0,0,0,0,0,0,0,0,0,0]) = 2007388284
N(3h+12f, 18, [1,0,0,0,0,0,0,0,0,0,0,0], [7,0,0,1,0,0,0,0,0,0,0,0]) = 459320060
N(3h+12f, 18, [1,0,0,0,0,0,0,0,0,0,0,0], [6,1,1,0,0,0,0,0,0,0,0,0]) = 4496088594
N(3h+12f, 18, [1,0,0,0,0,0,0,0,0,0,0,0], [6,0,0,0,1,0,0,0,0,0,0,0]) = 484621130
N(3h+12f, 18, [1,0,0,0,0,0,0,0,0,0,0,0], [5,3,0,0,0,0,0,0,0,0,0,0]) = 5590693568
N(3h+12f, 18, [1,0,0,0,0,0,0,0,0,0,0,0], [5,1,0,1,0,0,0,0,0,0,0,0]) = 4308106832
N(3h+12f, 18, [1,0,0,0,0,0,0,0,0,0,0,0], [5,0,2,0,0,0,0,0,0,0,0,0]) = 2419268409
N(3h+12f, 18, [1,0,0,0,0,0,0,0,0,0,0,0], [5,0,0,0,0,1,0,0,0,0,0,0]) = 479670090
N(3h+12f, 18, [1,0,0,0,0,0,0,0,0,0,0,0], [4,2,1,0,0,0,0,0,0,0,0,0]) = 14939882820
N(3h+12f, 18, [1,0,0,0,0,0,0,0,0,0,0,0], [4,1,0,0,1,0,0,0,0,0,0,0]) = 3668618690
N(3h+12f, 18, [1,0,0,0,0,0,0,0,0,0,0,0], [4,0,1,1,0,0,0,0,0,0,0,0]) = 4393926888
N(3h+12f, 18, [1,0,0,0,0,0,0,0,0,0,0,0], [4,0,0,0,0,0,1,0,0,0,0,0]) = 447042267
N(3h+12f, 18, [1,0,0,0,0,0,0,0,0,0,0,0], [3,4,0,0,0,0,0,0,0,0,0,0]) = 6142787760
N(3h+12f, 18, [1,0,0,0,0,0,0,0,0,0,0,0], [3,2,0,1,0,0,0,0,0,0,0,0]) = 10757323984
N(3h+12f, 18, [1,0,0,0,0,0,0,0,0,0,0,0], [3,1,2,0,0,0,0,0,0,0,0,0]) = 12078182592
N(3h+12f, 18, [1,0,0,0,0,0,0,0,0,0,0,0], [3,1,0,0,0,1,0,0,0,0,0,0]) = 2778541464
N(3h+12f, 18, [1,0,0,0,0,0,0,0,0,0,0,0], [3,0,1,0,1,0,0,0,0,0,0,0]) = 3465454590
N(3h+12f, 18, [1,0,0,0,0,0,0,0,0,0,0,0], [3,0,0,2,0,0,0,0,0,0,0,0]) = 1848181856
N(3h+12f, 18, [1,0,0,0,0,0,0,0,0,0,0,0], [3,0,0,0,0,0,0,1,0,0,0,0]) = 389200768
N(3h+12f, 18, [1,0,0,0,0,0,0,0,0,0,0,0], [2,3,1,0,0,0,0,0,0,0,0,0]) = 14762165112
N(3h+12f, 18, [1,0,0,0,0,0,0,0,0,0,0,0], [2,2,0,0,1,0,0,0,0,0,0,0]) = 6284758020
N(3h+12f, 18, [1,0,0,0,0,0,0,0,0,0,0,0], [2,1,1,1,0,0,0,0,0,0,0,0]) = 15048216288
N(3h+12f, 18, [1,0,0,0,0,0,0,0,0,0,0,0], [2,1,0,0,0,0,1,0,0,0,0,0]) = 1817866232
N(3h+12f, 18, [1,0,0,0,0,0,0,0,0,0,0,0], [2,0,3,0,0,0,0,0,0,0,0,0]) = 2815042248
N(3h+12f, 18, [1,0,0,0,0,0,0,0,0,0,0,0], [2,0,1,0,0,1,0,0,0,0,0,0]) = 2330940258
N(3h+12f, 18, [1,0,0,0,0,0,0,0,0,0,0,0], [2,0,0,1,1,0,0,0,0,0,0,0]) = 2589828380
N(3h+12f, 18, [1,0,0,0,0,0,0,0,0,0,0,0], [2,0,0,0,0,0,0,0,1,0,0,0]) = 308503602
N(3h+12f, 18, [1,0,0,0,0,0,0,0,0,0,0,0], [1,5,0,0,0,0,0,0,0,0,0,0]) = 1801544832
N(3h+12f, 18, [1,0,0,0,0,0,0,0,0,0,0,0], [1,3,0,1,0,0,0,0,0,0,0,0]) = 6053876864
N(3h+12f, 18, [1,0,0,0,0,0,0,0,0,0,0,0], [1,2,2,0,0,0,0,0,0,0,0,0]) = 10191259836
N(3h+12f, 18, [1,0,0,0,0,0,0,0,0,0,0,0], [1,2,0,0,0,1,0,0,0,0,0,0]) = 2767155120
N(3h+12f, 18, [1,0,0,0,0,0,0,0,0,0,0,0], [1,1,1,0,1,0,0,0,0,0,0,0]) = 6898148460
N(3h+12f, 18, [1,0,0,0,0,0,0,0,0,0,0,0], [1,1,0,2,0,0,0,0,0,0,0,0]) = 3678850368
N(3h+12f, 18, [1,0,0,0,0,0,0,0,0,0,0,0], [1,1,0,0,0,0,0,1,0,0,0,0]) = 946668320
N(3h+12f, 18, [1,0,0,0,0,0,0,0,0,0,0,0], [1,0,2,1,0,0,0,0,0,0,0,0]) = 4127052492
N(3h+12f, 18, [1,0,0,0,0,0,0,0,0,0,0,0], [1,0,1,0,0,0,1,0,0,0,0,0]) = 1238117496
N(3h+12f, 18, [1,0,0,0,0,0,0,0,0,0,0,0], [1,0,0,1,0,1,0,0,0,0,0,0]) = 1414914864
N(3h+12f, 18, [1,0,0,0,0,0,0,0,0,0,0,0], [1,0,0,0,2,0,0,0,0,0,0,0]) = 736934525
N(3h+12f, 18, [1,0,0,0,0,0,0,0,0,0,0,0], [1,0,0,0,0,0,0,0,0,1,0,0]) = 207447560
N(3h+12f, 18, [1,0,0,0,0,0,0,0,0,0,0,0], [0,4,1,0,0,0,0,0,0,0,0,0]) = 2046260256
N(3h+12f, 18, [1,0,0,0,0,0,0,0,0,0,0,0], [0,3,0,0,1,0,0,0,0,0,0,0]) = 1362342800
N(3h+12f, 18, [1,0,0,0,0,0,0,0,0,0,0,0], [0,2,1,1,0,0,0,0,0,0,0,0]) = 4889655360
N(3h+12f, 18, [1,0,0,0,0,0,0,0,0,0,0,0], [0,2,0,0,0,0,1,0,0,0,0,0]) = 714088984
N(3h+12f, 18, [1,0,0,0,0,0,0,0,0,0,0,0], [0,1,3,0,0,0,0,0,0,0,0,0]) = 1828169946
N(3h+12f, 18, [1,0,0,0,0,0,0,0,0,0,0,0], [0,1,1,0,0,1,0,0,0,0,0,0]) = 1829359800
N(3h+12f, 18, [1,0,0,0,0,0,0,0,0,0,0,0], [0,1,0,1,1,0,0,0,0,0,0,0]) = 2032499680
N(3h+12f, 18, [1,0,0,0,0,0,0,0,0,0,0,0], [0,1,0,0,0,0,0,0,1,0,0,0]) = 305324244
N(3h+12f, 18, [1,0,0,0,0,0,0,0,0,0,0,0], [0,0,2,0,1,0,0,0,0,0,0,0]) = 1139059710
N(3h+12f, 18, [1,0,0,0,0,0,0,0,0,0,0,0], [0,0,1,2,0,0,0,0,0,0,0,0]) = 1214924208
N(3h+12f, 18, [1,0,0,0,0,0,0,0,0,0,0,0], [0,0,1,0,0,0,0,1,0,0,0,0]) = 404983752
N(3h+12f, 18, [1,0,0,0,0,0,0,0,0,0,0,0], [0,0,0,1,0,0,1,0,0,0,0,0]) = 472441620
N(3h+12f, 18, [1,0,0,0,0,0,0,0,0,0,0,0], [0,0,0,0,1,1,0,0,0,0,0,0]) = 506187120
N(3h+12f, 18, [1,0,0,0,0,0,0,0,0,0,0,0], [0,0,0,0,0,0,0,0,0,0,1,0]) = 92800972
N(3h+12f, 18, [0,0,0,0,0,0,0,0,0,0,0,0], [12,0,0,0,0,0,0,0,0,0,0,0]) = 16796258
N(3h+12f, 18, [0,0,0,0,0,0,0,0,0,0,0,0], [10,1,0,0,0,0,0,0,0,0,0,0]) = 339206956
N(3h+12f, 18, [0,0,0,0,0,0,0,0,0,0,0,0], [9,0,1,0,0,0,0,0,0,0,0,0]) = 447289620
N(3h+12f, 18, [0,0,0,0,0,0,0,0,0,0,0,0], [8,2,0,0,0,0,0,0,0,0,0,0]) = 2527597092
N(3h+12f, 18, [0,0,0,0,0,0,0,0,0,0,0,0], [8,0,0,1,0,0,0,0,0,0,0,0]) = 519146692
N(3h+12f, 18, [0,0,0,0,0,0,0,0,0,0,0,0], [7,1,1,0,0,0,0,0,0,0,0,0]) = 5834912796
N(3h+12f, 18, [0,0,0,0,0,0,0,0,0,0,0,0], [7,0,0,0,1,0,0,0,0,0,0,0]) = 557227170
N(3h+12f, 18, [0,0,0,0,0,0,0,0,0,0,0,0], [6,3,0,0,0,0,0,0,0,0,0,0]) = 8504531640
N(3h+12f, 18, [0,0,0,0,0,0,0,0,0,0,0,0], [6,1,0,1,0,0,0,0,0,0,0,0]) = 5814519880
N(3h+12f, 18, [0,0,0,0,0,0,0,0,0,0,0,0], [6,0,2,0,0,0,0,0,0,0,0,0]) = 3265659648
N(3h+12f, 18, [0,0,0,0,0,0,0,0,0,0,0,0], [6,0,0,0,0,1,0,0,0,0,0,0]) = 564241650
N(3h+12f, 18, [0,0,0,0,0,0,0,0,0,0,0,0], [5,2,1,0,0,0,0,0,0,0,0,0]) = 24348555072
N(3h+12f, 18, [0,0,0,0,0,0,0,0,0,0,0,0], [5,1,0,0,1,0,0,0,0,0,0,0]) = 5221452600
N(3h+12f, 18, [0,0,0,0,0,0,0,0,0,0,0,0], [5,0,1,1,0,0,0,0,0,0,0,0]) = 6254966520
N(3h+12f, 18, [0,0,0,0,0,0,0,0,0,0,0,0], [5,0,0,0,0,0,1,0,0,0,0,0]) = 542792992
N(3h+12f, 18, [0,0,0,0,0,0,0,0,0,0,0,0], [4,4,0,0,0,0,0,0,0,0,0,0]) = 12592737440
N(3h+12f, 18, [0,0,0,0,0,0,0,0,0,0,0,0], [4,2,0,1,0,0,0,0,0,0,0,0]) = 19300634160
N(3h+12f, 18, [0,0,0,0,0,0,0,0,0,0,0,0], [4,1,2,0,0,0,0,0,0,0,0,0]) = 21674917170
N(3h+12f, 18, [0,0,0,0,0,0,0,0,0,0,0,0], [4,1,0,0,0,1,0,0,0,0,0,0]) = 4266801708
N(3h+12f, 18, [0,0,0,0,0,0,0,0,0,0,0,0], [4,0,1,0,1,0,0,0,0,0,0,0]) = 5323136160
N(3h+12f, 18, [0,0,0,0,0,0,0,0,0,0,0,0], [4,0,0,2,0,0,0,0,0,0,0,0]) = 2838924752
N(3h+12f, 18, [0,0,0,0,0,0,0,0,0,0,0,0], [4,0,0,0,0,0,0,1,0,0,0,0]) = 495371296
N(3h+12f, 18, [0,0,0,0,0,0,0,0,0,0,0,0], [3,3,1,0,0,0,0,0,0,0,0,0]) = 35621186400
N(3h+12f, 18, [0,0,0,0,0,0,0,0,0,0,0,0], [3,2,0,0,1,0,0,0,0,0,0,0]) = 13022461880
N(3h+12f, 18, [0,0,0,0,0,0,0,0,0,0,0,0], [3,1,1,1,0,0,0,0,0,0,0,0]) = 31190431152
N(3h+12f, 18, [0,0,0,0,0,0,0,0,0,0,0,0], [3,1,0,0,0,0,1,0,0,0,0,0]) = 3140307128
N(3h+12f, 18, [0,0,0,0,0,0,0,0,0,0,0,0], [3,0,3,0,0,0,0,0,0,0,0,0]) = 5836486536
N(3h+12f, 18, [0,0,0,0,0,0,0,0,0,0,0,0], [3,0,1,0,0,1,0,0,0,0,0,0]) = 4028408460
N(3h+12f, 18, [0,0,0,0,0,0,0,0,0,0,0,0], [3,0,0,1,1,0,0,0,0,0,0,0]) = 4475857920
N(3h+12f, 18, [0,0,0,0,0,0,0,0,0,0,0,0], [3,0,0,0,0,0,0,0,1,0,0,0]) = 424356570
N(3h+12f, 18, [0,0,0,0,0,0,0,0,0,0,0,0], [2,5,0,0,0,0,0,0,0,0,0,0]) = 6577049376
N(3h+12f, 18, [0,0,0,0,0,0,0,0,0,0,0,0], [2,3,0,1,0,0,0,0,0,0,0,0]) = 19045826336
N(3h+12f, 18, [0,0,0,0,0,0,0,0,0,0,0,0], [2,2,2,0,0,0,0,0,0,0,0,0]) = 32072611932
N(3h+12f, 18, [0,0,0,0,0,0,0,0,0,0,0,0], [2,2,0,0,0,1,0,0,0,0,0,0]) = 7299282024
N(3h+12f, 18, [0,0,0,0,0,0,0,0,0,0,0,0], [2,1,1,0,1,0,0,0,0,0,0,0]) = 18204867000
N(3h+12f, 18, [0,0,0,0,0,0,0,0,0,0,0,0], [2,1,0,2,0,0,0,0,0,0,0,0]) = 9708910272
N(3h+12f, 18, [0,0,0,0,0,0,0,0,0,0,0,0], [2,1,0,0,0,0,0,1,0,0,0,0]) = 2011375104
N(3h+12f, 18, [0,0,0,0,0,0,0,0,0,0,0,0], [2,0,2,1,0,0,0,0,0,0,0,0]) = 10896930216
N(3h+12f, 18, [0,0,0,0,0,0,0,0,0,0,0,0], [2,0,1,0,0,0,1,0,0,0,0,0]) = 2632671342
N(3h+12f, 18, [0,0,0,0,0,0,0,0,0,0,0,0], [2,0,0,1,0,1,0,0,0,0,0,0]) = 3008641896
N(3h+12f, 18, [0,0,0,0,0,0,0,0,0,0,0,0], [2,0,0,0,2,0,0,0,0,0,0,0]) = 1567000500
N(3h+12f, 18, [0,0,0,0,0,0,0,0,0,0,0,0], [2,0,0,0,0,0,0,0,0,1,0,0]) = 332026390
N(3h+12f, 18, [0,0,0,0,0,0,0,0,0,0,0,0], [1,4,1,0,0,0,0,0,0,0,0,0]) = 13035116160
N(3h+12f, 18, [0,0,0,0,0,0,0,0,0,0,0,0], [1,3,0,0,1,0,0,0,0,0,0,0]) = 7317094320
N(3h+12f, 18, [0,0,0,0,0,0,0,0,0,0,0,0], [1,2,1,1,0,0,0,0,0,0,0,0]) = 26275795200
N(3h+12f, 18, [0,0,0,0,0,0,0,0,0,0,0,0], [1,2,0,0,0,0,1,0,0,0,0,0]) = 3122018424
N(3h+12f, 18, [0,0,0,0,0,0,0,0,0,0,0,0], [1,1,3,0,0,0,0,0,0,0,0,0]) = 9829165212
N(3h+12f, 18, [0,0,0,0,0,0,0,0,0,0,0,0], [1,1,1,0,0,1,0,0,0,0,0,0]) = 8004728016
N(3h+12f, 18, [0,0,0,0,0,0,0,0,0,0,0,0], [1,1,0,1,1,0,0,0,0,0,0,0]) = 8893736880
N(3h+12f, 18, [0,0,0,0,0,0,0,0,0,0,0,0], [1,1,0,0,0,0,0,0,1,0,0,0]) = 1030160088
N(3h+12f, 18, [0,0,0,0,0,0,0,0,0,0,0,0], [1,0,2,0,1,0,0,0,0,0,0,0]) = 4988387430
N(3h+12f, 18, [0,0,0,0,0,0,0,0,0,0,0,0], [1,0,1,2,0,0,0,0,0,0,0,0]) = 5320705248
N(3h+12f, 18, [0,0,0,0,0,0,0,0,0,0,0,0], [1,0,1,0,0,0,0,1,0,0,0,0]) = 1368612336
N(3h+12f, 18, [0,0,0,0,0,0,0,0,0,0,0,0], [1,0,0,1,0,0,1,0,0,0,0,0]) = 1596625744
N(3h+12f, 18, [0,0,0,0,0,0,0,0,0,0,0,0], [1,0,0,0,1,1,0,0,0,0,0,0]) = 1710669720
N(3h+12f, 18, [0,0,0,0,0,0,0,0,0,0,0,0], [1,0,0,0,0,0,0,0,0,0,1,0]) = 220821810
N(3h+12f, 18, [0,0,0,0,0,0,0,0,0,0,0,0], [0,6,0,0,0,0,0,0,0,0,0,0]) = 528945280
N(3h+12f, 18, [0,0,0,0,0,0,0,0,0,0,0,0], [0,4,0,1,0,0,0,0,0,0,0,0]) = 2635383168
N(3h+12f, 18, [0,0,0,0,0,0,0,0,0,0,0,0], [0,3,2,0,0,0,0,0,0,0,0,0]) = 5914297944
N(3h+12f, 18, [0,0,0,0,0,0,0,0,0,0,0,0], [0,3,0,0,0,1,0,0,0,0,0,0]) = 1579135776
N(3h+12f, 18, [0,0,0,0,0,0,0,0,0,0,0,0], [0,2,1,0,1,0,0,0,0,0,0,0]) = 5903580600
N(3h+12f, 18, [0,0,0,0,0,0,0,0,0,0,0,0], [0,2,0,2,0,0,0,0,0,0,0,0]) = 3148420416
N(3h+12f, 18, [0,0,0,0,0,0,0,0,0,0,0,0], [0,2,0,0,0,0,0,1,0,0,0,0]) = 788285024
N(3h+12f, 18, [0,0,0,0,0,0,0,0,0,0,0,0], [0,1,2,1,0,0,0,0,0,0,0,0]) = 7062496488
N(3h+12f, 18, [0,0,0,0,0,0,0,0,0,0,0,0], [0,1,1,0,0,0,1,0,0,0,0,0]) = 2061362856
N(3h+12f, 18, [0,0,0,0,0,0,0,0,0,0,0,0], [0,1,0,1,0,1,0,0,0,0,0,0]) = 2355697632
N(3h+12f, 18, [0,0,0,0,0,0,0,0,0,0,0,0], [0,1,0,0,2,0,0,0,0,0,0,0]) = 1226925250
N(3h+12f, 18, [0,0,0,0,0,0,0,0,0,0,0,0], [0,1,0,0,0,0,0,0,0,1,0,0]) = 327671600
N(3h+12f, 18, [0,0,0,0,0,0,0,0,0,0,0,0], [0,0,4,0,0,0,0,0,0,0,0,0]) = 660099213
N(3h+12f, 18, [0,0,0,0,0,0,0,0,0,0,0,0], [0,0,2,0,0,1,0,0,0,0,0,0]) = 1320096258
N(3h+12f, 18, [0,0,0,0,0,0,0,0,0,0,0,0], [0,0,1,1,1,0,0,0,0,0,0,0]) = 2933365200
N(3h+12f, 18, [0,0,0,0,0,0,0,0,0,0,0,0], [0,0,1,0,0,0,0,0,1,0,0,0]) = 440015058
N(3h+12f, 18, [0,0,0,0,0,0,0,0,0,0,0,0], [0,0,0,3,0,0,0,0,0,0,0,0]) = 521455040
N(3h+12f, 18, [0,0,0,0,0,0,0,0,0,0,0,0], [0,0,0,1,0,0,0,1,0,0,0,0]) = 521454624
N(3h+12f, 18, [0,0,0,0,0,0,0,0,0,0,0,0], [0,0,0,0,1,0,1,0,0,0,0,0]) = 570340610
N(3h+12f, 18, [0,0,0,0,0,0,0,0,0,0,0,0], [0,0,0,0,0,2,0,0,0,0,0,0]) = 293318028
N(3h+12f, 18, [0,0,0,0,0,0,0,0,0,0,0,0], [0,0,0,0,0,0,0,0,0,0,0,1]) = 97772676
