N(3h+4f, 2, [4,0,0,0], [0,0,0,0]) = 24136
N(3h+4f, 2, [2,1,0,0], [0,0,0,0]) = 17752
N(3h+4f, 2, [1,0,1,0], [0,0,0,0]) = 14638
N(3h+4f, 2, [0,2,0,0], [0,0,0,0]) = 12736
N(3h+4f, 2, [0,0,0,1], [0,0,0,0]) = 12156
N(3h+4f, 2, [3,0,0,0], [1,0,0,0]) = 35499
N(3h+4f, 2, [1,1,0,0], [1,0,0,0]) = 27103
N(3h+4f, 2, [0,0,1,0], [1,0,0,0]) = 22989
N(3h+4f, 2, [2,0,0,0], [2,0,0,0]) = 37476
N(3h+4f, 2, [2,0,0,0], [0,1,0,0]) = 37142
N(3h+4f, 2, [0,1,0,0], [2,0,0,0]) = 28912
N(3h+4f, 2, [0,1,0,0], [0,1,0,0]) = 26918
N(3h+4f, 2, [1,0,0,0], [3,0,0,0]) = 37589
N(3h+4f, 2, [1,0,0,0], [1,1,0,0]) = 91648
N(3h+4f, 2, [1,0,0,0], [0,0,1,0]) = 44055
N(3h+4f, 2, [0,0,0,0], [4,0,0,0]) = 37590
N(3h+4f, 2, [0,0,0,0], [2,1,0,0]) = 149478
N(3h+4f, 2, [0,0,0,0], [1,0,1,0]) = 113028
N(3h+4f, 2, [0,0,0,0], [0,2,0,0]) = 53840
N(3h+4f, 2, [0,0,0,0], [0,0,0,1]) = 48628
