N(3h+4f, 5, [4,0,0,0], [0,0,0,0]) = 44
N(3h+4f, 5, [2,1,0,0], [0,0,0,0]) = 42
N(3h+4f, 5, [1,0,1,0], [0,0,0,0]) = 41
N(3h+4f, 5, [0,2,0,0], [0,0,0,0]) = 40
N(3h+4f, 5, [0,0,0,1], [0,0,0,0]) = 40
N(3h+4f, 5, [3,0,0,0], [1,0,0,0]) = 48
N(3h+4f, 5, [1,1,0,0], [1,0,0,0]) = 46
N(3h+4f, 5, [0,0,1,0], [1,0,0,0]) = 45
N(3h+4f, 5, [2,0,0,0], [2,0,0,0]) = 48
N(3h+4f, 5, [2,0,0,0], [0,1,0,0]) = 84
N(3h+4f, 5, [0,1,0,0], [2,0,0,0]) = 46
N(3h+4f, 5, [0,1,0,0], [0,1,0,0]) = 80
N(3h+4f, 5, [1,0,0,0], [3,0,0,0]) = 48
N(3h+4f, 5, [1,0,0,0], [1,1,0,0]) = 176
N(3h+4f, 5, [1,0,0,0], [0,0,1,0]) = 123
N(3h+4f, 5, [0,0,0,0], [4,0,0,0]) = 48
N(3h+4f, 5, [0,0,0,0], [2,1,0,0]) = 268
N(3h+4f, 5, [0,0,0,0], [1,0,1,0]) = 258
N(3h+4f, 5, [0,0,0,0], [0,2,0,0]) = 160
N(3h+4f, 5, [0,0,0,0], [0,0,0,1]) = 160
