N(3h+4f, -4, [4,0,0,0], [0,0,0,0]) = 260
N(3h+4f, -4, [2,1,0,0], [0,0,0,0]) = 10
N(3h+4f, -4, [1,0,1,0], [0,0,0,0]) = 0
N(3h+4f, -4, [0,2,0,0], [0,0,0,0]) = 0
N(3h+4f, -4, [0,0,0,1], [0,0,0,0]) = 0
N(3h+4f, -4, [3,0,0,0], [1,0,0,0]) = 1041
N(3h+4f, -4, [1,1,0,0], [1,0,0,0]) = 60
N(3h+4f, -4, [0,0,1,0], [1,0,0,0]) = 0
N(3h+4f, -4, [2,0,0,0], [2,0,0,0]) = 2233
N(3h+4f, -4, [2,0,0,0], [0,1,0,0]) = 30
N(3h+4f, -4, [0,1,0,0], [2,0,0,0]) = 210
N(3h+4f, -4, [0,1,0,0], [0,1,0,0]) = 0
N(3h+4f, -4, [1,0,0,0], [3,0,0,0]) = 3276
N(3h+4f, -4, [1,0,0,0], [1,1,0,0]) = 210
N(3h+4f, -4, [1,0,0,0], [0,0,1,0]) = 0
N(3h+4f, -4, [0,0,0,0], [4,0,0,0]) = 3780
N(3h+4f, -4, [0,0,0,0], [2,1,0,0]) = 840
N(3h+4f, -4, [0,0,0,0], [1,0,1,0]) = 0
N(3h+4f, -4, [0,0,0,0], [0,2,0,0]) = 0
N(3h+4f, -4, [0,0,0,0], [0,0,0,1]) = 0
