N(3h+4f, -3, [4,0,0,0], [0,0,0,0]) = 1684
N(3h+4f, -3, [2,1,0,0], [0,0,0,0]) = 198
N(3h+4f, -3, [1,0,1,0], [0,0,0,0]) = 15
N(3h+4f, -3, [0,2,0,0], [0,0,0,0]) = 0
N(3h+4f, -3, [0,0,0,1], [0,0,0,0]) = 0
N(3h+4f, -3, [3,0,0,0], [1,0,0,0]) = 6070
N(3h+4f, -3, [1,1,0,0], [1,0,0,0]) = 1022
N(3h+4f, -3, [0,0,1,0], [1,0,0,0]) = 105
N(3h+4f, -3, [2,0,0,0], [2,0,0,0]) = 11136
N(3h+4f, -3, [2,0,0,0], [0,1,0,0]) = 616
N(3h+4f, -3, [0,1,0,0], [2,0,0,0]) = 2632
N(3h+4f, -3, [0,1,0,0], [0,1,0,0]) = 0
N(3h+4f, -3, [1,0,0,0], [3,0,0,0]) = 14152
N(3h+4f, -3, [1,0,0,0], [1,1,0,0]) = 3584
N(3h+4f, -3, [1,0,0,0], [0,0,1,0]) = 63
N(3h+4f, -3, [0,0,0,0], [4,0,0,0]) = 15160
N(3h+4f, -3, [0,0,0,0], [2,1,0,0]) = 10080
N(3h+4f, -3, [0,0,0,0], [1,0,1,0]) = 504
N(3h+4f, -3, [0,0,0,0], [0,2,0,0]) = 0
N(3h+4f, -3, [0,0,0,0], [0,0,0,1]) = 0
