N(3h+4f, -2, [4,0,0,0], [0,0,0,0]) = 7467
N(3h+4f, -2, [2,1,0,0], [0,0,0,0]) = 1728
N(3h+4f, -2, [1,0,1,0], [0,0,0,0]) = 399
N(3h+4f, -2, [0,2,0,0], [0,0,0,0]) = 161
N(3h+4f, -2, [0,0,0,1], [0,0,0,0]) = 21
N(3h+4f, -2, [3,0,0,0], [1,0,0,0]) = 23060
N(3h+4f, -2, [1,1,0,0], [1,0,0,0]) = 7180
N(3h+4f, -2, [0,0,1,0], [1,0,0,0]) = 2492
N(3h+4f, -2, [2,0,0,0], [2,0,0,0]) = 35775
N(3h+4f, -2, [2,0,0,0], [0,1,0,0]) = 5048
N(3h+4f, -2, [0,1,0,0], [2,0,0,0]) = 13368
N(3h+4f, -2, [0,1,0,0], [0,1,0,0]) = 616
N(3h+4f, -2, [1,0,0,0], [3,0,0,0]) = 41067
N(3h+4f, -2, [1,0,0,0], [1,1,0,0]) = 23340
N(3h+4f, -2, [1,0,0,0], [0,0,1,0]) = 1524
N(3h+4f, -2, [0,0,0,0], [4,0,0,0]) = 42328
N(3h+4f, -2, [0,0,0,0], [2,1,0,0]) = 52950
N(3h+4f, -2, [0,0,0,0], [1,0,1,0]) = 10152
N(3h+4f, -2, [0,0,0,0], [0,2,0,0]) = 1404
N(3h+4f, -2, [0,0,0,0], [0,0,0,1]) = 112
