N(3h+4f, 3, [4,0,0,0], [0,0,0,0]) = 5866
N(3h+4f, 3, [2,1,0,0], [0,0,0,0]) = 4828
N(3h+4f, 3, [1,0,1,0], [0,0,0,0]) = 4312
N(3h+4f, 3, [0,2,0,0], [0,0,0,0]) = 3918
N(3h+4f, 3, [0,0,0,1], [0,0,0,0]) = 3858
N(3h+4f, 3, [3,0,0,0], [1,0,0,0]) = 7766
N(3h+4f, 3, [1,1,0,0], [1,0,0,0]) = 6540
N(3h+4f, 3, [0,0,1,0], [1,0,0,0]) = 5930
N(3h+4f, 3, [2,0,0,0], [2,0,0,0]) = 7952
N(3h+4f, 3, [2,0,0,0], [0,1,0,0]) = 9828
N(3h+4f, 3, [0,1,0,0], [2,0,0,0]) = 6720
N(3h+4f, 3, [0,1,0,0], [0,1,0,0]) = 8000
N(3h+4f, 3, [1,0,0,0], [3,0,0,0]) = 7956
N(3h+4f, 3, [1,0,0,0], [1,1,0,0]) = 22920
N(3h+4f, 3, [1,0,0,0], [0,0,1,0]) = 12942
N(3h+4f, 3, [0,0,0,0], [4,0,0,0]) = 7956
N(3h+4f, 3, [0,0,0,0], [2,1,0,0]) = 36360
N(3h+4f, 3, [0,0,0,0], [1,0,1,0]) = 30732
N(3h+4f, 3, [0,0,0,0], [0,2,0,0]) = 16000
N(3h+4f, 3, [0,0,0,0], [0,0,0,1]) = 15432
