N(4h+12f, 31, [12,0,0,0,0,0,0,0,0,0,0,0], [0,0,0,0,0,0,0,0,0,0,0,0]) = 22015
N(4h+12f, 31, [10,1,0,0,0,0,0,0,0,0,0,0], [0,0,0,0,0,0,0,0,0,0,0,0]) = 21595
N(4h+12f, 31, [9,0,1,0,0,0,0,0,0,0,0,0], [0,0,0,0,0,0,0,0,0,0,0,0]) = 21385
N(4h+12f, 31, [8,2,0,0,0,0,0,0,0,0,0,0], [0,0,0,0,0,0,0,0,0,0,0,0]) = 21179
N(4h+12f, 31, [8,0,0,1,0,0,0,0,0,0,0,0], [0,0,0,0,0,0,0,0,0,0,0,0]) = 21177
N(4h+12f, 31, [7,1,1,0,0,0,0,0,0,0,0,0], [0,0,0,0,0,0,0,0,0,0,0,0]) = 20971
N(4h+12f, 31, [7,0,0,0,1,0,0,0,0,0,0,0], [0,0,0,0,0,0,0,0,0,0,0,0]) = 20970
N(4h+12f, 31, [6,3,0,0,0,0,0,0,0,0,0,0], [0,0,0,0,0,0,0,0,0,0,0,0]) = 20767
N(4h+12f, 31, [6,1,0,1,0,0,0,0,0,0,0,0], [0,0,0,0,0,0,0,0,0,0,0,0]) = 20765
N(4h+12f, 31, [6,0,2,0,0,0,0,0,0,0,0,0], [0,0,0,0,0,0,0,0,0,0,0,0]) = 20764
N(4h+12f, 31, [6,0,0,0,0,1,0,0,0,0,0,0], [0,0,0,0,0,0,0,0,0,0,0,0]) = 20764
N(4h+12f, 31, [5,2,1,0,0,0,0,0,0,0,0,0], [0,0,0,0,0,0,0,0,0,0,0,0]) = 20561
N(4h+12f, 31, [5,1,0,0,1,0,0,0,0,0,0,0], [0,0,0,0,0,0,0,0,0,0,0,0]) = 20560
N(4h+12f, 31, [5,0,1,1,0,0,0,0,0,0,0,0], [0,0,0,0,0,0,0,0,0,0,0,0]) = 20559
N(4h+12f, 31, [5,0,0,0,0,0,1,0,0,0,0,0], [0,0,0,0,0,0,0,0,0,0,0,0]) = 20559
N(4h+12f, 31, [4,4,0,0,0,0,0,0,0,0,0,0], [0,0,0,0,0,0,0,0,0,0,0,0]) = 20359
N(4h+12f, 31, [4,2,0,1,0,0,0,0,0,0,0,0], [0,0,0,0,0,0,0,0,0,0,0,0]) = 20357
N(4h+12f, 31, [4,1,2,0,0,0,0,0,0,0,0,0], [0,0,0,0,0,0,0,0,0,0,0,0]) = 20356
N(4h+12f, 31, [4,1,0,0,0,1,0,0,0,0,0,0], [0,0,0,0,0,0,0,0,0,0,0,0]) = 20356
N(4h+12f, 31, [4,0,1,0,1,0,0,0,0,0,0,0], [0,0,0,0,0,0,0,0,0,0,0,0]) = 20355
N(4h+12f, 31, [4,0,0,2,0,0,0,0,0,0,0,0], [0,0,0,0,0,0,0,0,0,0,0,0]) = 20355
N(4h+12f, 31, [4,0,0,0,0,0,0,1,0,0,0,0], [0,0,0,0,0,0,0,0,0,0,0,0]) = 20355
N(4h+12f, 31, [3,3,1,0,0,0,0,0,0,0,0,0], [0,0,0,0,0,0,0,0,0,0,0,0]) = 20155
N(4h+12f, 31, [3,2,0,0,1,0,0,0,0,0,0,0], [0,0,0,0,0,0,0,0,0,0,0,0]) = 20154
N(4h+12f, 31, [3,1,1,1,0,0,0,0,0,0,0,0], [0,0,0,0,0,0,0,0,0,0,0,0]) = 20153
N(4h+12f, 31, [3,1,0,0,0,0,1,0,0,0,0,0], [0,0,0,0,0,0,0,0,0,0,0,0]) = 20153
N(4h+12f, 31, [3,0,3,0,0,0,0,0,0,0,0,0], [0,0,0,0,0,0,0,0,0,0,0,0]) = 20152
N(4h+12f, 31, [3,0,1,0,0,1,0,0,0,0,0,0], [0,0,0,0,0,0,0,0,0,0,0,0]) = 20152
N(4h+12f, 31, [3,0,0,1,1,0,0,0,0,0,0,0], [0,0,0,0,0,0,0,0,0,0,0,0]) = 20152
N(4h+12f, 31, [3,0,0,0,0,0,0,0,1,0,0,0], [0,0,0,0,0,0,0,0,0,0,0,0]) = 20152
N(4h+12f, 31, [2,5,0,0,0,0,0,0,0,0,0,0], [0,0,0,0,0,0,0,0,0,0,0,0]) = 19955
N(4h+12f, 31, [2,3,0,1,0,0,0,0,0,0,0,0], [0,0,0,0,0,0,0,0,0,0,0,0]) = 19953
N(4h+12f, 31, [2,2,2,0,0,0,0,0,0,0,0,0], [0,0,0,0,0,0,0,0,0,0,0,0]) = 19952
N(4h+12f, 31, [2,2,0,0,0,1,0,0,0,0,0,0], [0,0,0,0,0,0,0,0,0,0,0,0]) = 19952
N(4h+12f, 31, [2,1,1,0,1,0,0,0,0,0,0,0], [0,0,0,0,0,0,0,0,0,0,0,0]) = 19951
N(4h+12f, 31, [2,1,0,2,0,0,0,0,0,0,0,0], [0,0,0,0,0,0,0,0,0,0,0,0]) = 19951
N(4h+12f, 31, [2,1,0,0,0,0,0,1,0,0,0,0], [0,0,0,0,0,0,0,0,0,0,0,0]) = 19951
N(4h+12f, 31, [2,0,2,1,0,0,0,0,0,0,0,0], [0,0,0,0,0,0,0,0,0,0,0,0]) = 19950
N(4h+12f, 31, [2,0,1,0,0,0,1,0,0,0,0,0], [0,0,0,0,0,0,0,0,0,0,0,0]) = 19950
N(4h+12f, 31, [2,0,0,1,0,1,0,0,0,0,0,0], [0,0,0,0,0,0,0,0,0,0,0,0]) = 19950
N(4h+12f, 31, [2,0,0,0,2,0,0,0,0,0,0,0], [0,0,0,0,0,0,0,0,0,0,0,0]) = 19950
N(4h+12f, 31, [2,0,0,0,0,0,0,0,0,1,0,0], [0,0,0,0,0,0,0,0,0,0,0,0]) = 19950
N(4h+12f, 31, [1,4,1,0,0,0,0,0,0,0,0,0], [0,0,0,0,0,0,0,0,0,0,0,0]) = 19753
N(4h+12f, 31, [1,3,0,0,1,0,0,0,0,0,0,0], [0,0,0,0,0,0,0,0,0,0,0,0]) = 19752
N(4h+12f, 31, [1,2,1,1,0,0,0,0,0,0,0,0], [0,0,0,0,0,0,0,0,0,0,0,0]) = 19751
N(4h+12f, 31, [1,2,0,0,0,0,1,0,0,0,0,0], [0,0,0,0,0,0,0,0,0,0,0,0]) = 19751
N(4h+12f, 31, [1,1,3,0,0,0,0,0,0,0,0,0], [0,0,0,0,0,0,0,0,0,0,0,0]) = 19750
N(4h+12f, 31, [1,1,1,0,0,1,0,0,0,0,0,0], [0,0,0,0,0,0,0,0,0,0,0,0]) = 19750
N(4h+12f, 31, [1,1,0,1,1,0,0,0,0,0,0,0], [0,0,0,0,0,0,0,0,0,0,0,0]) = 19750
N(4h+12f, 31, [1,1,0,0,0,0,0,0,1,0,0,0], [0,0,0,0,0,0,0,0,0,0,0,0]) = 19750
N(4h+12f, 31, [1,0,2,0,1,0,0,0,0,0,0,0], [0,0,0,0,0,0,0,0,0,0,0,0]) = 19749
N(4h+12f, 31, [1,0,1,2,0,0,0,0,0,0,0,0], [0,0,0,0,0,0,0,0,0,0,0,0]) = 19749
N(4h+12f, 31, [1,0,1,0,0,0,0,1,0,0,0,0], [0,0,0,0,0,0,0,0,0,0,0,0]) = 19749
N(4h+12f, 31, [1,0,0,1,0,0,1,0,0,0,0,0], [0,0,0,0,0,0,0,0,0,0,0,0]) = 19749
N(4h+12f, 31, [1,0,0,0,1,1,0,0,0,0,0,0], [0,0,0,0,0,0,0,0,0,0,0,0]) = 19749
N(4h+12f, 31, [1,0,0,0,0,0,0,0,0,0,1,0], [0,0,0,0,0,0,0,0,0,0,0,0]) = 19749
N(4h+12f, 31, [0,6,0,0,0,0,0,0,0,0,0,0], [0,0,0,0,0,0,0,0,0,0,0,0]) = 19555
N(4h+12f, 31, [0,4,0,1,0,0,0,0,0,0,0,0], [0,0,0,0,0,0,0,0,0,0,0,0]) = 19553
N(4h+12f, 31, [0,3,2,0,0,0,0,0,0,0,0,0], [0,0,0,0,0,0,0,0,0,0,0,0]) = 19552
N(4h+12f, 31, [0,3,0,0,0,1,0,0,0,0,0,0], [0,0,0,0,0,0,0,0,0,0,0,0]) = 19552
N(4h+12f, 31, [0,2,1,0,1,0,0,0,0,0,0,0], [0,0,0,0,0,0,0,0,0,0,0,0]) = 19551
N(4h+12f, 31, [0,2,0,2,0,0,0,0,0,0,0,0], [0,0,0,0,0,0,0,0,0,0,0,0]) = 19551
N(4h+12f, 31, [0,2,0,0,0,0,0,1,0,0,0,0], [0,0,0,0,0,0,0,0,0,0,0,0]) = 19551
N(4h+12f, 31, [0,1,2,1,0,0,0,0,0,0,0,0], [0,0,0,0,0,0,0,0,0,0,0,0]) = 19550
N(4h+12f, 31, [0,1,1,0,0,0,1,0,0,0,0,0], [0,0,0,0,0,0,0,0,0,0,0,0]) = 19550
N(4h+12f, 31, [0,1,0,1,0,1,0,0,0,0,0,0], [0,0,0,0,0,0,0,0,0,0,0,0]) = 19550
N(4h+12f, 31, [0,1,0,0,2,0,0,0,0,0,0,0], [0,0,0,0,0,0,0,0,0,0,0,0]) = 19550
N(4h+12f, 31, [0,1,0,0,0,0,0,0,0,1,0,0], [0,0,0,0,0,0,0,0,0,0,0,0]) = 19550
N(4h+12f, 31, [0,0,4,0,0,0,0,0,0,0,0,0], [0,0,0,0,0,0,0,0,0,0,0,0]) = 19549
N(4h+12f, 31, [0,0,2,0,0,1,0,0,0,0,0,0], [0,0,0,0,0,0,0,0,0,0,0,0]) = 19549
N(4h+12f, 31, [0,0,1,1,1,0,0,0,0,0,0,0], [0,0,0,0,0,0,0,0,0,0,0,0]) = 19549
N(4h+12f, 31, [0,0,1,0,0,0,0,0,1,0,0,0], [0,0,0,0,0,0,0,0,0,0,0,0]) = 19549
N(4h+12f, 31, [0,0,0,3,0,0,0,0,0,0,0,0], [0,0,0,0,0,0,0,0,0,0,0,0]) = 19549
N(4h+12f, 31, [0,0,0,1,0,0,0,1,0,0,0,0], [0,0,0,0,0,0,0,0,0,0,0,0]) = 19549
N(4h+12f, 31, [0,0,0,0,1,0,1,0,0,0,0,0], [0,0,0,0,0,0,0,0,0,0,0,0]) = 19549
N(4h+12f, 31, [0,0,0,0,0,2,0,0,0,0,0,0], [0,0,0,0,0,0,0,0,0,0,0,0]) = 19549
N(4h+12f, 31, [0,0,0,0,0,0,0,0,0,0,0,1], [0,0,0,0,0,0,0,0,0,0,0,0]) = 19549
N(4h+12f, 31, [11,0,0,0,0,0,0,0,0,0,0,0], [1,0,0,0,0,0,0,0,0,0,0,0]) = 24496
N(4h+12f, 31, [9,1,0,0,0,0,0,0,0,0,0,0], [1,0,0,0,0,0,0,0,0,0,0,0]) = 24054
N(4h+12f, 31, [8,0,1,0,0,0,0,0,0,0,0,0], [1,0,0,0,0,0,0,0,0,0,0,0]) = 23833
N(4h+12f, 31, [7,2,0,0,0,0,0,0,0,0,0,0], [1,0,0,0,0,0,0,0,0,0,0,0]) = 23616
N(4h+12f, 31, [7,0,0,1,0,0,0,0,0,0,0,0], [1,0,0,0,0,0,0,0,0,0,0,0]) = 23614
N(4h+12f, 31, [6,1,1,0,0,0,0,0,0,0,0,0], [1,0,0,0,0,0,0,0,0,0,0,0]) = 23397
N(4h+12f, 31, [6,0,0,0,1,0,0,0,0,0,0,0], [1,0,0,0,0,0,0,0,0,0,0,0]) = 23396
N(4h+12f, 31, [5,3,0,0,0,0,0,0,0,0,0,0], [1,0,0,0,0,0,0,0,0,0,0,0]) = 23182
N(4h+12f, 31, [5,1,0,1,0,0,0,0,0,0,0,0], [1,0,0,0,0,0,0,0,0,0,0,0]) = 23180
N(4h+12f, 31, [5,0,2,0,0,0,0,0,0,0,0,0], [1,0,0,0,0,0,0,0,0,0,0,0]) = 23179
N(4h+12f, 31, [5,0,0,0,0,1,0,0,0,0,0,0], [1,0,0,0,0,0,0,0,0,0,0,0]) = 23179
N(4h+12f, 31, [4,2,1,0,0,0,0,0,0,0,0,0], [1,0,0,0,0,0,0,0,0,0,0,0]) = 22965
N(4h+12f, 31, [4,1,0,0,1,0,0,0,0,0,0,0], [1,0,0,0,0,0,0,0,0,0,0,0]) = 22964
N(4h+12f, 31, [4,0,1,1,0,0,0,0,0,0,0,0], [1,0,0,0,0,0,0,0,0,0,0,0]) = 22963
N(4h+12f, 31, [4,0,0,0,0,0,1,0,0,0,0,0], [1,0,0,0,0,0,0,0,0,0,0,0]) = 22963
N(4h+12f, 31, [3,4,0,0,0,0,0,0,0,0,0,0], [1,0,0,0,0,0,0,0,0,0,0,0]) = 22752
N(4h+12f, 31, [3,2,0,1,0,0,0,0,0,0,0,0], [1,0,0,0,0,0,0,0,0,0,0,0]) = 22750
N(4h+12f, 31, [3,1,2,0,0,0,0,0,0,0,0,0], [1,0,0,0,0,0,0,0,0,0,0,0]) = 22749
N(4h+12f, 31, [3,1,0,0,0,1,0,0,0,0,0,0], [1,0,0,0,0,0,0,0,0,0,0,0]) = 22749
N(4h+12f, 31, [3,0,1,0,1,0,0,0,0,0,0,0], [1,0,0,0,0,0,0,0,0,0,0,0]) = 22748
N(4h+12f, 31, [3,0,0,2,0,0,0,0,0,0,0,0], [1,0,0,0,0,0,0,0,0,0,0,0]) = 22748
N(4h+12f, 31, [3,0,0,0,0,0,0,1,0,0,0,0], [1,0,0,0,0,0,0,0,0,0,0,0]) = 22748
N(4h+12f, 31, [2,3,1,0,0,0,0,0,0,0,0,0], [1,0,0,0,0,0,0,0,0,0,0,0]) = 22537
N(4h+12f, 31, [2,2,0,0,1,0,0,0,0,0,0,0], [1,0,0,0,0,0,0,0,0,0,0,0]) = 22536
N(4h+12f, 31, [2,1,1,1,0,0,0,0,0,0,0,0], [1,0,0,0,0,0,0,0,0,0,0,0]) = 22535
N(4h+12f, 31, [2,1,0,0,0,0,1,0,0,0,0,0], [1,0,0,0,0,0,0,0,0,0,0,0]) = 22535
N(4h+12f, 31, [2,0,3,0,0,0,0,0,0,0,0,0], [1,0,0,0,0,0,0,0,0,0,0,0]) = 22534
N(4h+12f, 31, [2,0,1,0,0,1,0,0,0,0,0,0], [1,0,0,0,0,0,0,0,0,0,0,0]) = 22534
N(4h+12f, 31, [2,0,0,1,1,0,0,0,0,0,0,0], [1,0,0,0,0,0,0,0,0,0,0,0]) = 22534
N(4h+12f, 31, [2,0,0,0,0,0,0,0,1,0,0,0], [1,0,0,0,0,0,0,0,0,0,0,0]) = 22534
N(4h+12f, 31, [1,5,0,0,0,0,0,0,0,0,0,0], [1,0,0,0,0,0,0,0,0,0,0,0]) = 22326
N(4h+12f, 31, [1,3,0,1,0,0,0,0,0,0,0,0], [1,0,0,0,0,0,0,0,0,0,0,0]) = 22324
N(4h+12f, 31, [1,2,2,0,0,0,0,0,0,0,0,0], [1,0,0,0,0,0,0,0,0,0,0,0]) = 22323
N(4h+12f, 31, [1,2,0,0,0,1,0,0,0,0,0,0], [1,0,0,0,0,0,0,0,0,0,0,0]) = 22323
N(4h+12f, 31, [1,1,1,0,1,0,0,0,0,0,0,0], [1,0,0,0,0,0,0,0,0,0,0,0]) = 22322
N(4h+12f, 31, [1,1,0,2,0,0,0,0,0,0,0,0], [1,0,0,0,0,0,0,0,0,0,0,0]) = 22322
N(4h+12f, 31, [1,1,0,0,0,0,0,1,0,0,0,0], [1,0,0,0,0,0,0,0,0,0,0,0]) = 22322
N(4h+12f, 31, [1,0,2,1,0,0,0,0,0,0,0,0], [1,0,0,0,0,0,0,0,0,0,0,0]) = 22321
N(4h+12f, 31, [1,0,1,0,0,0,1,0,0,0,0,0], [1,0,0,0,0,0,0,0,0,0,0,0]) = 22321
N(4h+12f, 31, [1,0,0,1,0,1,0,0,0,0,0,0], [1,0,0,0,0,0,0,0,0,0,0,0]) = 22321
N(4h+12f, 31, [1,0,0,0,2,0,0,0,0,0,0,0], [1,0,0,0,0,0,0,0,0,0,0,0]) = 22321
N(4h+12f, 31, [1,0,0,0,0,0,0,0,0,1,0,0], [1,0,0,0,0,0,0,0,0,0,0,0]) = 22321
N(4h+12f, 31, [0,4,1,0,0,0,0,0,0,0,0,0], [1,0,0,0,0,0,0,0,0,0,0,0]) = 22113
N(4h+12f, 31, [0,3,0,0,1,0,0,0,0,0,0,0], [1,0,0,0,0,0,0,0,0,0,0,0]) = 22112
N(4h+12f, 31, [0,2,1,1,0,0,0,0,0,0,0,0], [1,0,0,0,0,0,0,0,0,0,0,0]) = 22111
N(4h+12f, 31, [0,2,0,0,0,0,1,0,0,0,0,0], [1,0,0,0,0,0,0,0,0,0,0,0]) = 22111
N(4h+12f, 31, [0,1,3,0,0,0,0,0,0,0,0,0], [1,0,0,0,0,0,0,0,0,0,0,0]) = 22110
N(4h+12f, 31, [0,1,1,0,0,1,0,0,0,0,0,0], [1,0,0,0,0,0,0,0,0,0,0,0]) = 22110
N(4h+12f, 31, [0,1,0,1,1,0,0,0,0,0,0,0], [1,0,0,0,0,0,0,0,0,0,0,0]) = 22110
N(4h+12f, 31, [0,1,0,0,0,0,0,0,1,0,0,0], [1,0,0,0,0,0,0,0,0,0,0,0]) = 22110
N(4h+12f, 31, [0,0,2,0,1,0,0,0,0,0,0,0], [1,0,0,0,0,0,0,0,0,0,0,0]) = 22109
N(4h+12f, 31, [0,0,1,2,0,0,0,0,0,0,0,0], [1,0,0,0,0,0,0,0,0,0,0,0]) = 22109
N(4h+12f, 31, [0,0,1,0,0,0,0,1,0,0,0,0], [1,0,0,0,0,0,0,0,0,0,0,0]) = 22109
N(4h+12f, 31, [0,0,0,1,0,0,1,0,0,0,0,0], [1,0,0,0,0,0,0,0,0,0,0,0]) = 22109
N(4h+12f, 31, [0,0,0,0,1,1,0,0,0,0,0,0], [1,0,0,0,0,0,0,0,0,0,0,0]) = 22109
N(4h+12f, 31, [0,0,0,0,0,0,0,0,0,0,1,0], [1,0,0,0,0,0,0,0,0,0,0,0]) = 22109
N(4h+12f, 31, [10,0,0,0,0,0,0,0,0,0,0,0], [2,0,0,0,0,0,0,0,0,0,0,0]) = 24562
N(4h+12f, 31, [10,0,0,0,0,0,0,0,0,0,0,0], [0,1,0,0,0,0,0,0,0,0,0,0]) = 43212
N(4h+12f, 31, [8,1,0,0,0,0,0,0,0,0,0,0], [2,0,0,0,0,0,0,0,0,0,0,0]) = 24120
N(4h+12f, 31, [8,1,0,0,0,0,0,0,0,0,0,0], [0,1,0,0,0,0,0,0,0,0,0,0]) = 42380
N(4h+12f, 31, [7,0,1,0,0,0,0,0,0,0,0,0], [2,0,0,0,0,0,0,0,0,0,0,0]) = 23899
N(4h+12f, 31, [7,0,1,0,0,0,0,0,0,0,0,0], [0,1,0,0,0,0,0,0,0,0,0,0]) = 41964
N(4h+12f, 31, [6,2,0,0,0,0,0,0,0,0,0,0], [2,0,0,0,0,0,0,0,0,0,0,0]) = 23682
N(4h+12f, 31, [6,2,0,0,0,0,0,0,0,0,0,0], [0,1,0,0,0,0,0,0,0,0,0,0]) = 41556
N(4h+12f, 31, [6,0,0,1,0,0,0,0,0,0,0,0], [2,0,0,0,0,0,0,0,0,0,0,0]) = 23680
N(4h+12f, 31, [6,0,0,1,0,0,0,0,0,0,0,0], [0,1,0,0,0,0,0,0,0,0,0,0]) = 41552
N(4h+12f, 31, [5,1,1,0,0,0,0,0,0,0,0,0], [2,0,0,0,0,0,0,0,0,0,0,0]) = 23463
N(4h+12f, 31, [5,1,1,0,0,0,0,0,0,0,0,0], [0,1,0,0,0,0,0,0,0,0,0,0]) = 41144
N(4h+12f, 31, [5,0,0,0,1,0,0,0,0,0,0,0], [2,0,0,0,0,0,0,0,0,0,0,0]) = 23462
N(4h+12f, 31, [5,0,0,0,1,0,0,0,0,0,0,0], [0,1,0,0,0,0,0,0,0,0,0,0]) = 41142
N(4h+12f, 31, [4,3,0,0,0,0,0,0,0,0,0,0], [2,0,0,0,0,0,0,0,0,0,0,0]) = 23248
N(4h+12f, 31, [4,3,0,0,0,0,0,0,0,0,0,0], [0,1,0,0,0,0,0,0,0,0,0,0]) = 40740
N(4h+12f, 31, [4,1,0,1,0,0,0,0,0,0,0,0], [2,0,0,0,0,0,0,0,0,0,0,0]) = 23246
N(4h+12f, 31, [4,1,0,1,0,0,0,0,0,0,0,0], [0,1,0,0,0,0,0,0,0,0,0,0]) = 40736
N(4h+12f, 31, [4,0,2,0,0,0,0,0,0,0,0,0], [2,0,0,0,0,0,0,0,0,0,0,0]) = 23245
N(4h+12f, 31, [4,0,2,0,0,0,0,0,0,0,0,0], [0,1,0,0,0,0,0,0,0,0,0,0]) = 40734
N(4h+12f, 31, [4,0,0,0,0,1,0,0,0,0,0,0], [2,0,0,0,0,0,0,0,0,0,0,0]) = 23245
N(4h+12f, 31, [4,0,0,0,0,1,0,0,0,0,0,0], [0,1,0,0,0,0,0,0,0,0,0,0]) = 40734
N(4h+12f, 31, [3,2,1,0,0,0,0,0,0,0,0,0], [2,0,0,0,0,0,0,0,0,0,0,0]) = 23031
N(4h+12f, 31, [3,2,1,0,0,0,0,0,0,0,0,0], [0,1,0,0,0,0,0,0,0,0,0,0]) = 40332
N(4h+12f, 31, [3,1,0,0,1,0,0,0,0,0,0,0], [2,0,0,0,0,0,0,0,0,0,0,0]) = 23030
N(4h+12f, 31, [3,1,0,0,1,0,0,0,0,0,0,0], [0,1,0,0,0,0,0,0,0,0,0,0]) = 40330
N(4h+12f, 31, [3,0,1,1,0,0,0,0,0,0,0,0], [2,0,0,0,0,0,0,0,0,0,0,0]) = 23029
N(4h+12f, 31, [3,0,1,1,0,0,0,0,0,0,0,0], [0,1,0,0,0,0,0,0,0,0,0,0]) = 40328
N(4h+12f, 31, [3,0,0,0,0,0,1,0,0,0,0,0], [2,0,0,0,0,0,0,0,0,0,0,0]) = 23029
N(4h+12f, 31, [3,0,0,0,0,0,1,0,0,0,0,0], [0,1,0,0,0,0,0,0,0,0,0,0]) = 40328
N(4h+12f, 31, [2,4,0,0,0,0,0,0,0,0,0,0], [2,0,0,0,0,0,0,0,0,0,0,0]) = 22818
N(4h+12f, 31, [2,4,0,0,0,0,0,0,0,0,0,0], [0,1,0,0,0,0,0,0,0,0,0,0]) = 39932
N(4h+12f, 31, [2,2,0,1,0,0,0,0,0,0,0,0], [2,0,0,0,0,0,0,0,0,0,0,0]) = 22816
N(4h+12f, 31, [2,2,0,1,0,0,0,0,0,0,0,0], [0,1,0,0,0,0,0,0,0,0,0,0]) = 39928
N(4h+12f, 31, [2,1,2,0,0,0,0,0,0,0,0,0], [2,0,0,0,0,0,0,0,0,0,0,0]) = 22815
N(4h+12f, 31, [2,1,2,0,0,0,0,0,0,0,0,0], [0,1,0,0,0,0,0,0,0,0,0,0]) = 39926
N(4h+12f, 31, [2,1,0,0,0,1,0,0,0,0,0,0], [2,0,0,0,0,0,0,0,0,0,0,0]) = 22815
N(4h+12f, 31, [2,1,0,0,0,1,0,0,0,0,0,0], [0,1,0,0,0,0,0,0,0,0,0,0]) = 39926
N(4h+12f, 31, [2,0,1,0,1,0,0,0,0,0,0,0], [2,0,0,0,0,0,0,0,0,0,0,0]) = 22814
N(4h+12f, 31, [2,0,1,0,1,0,0,0,0,0,0,0], [0,1,0,0,0,0,0,0,0,0,0,0]) = 39924
N(4h+12f, 31, [2,0,0,2,0,0,0,0,0,0,0,0], [2,0,0,0,0,0,0,0,0,0,0,0]) = 22814
N(4h+12f, 31, [2,0,0,2,0,0,0,0,0,0,0,0], [0,1,0,0,0,0,0,0,0,0,0,0]) = 39924
N(4h+12f, 31, [2,0,0,0,0,0,0,1,0,0,0,0], [2,0,0,0,0,0,0,0,0,0,0,0]) = 22814
N(4h+12f, 31, [2,0,0,0,0,0,0,1,0,0,0,0], [0,1,0,0,0,0,0,0,0,0,0,0]) = 39924
N(4h+12f, 31, [1,3,1,0,0,0,0,0,0,0,0,0], [2,0,0,0,0,0,0,0,0,0,0,0]) = 22603
N(4h+12f, 31, [1,3,1,0,0,0,0,0,0,0,0,0], [0,1,0,0,0,0,0,0,0,0,0,0]) = 39528
N(4h+12f, 31, [1,2,0,0,1,0,0,0,0,0,0,0], [2,0,0,0,0,0,0,0,0,0,0,0]) = 22602
N(4h+12f, 31, [1,2,0,0,1,0,0,0,0,0,0,0], [0,1,0,0,0,0,0,0,0,0,0,0]) = 39526
N(4h+12f, 31, [1,1,1,1,0,0,0,0,0,0,0,0], [2,0,0,0,0,0,0,0,0,0,0,0]) = 22601
N(4h+12f, 31, [1,1,1,1,0,0,0,0,0,0,0,0], [0,1,0,0,0,0,0,0,0,0,0,0]) = 39524
N(4h+12f, 31, [1,1,0,0,0,0,1,0,0,0,0,0], [2,0,0,0,0,0,0,0,0,0,0,0]) = 22601
N(4h+12f, 31, [1,1,0,0,0,0,1,0,0,0,0,0], [0,1,0,0,0,0,0,0,0,0,0,0]) = 39524
N(4h+12f, 31, [1,0,3,0,0,0,0,0,0,0,0,0], [2,0,0,0,0,0,0,0,0,0,0,0]) = 22600
N(4h+12f, 31, [1,0,3,0,0,0,0,0,0,0,0,0], [0,1,0,0,0,0,0,0,0,0,0,0]) = 39522
N(4h+12f, 31, [1,0,1,0,0,1,0,0,0,0,0,0], [2,0,0,0,0,0,0,0,0,0,0,0]) = 22600
N(4h+12f, 31, [1,0,1,0,0,1,0,0,0,0,0,0], [0,1,0,0,0,0,0,0,0,0,0,0]) = 39522
N(4h+12f, 31, [1,0,0,1,1,0,0,0,0,0,0,0], [2,0,0,0,0,0,0,0,0,0,0,0]) = 22600
N(4h+12f, 31, [1,0,0,1,1,0,0,0,0,0,0,0], [0,1,0,0,0,0,0,0,0,0,0,0]) = 39522
N(4h+12f, 31, [1,0,0,0,0,0,0,0,1,0,0,0], [2,0,0,0,0,0,0,0,0,0,0,0]) = 22600
N(4h+12f, 31, [1,0,0,0,0,0,0,0,1,0,0,0], [0,1,0,0,0,0,0,0,0,0,0,0]) = 39522
N(4h+12f, 31, [0,5,0,0,0,0,0,0,0,0,0,0], [2,0,0,0,0,0,0,0,0,0,0,0]) = 22392
N(4h+12f, 31, [0,5,0,0,0,0,0,0,0,0,0,0], [0,1,0,0,0,0,0,0,0,0,0,0]) = 39132
N(4h+12f, 31, [0,3,0,1,0,0,0,0,0,0,0,0], [2,0,0,0,0,0,0,0,0,0,0,0]) = 22390
N(4h+12f, 31, [0,3,0,1,0,0,0,0,0,0,0,0], [0,1,0,0,0,0,0,0,0,0,0,0]) = 39128
N(4h+12f, 31, [0,2,2,0,0,0,0,0,0,0,0,0], [2,0,0,0,0,0,0,0,0,0,0,0]) = 22389
N(4h+12f, 31, [0,2,2,0,0,0,0,0,0,0,0,0], [0,1,0,0,0,0,0,0,0,0,0,0]) = 39126
N(4h+12f, 31, [0,2,0,0,0,1,0,0,0,0,0,0], [2,0,0,0,0,0,0,0,0,0,0,0]) = 22389
N(4h+12f, 31, [0,2,0,0,0,1,0,0,0,0,0,0], [0,1,0,0,0,0,0,0,0,0,0,0]) = 39126
N(4h+12f, 31, [0,1,1,0,1,0,0,0,0,0,0,0], [2,0,0,0,0,0,0,0,0,0,0,0]) = 22388
N(4h+12f, 31, [0,1,1,0,1,0,0,0,0,0,0,0], [0,1,0,0,0,0,0,0,0,0,0,0]) = 39124
N(4h+12f, 31, [0,1,0,2,0,0,0,0,0,0,0,0], [2,0,0,0,0,0,0,0,0,0,0,0]) = 22388
N(4h+12f, 31, [0,1,0,2,0,0,0,0,0,0,0,0], [0,1,0,0,0,0,0,0,0,0,0,0]) = 39124
N(4h+12f, 31, [0,1,0,0,0,0,0,1,0,0,0,0], [2,0,0,0,0,0,0,0,0,0,0,0]) = 22388
N(4h+12f, 31, [0,1,0,0,0,0,0,1,0,0,0,0], [0,1,0,0,0,0,0,0,0,0,0,0]) = 39124
N(4h+12f, 31, [0,0,2,1,0,0,0,0,0,0,0,0], [2,0,0,0,0,0,0,0,0,0,0,0]) = 22387
N(4h+12f, 31, [0,0,2,1,0,0,0,0,0,0,0,0], [0,1,0,0,0,0,0,0,0,0,0,0]) = 39122
N(4h+12f, 31, [0,0,1,0,0,0,1,0,0,0,0,0], [2,0,0,0,0,0,0,0,0,0,0,0]) = 22387
N(4h+12f, 31, [0,0,1,0,0,0,1,0,0,0,0,0], [0,1,0,0,0,0,0,0,0,0,0,0]) = 39122
N(4h+12f, 31, [0,0,0,1,0,1,0,0,0,0,0,0], [2,0,0,0,0,0,0,0,0,0,0,0]) = 22387
N(4h+12f, 31, [0,0,0,1,0,1,0,0,0,0,0,0], [0,1,0,0,0,0,0,0,0,0,0,0]) = 39122
N(4h+12f, 31, [0,0,0,0,2,0,0,0,0,0,0,0], [2,0,0,0,0,0,0,0,0,0,0,0]) = 22387
N(4h+12f, 31, [0,0,0,0,2,0,0,0,0,0,0,0], [0,1,0,0,0,0,0,0,0,0,0,0]) = 39122
N(4h+12f, 31, [0,0,0,0,0,0,0,0,0,1,0,0], [2,0,0,0,0,0,0,0,0,0,0,0]) = 22387
N(4h+12f, 31, [0,0,0,0,0,0,0,0,0,1,0,0], [0,1,0,0,0,0,0,0,0,0,0,0]) = 39122
N(4h+12f, 31, [9,0,0,0,0,0,0,0,0,0,0,0], [3,0,0,0,0,0,0,0,0,0,0,0]) = 24562
N(4h+12f, 31, [9,0,0,0,0,0,0,0,0,0,0,0], [1,1,0,0,0,0,0,0,0,0,0,0]) = 91320
N(4h+12f, 31, [9,0,0,0,0,0,0,0,0,0,0,0], [0,0,1,0,0,0,0,0,0,0,0,0]) = 64155
N(4h+12f, 31, [7,1,0,0,0,0,0,0,0,0,0,0], [3,0,0,0,0,0,0,0,0,0,0,0]) = 24120
N(4h+12f, 31, [7,1,0,0,0,0,0,0,0,0,0,0], [1,1,0,0,0,0,0,0,0,0,0,0]) = 89612
N(4h+12f, 31, [7,1,0,0,0,0,0,0,0,0,0,0], [0,0,1,0,0,0,0,0,0,0,0,0]) = 62913
N(4h+12f, 31, [6,0,1,0,0,0,0,0,0,0,0,0], [3,0,0,0,0,0,0,0,0,0,0,0]) = 23899
N(4h+12f, 31, [6,0,1,0,0,0,0,0,0,0,0,0], [1,1,0,0,0,0,0,0,0,0,0,0]) = 88758
N(4h+12f, 31, [6,0,1,0,0,0,0,0,0,0,0,0], [0,0,1,0,0,0,0,0,0,0,0,0]) = 62292
N(4h+12f, 31, [5,2,0,0,0,0,0,0,0,0,0,0], [3,0,0,0,0,0,0,0,0,0,0,0]) = 23682
N(4h+12f, 31, [5,2,0,0,0,0,0,0,0,0,0,0], [1,1,0,0,0,0,0,0,0,0,0,0]) = 87920
N(4h+12f, 31, [5,2,0,0,0,0,0,0,0,0,0,0], [0,0,1,0,0,0,0,0,0,0,0,0]) = 61683
N(4h+12f, 31, [5,0,0,1,0,0,0,0,0,0,0,0], [3,0,0,0,0,0,0,0,0,0,0,0]) = 23680
N(4h+12f, 31, [5,0,0,1,0,0,0,0,0,0,0,0], [1,1,0,0,0,0,0,0,0,0,0,0]) = 87912
N(4h+12f, 31, [5,0,0,1,0,0,0,0,0,0,0,0], [0,0,1,0,0,0,0,0,0,0,0,0]) = 61677
N(4h+12f, 31, [4,1,1,0,0,0,0,0,0,0,0,0], [3,0,0,0,0,0,0,0,0,0,0,0]) = 23463
N(4h+12f, 31, [4,1,1,0,0,0,0,0,0,0,0,0], [1,1,0,0,0,0,0,0,0,0,0,0]) = 87074
N(4h+12f, 31, [4,1,1,0,0,0,0,0,0,0,0,0], [0,0,1,0,0,0,0,0,0,0,0,0]) = 61068
N(4h+12f, 31, [4,0,0,0,1,0,0,0,0,0,0,0], [3,0,0,0,0,0,0,0,0,0,0,0]) = 23462
N(4h+12f, 31, [4,0,0,0,1,0,0,0,0,0,0,0], [1,1,0,0,0,0,0,0,0,0,0,0]) = 87070
N(4h+12f, 31, [4,0,0,0,1,0,0,0,0,0,0,0], [0,0,1,0,0,0,0,0,0,0,0,0]) = 61065
N(4h+12f, 31, [3,3,0,0,0,0,0,0,0,0,0,0], [3,0,0,0,0,0,0,0,0,0,0,0]) = 23248
N(4h+12f, 31, [3,3,0,0,0,0,0,0,0,0,0,0], [1,1,0,0,0,0,0,0,0,0,0,0]) = 86244
N(4h+12f, 31, [3,3,0,0,0,0,0,0,0,0,0,0], [0,0,1,0,0,0,0,0,0,0,0,0]) = 60465
N(4h+12f, 31, [3,1,0,1,0,0,0,0,0,0,0,0], [3,0,0,0,0,0,0,0,0,0,0,0]) = 23246
N(4h+12f, 31, [3,1,0,1,0,0,0,0,0,0,0,0], [1,1,0,0,0,0,0,0,0,0,0,0]) = 86236
N(4h+12f, 31, [3,1,0,1,0,0,0,0,0,0,0,0], [0,0,1,0,0,0,0,0,0,0,0,0]) = 60459
N(4h+12f, 31, [3,0,2,0,0,0,0,0,0,0,0,0], [3,0,0,0,0,0,0,0,0,0,0,0]) = 23245
N(4h+12f, 31, [3,0,2,0,0,0,0,0,0,0,0,0], [1,1,0,0,0,0,0,0,0,0,0,0]) = 86232
N(4h+12f, 31, [3,0,2,0,0,0,0,0,0,0,0,0], [0,0,1,0,0,0,0,0,0,0,0,0]) = 60456
N(4h+12f, 31, [3,0,0,0,0,1,0,0,0,0,0,0], [3,0,0,0,0,0,0,0,0,0,0,0]) = 23245
N(4h+12f, 31, [3,0,0,0,0,1,0,0,0,0,0,0], [1,1,0,0,0,0,0,0,0,0,0,0]) = 86232
N(4h+12f, 31, [3,0,0,0,0,1,0,0,0,0,0,0], [0,0,1,0,0,0,0,0,0,0,0,0]) = 60456
N(4h+12f, 31, [2,2,1,0,0,0,0,0,0,0,0,0], [3,0,0,0,0,0,0,0,0,0,0,0]) = 23031
N(4h+12f, 31, [2,2,1,0,0,0,0,0,0,0,0,0], [1,1,0,0,0,0,0,0,0,0,0,0]) = 85406
N(4h+12f, 31, [2,2,1,0,0,0,0,0,0,0,0,0], [0,0,1,0,0,0,0,0,0,0,0,0]) = 59856
N(4h+12f, 31, [2,1,0,0,1,0,0,0,0,0,0,0], [3,0,0,0,0,0,0,0,0,0,0,0]) = 23030
N(4h+12f, 31, [2,1,0,0,1,0,0,0,0,0,0,0], [1,1,0,0,0,0,0,0,0,0,0,0]) = 85402
N(4h+12f, 31, [2,1,0,0,1,0,0,0,0,0,0,0], [0,0,1,0,0,0,0,0,0,0,0,0]) = 59853
N(4h+12f, 31, [2,0,1,1,0,0,0,0,0,0,0,0], [3,0,0,0,0,0,0,0,0,0,0,0]) = 23029
N(4h+12f, 31, [2,0,1,1,0,0,0,0,0,0,0,0], [1,1,0,0,0,0,0,0,0,0,0,0]) = 85398
N(4h+12f, 31, [2,0,1,1,0,0,0,0,0,0,0,0], [0,0,1,0,0,0,0,0,0,0,0,0]) = 59850
N(4h+12f, 31, [2,0,0,0,0,0,1,0,0,0,0,0], [3,0,0,0,0,0,0,0,0,0,0,0]) = 23029
N(4h+12f, 31, [2,0,0,0,0,0,1,0,0,0,0,0], [1,1,0,0,0,0,0,0,0,0,0,0]) = 85398
N(4h+12f, 31, [2,0,0,0,0,0,1,0,0,0,0,0], [0,0,1,0,0,0,0,0,0,0,0,0]) = 59850
N(4h+12f, 31, [1,4,0,0,0,0,0,0,0,0,0,0], [3,0,0,0,0,0,0,0,0,0,0,0]) = 22818
N(4h+12f, 31, [1,4,0,0,0,0,0,0,0,0,0,0], [1,1,0,0,0,0,0,0,0,0,0,0]) = 84584
N(4h+12f, 31, [1,4,0,0,0,0,0,0,0,0,0,0], [0,0,1,0,0,0,0,0,0,0,0,0]) = 59259
N(4h+12f, 31, [1,2,0,1,0,0,0,0,0,0,0,0], [3,0,0,0,0,0,0,0,0,0,0,0]) = 22816
N(4h+12f, 31, [1,2,0,1,0,0,0,0,0,0,0,0], [1,1,0,0,0,0,0,0,0,0,0,0]) = 84576
N(4h+12f, 31, [1,2,0,1,0,0,0,0,0,0,0,0], [0,0,1,0,0,0,0,0,0,0,0,0]) = 59253
N(4h+12f, 31, [1,1,2,0,0,0,0,0,0,0,0,0], [3,0,0,0,0,0,0,0,0,0,0,0]) = 22815
N(4h+12f, 31, [1,1,2,0,0,0,0,0,0,0,0,0], [1,1,0,0,0,0,0,0,0,0,0,0]) = 84572
N(4h+12f, 31, [1,1,2,0,0,0,0,0,0,0,0,0], [0,0,1,0,0,0,0,0,0,0,0,0]) = 59250
N(4h+12f, 31, [1,1,0,0,0,1,0,0,0,0,0,0], [3,0,0,0,0,0,0,0,0,0,0,0]) = 22815
N(4h+12f, 31, [1,1,0,0,0,1,0,0,0,0,0,0], [1,1,0,0,0,0,0,0,0,0,0,0]) = 84572
N(4h+12f, 31, [1,1,0,0,0,1,0,0,0,0,0,0], [0,0,1,0,0,0,0,0,0,0,0,0]) = 59250
N(4h+12f, 31, [1,0,1,0,1,0,0,0,0,0,0,0], [3,0,0,0,0,0,0,0,0,0,0,0]) = 22814
N(4h+12f, 31, [1,0,1,0,1,0,0,0,0,0,0,0], [1,1,0,0,0,0,0,0,0,0,0,0]) = 84568
N(4h+12f, 31, [1,0,1,0,1,0,0,0,0,0,0,0], [0,0,1,0,0,0,0,0,0,0,0,0]) = 59247
N(4h+12f, 31, [1,0,0,2,0,0,0,0,0,0,0,0], [3,0,0,0,0,0,0,0,0,0,0,0]) = 22814
N(4h+12f, 31, [1,0,0,2,0,0,0,0,0,0,0,0], [1,1,0,0,0,0,0,0,0,0,0,0]) = 84568
N(4h+12f, 31, [1,0,0,2,0,0,0,0,0,0,0,0], [0,0,1,0,0,0,0,0,0,0,0,0]) = 59247
N(4h+12f, 31, [1,0,0,0,0,0,0,1,0,0,0,0], [3,0,0,0,0,0,0,0,0,0,0,0]) = 22814
N(4h+12f, 31, [1,0,0,0,0,0,0,1,0,0,0,0], [1,1,0,0,0,0,0,0,0,0,0,0]) = 84568
N(4h+12f, 31, [1,0,0,0,0,0,0,1,0,0,0,0], [0,0,1,0,0,0,0,0,0,0,0,0]) = 59247
N(4h+12f, 31, [0,3,1,0,0,0,0,0,0,0,0,0], [3,0,0,0,0,0,0,0,0,0,0,0]) = 22603
N(4h+12f, 31, [0,3,1,0,0,0,0,0,0,0,0,0], [1,1,0,0,0,0,0,0,0,0,0,0]) = 83754
N(4h+12f, 31, [0,3,1,0,0,0,0,0,0,0,0,0], [0,0,1,0,0,0,0,0,0,0,0,0]) = 58656
N(4h+12f, 31, [0,2,0,0,1,0,0,0,0,0,0,0], [3,0,0,0,0,0,0,0,0,0,0,0]) = 22602
N(4h+12f, 31, [0,2,0,0,1,0,0,0,0,0,0,0], [1,1,0,0,0,0,0,0,0,0,0,0]) = 83750
N(4h+12f, 31, [0,2,0,0,1,0,0,0,0,0,0,0], [0,0,1,0,0,0,0,0,0,0,0,0]) = 58653
N(4h+12f, 31, [0,1,1,1,0,0,0,0,0,0,0,0], [3,0,0,0,0,0,0,0,0,0,0,0]) = 22601
N(4h+12f, 31, [0,1,1,1,0,0,0,0,0,0,0,0], [1,1,0,0,0,0,0,0,0,0,0,0]) = 83746
N(4h+12f, 31, [0,1,1,1,0,0,0,0,0,0,0,0], [0,0,1,0,0,0,0,0,0,0,0,0]) = 58650
N(4h+12f, 31, [0,1,0,0,0,0,1,0,0,0,0,0], [3,0,0,0,0,0,0,0,0,0,0,0]) = 22601
N(4h+12f, 31, [0,1,0,0,0,0,1,0,0,0,0,0], [1,1,0,0,0,0,0,0,0,0,0,0]) = 83746
N(4h+12f, 31, [0,1,0,0,0,0,1,0,0,0,0,0], [0,0,1,0,0,0,0,0,0,0,0,0]) = 58650
N(4h+12f, 31, [0,0,3,0,0,0,0,0,0,0,0,0], [3,0,0,0,0,0,0,0,0,0,0,0]) = 22600
N(4h+12f, 31, [0,0,3,0,0,0,0,0,0,0,0,0], [1,1,0,0,0,0,0,0,0,0,0,0]) = 83742
N(4h+12f, 31, [0,0,3,0,0,0,0,0,0,0,0,0], [0,0,1,0,0,0,0,0,0,0,0,0]) = 58647
N(4h+12f, 31, [0,0,1,0,0,1,0,0,0,0,0,0], [3,0,0,0,0,0,0,0,0,0,0,0]) = 22600
N(4h+12f, 31, [0,0,1,0,0,1,0,0,0,0,0,0], [1,1,0,0,0,0,0,0,0,0,0,0]) = 83742
N(4h+12f, 31, [0,0,1,0,0,1,0,0,0,0,0,0], [0,0,1,0,0,0,0,0,0,0,0,0]) = 58647
N(4h+12f, 31, [0,0,0,1,1,0,0,0,0,0,0,0], [3,0,0,0,0,0,0,0,0,0,0,0]) = 22600
N(4h+12f, 31, [0,0,0,1,1,0,0,0,0,0,0,0], [1,1,0,0,0,0,0,0,0,0,0,0]) = 83742
N(4h+12f, 31, [0,0,0,1,1,0,0,0,0,0,0,0], [0,0,1,0,0,0,0,0,0,0,0,0]) = 58647
N(4h+12f, 31, [0,0,0,0,0,0,0,0,1,0,0,0], [3,0,0,0,0,0,0,0,0,0,0,0]) = 22600
N(4h+12f, 31, [0,0,0,0,0,0,0,0,1,0,0,0], [1,1,0,0,0,0,0,0,0,0,0,0]) = 83742
N(4h+12f, 31, [0,0,0,0,0,0,0,0,1,0,0,0], [0,0,1,0,0,0,0,0,0,0,0,0]) = 58647
N(4h+12f, 31, [8,0,0,0,0,0,0,0,0,0,0,0], [4,0,0,0,0,0,0,0,0,0,0,0]) = 24562
N(4h+12f, 31, [8,0,0,0,0,0,0,0,0,0,0,0], [2,1,0,0,0,0,0,0,0,0,0,0]) = 139560
N(4h+12f, 31, [8,0,0,0,0,0,0,0,0,0,0,0], [1,0,1,0,0,0,0,0,0,0,0,0]) = 135654
N(4h+12f, 31, [8,0,0,0,0,0,0,0,0,0,0,0], [0,2,0,0,0,0,0,0,0,0,0,0]) = 84760
N(4h+12f, 31, [8,0,0,0,0,0,0,0,0,0,0,0], [0,0,0,1,0,0,0,0,0,0,0,0]) = 84708
N(4h+12f, 31, [6,1,0,0,0,0,0,0,0,0,0,0], [4,0,0,0,0,0,0,0,0,0,0,0]) = 24120
N(4h+12f, 31, [6,1,0,0,0,0,0,0,0,0,0,0], [2,1,0,0,0,0,0,0,0,0,0,0]) = 136976
N(4h+12f, 31, [6,1,0,0,0,0,0,0,0,0,0,0], [1,0,1,0,0,0,0,0,0,0,0,0]) = 133104
N(4h+12f, 31, [6,1,0,0,0,0,0,0,0,0,0,0], [0,2,0,0,0,0,0,0,0,0,0,0]) = 83112
N(4h+12f, 31, [6,1,0,0,0,0,0,0,0,0,0,0], [0,0,0,1,0,0,0,0,0,0,0,0]) = 83060
N(4h+12f, 31, [5,0,1,0,0,0,0,0,0,0,0,0], [4,0,0,0,0,0,0,0,0,0,0,0]) = 23899
N(4h+12f, 31, [5,0,1,0,0,0,0,0,0,0,0,0], [2,1,0,0,0,0,0,0,0,0,0,0]) = 135684
N(4h+12f, 31, [5,0,1,0,0,0,0,0,0,0,0,0], [1,0,1,0,0,0,0,0,0,0,0,0]) = 131829
N(4h+12f, 31, [5,0,1,0,0,0,0,0,0,0,0,0], [0,2,0,0,0,0,0,0,0,0,0,0]) = 82288
N(4h+12f, 31, [5,0,1,0,0,0,0,0,0,0,0,0], [0,0,0,1,0,0,0,0,0,0,0,0]) = 82236
N(4h+12f, 31, [4,2,0,0,0,0,0,0,0,0,0,0], [4,0,0,0,0,0,0,0,0,0,0,0]) = 23682
N(4h+12f, 31, [4,2,0,0,0,0,0,0,0,0,0,0], [2,1,0,0,0,0,0,0,0,0,0,0]) = 134416
N(4h+12f, 31, [4,2,0,0,0,0,0,0,0,0,0,0], [1,0,1,0,0,0,0,0,0,0,0,0]) = 130578
N(4h+12f, 31, [4,2,0,0,0,0,0,0,0,0,0,0], [0,2,0,0,0,0,0,0,0,0,0,0]) = 81480
N(4h+12f, 31, [4,2,0,0,0,0,0,0,0,0,0,0], [0,0,0,1,0,0,0,0,0,0,0,0]) = 81428
N(4h+12f, 31, [4,0,0,1,0,0,0,0,0,0,0,0], [4,0,0,0,0,0,0,0,0,0,0,0]) = 23680
N(4h+12f, 31, [4,0,0,1,0,0,0,0,0,0,0,0], [2,1,0,0,0,0,0,0,0,0,0,0]) = 134404
N(4h+12f, 31, [4,0,0,1,0,0,0,0,0,0,0,0], [1,0,1,0,0,0,0,0,0,0,0,0]) = 130566
N(4h+12f, 31, [4,0,0,1,0,0,0,0,0,0,0,0], [0,2,0,0,0,0,0,0,0,0,0,0]) = 81472
N(4h+12f, 31, [4,0,0,1,0,0,0,0,0,0,0,0], [0,0,0,1,0,0,0,0,0,0,0,0]) = 81420
N(4h+12f, 31, [3,1,1,0,0,0,0,0,0,0,0,0], [4,0,0,0,0,0,0,0,0,0,0,0]) = 23463
N(4h+12f, 31, [3,1,1,0,0,0,0,0,0,0,0,0], [2,1,0,0,0,0,0,0,0,0,0,0]) = 133136
N(4h+12f, 31, [3,1,1,0,0,0,0,0,0,0,0,0], [1,0,1,0,0,0,0,0,0,0,0,0]) = 129315
N(4h+12f, 31, [3,1,1,0,0,0,0,0,0,0,0,0], [0,2,0,0,0,0,0,0,0,0,0,0]) = 80664
N(4h+12f, 31, [3,1,1,0,0,0,0,0,0,0,0,0], [0,0,0,1,0,0,0,0,0,0,0,0]) = 80612
N(4h+12f, 31, [3,0,0,0,1,0,0,0,0,0,0,0], [4,0,0,0,0,0,0,0,0,0,0,0]) = 23462
N(4h+12f, 31, [3,0,0,0,1,0,0,0,0,0,0,0], [2,1,0,0,0,0,0,0,0,0,0,0]) = 133130
N(4h+12f, 31, [3,0,0,0,1,0,0,0,0,0,0,0], [1,0,1,0,0,0,0,0,0,0,0,0]) = 129309
N(4h+12f, 31, [3,0,0,0,1,0,0,0,0,0,0,0], [0,2,0,0,0,0,0,0,0,0,0,0]) = 80660
N(4h+12f, 31, [3,0,0,0,1,0,0,0,0,0,0,0], [0,0,0,1,0,0,0,0,0,0,0,0]) = 80608
N(4h+12f, 31, [2,3,0,0,0,0,0,0,0,0,0,0], [4,0,0,0,0,0,0,0,0,0,0,0]) = 23248
N(4h+12f, 31, [2,3,0,0,0,0,0,0,0,0,0,0], [2,1,0,0,0,0,0,0,0,0,0,0]) = 131880
N(4h+12f, 31, [2,3,0,0,0,0,0,0,0,0,0,0], [1,0,1,0,0,0,0,0,0,0,0,0]) = 128076
N(4h+12f, 31, [2,3,0,0,0,0,0,0,0,0,0,0], [0,2,0,0,0,0,0,0,0,0,0,0]) = 79864
N(4h+12f, 31, [2,3,0,0,0,0,0,0,0,0,0,0], [0,0,0,1,0,0,0,0,0,0,0,0]) = 79812
N(4h+12f, 31, [2,1,0,1,0,0,0,0,0,0,0,0], [4,0,0,0,0,0,0,0,0,0,0,0]) = 23246
N(4h+12f, 31, [2,1,0,1,0,0,0,0,0,0,0,0], [2,1,0,0,0,0,0,0,0,0,0,0]) = 131868
N(4h+12f, 31, [2,1,0,1,0,0,0,0,0,0,0,0], [1,0,1,0,0,0,0,0,0,0,0,0]) = 128064
N(4h+12f, 31, [2,1,0,1,0,0,0,0,0,0,0,0], [0,2,0,0,0,0,0,0,0,0,0,0]) = 79856
N(4h+12f, 31, [2,1,0,1,0,0,0,0,0,0,0,0], [0,0,0,1,0,0,0,0,0,0,0,0]) = 79804
N(4h+12f, 31, [2,0,2,0,0,0,0,0,0,0,0,0], [4,0,0,0,0,0,0,0,0,0,0,0]) = 23245
N(4h+12f, 31, [2,0,2,0,0,0,0,0,0,0,0,0], [2,1,0,0,0,0,0,0,0,0,0,0]) = 131862
N(4h+12f, 31, [2,0,2,0,0,0,0,0,0,0,0,0], [1,0,1,0,0,0,0,0,0,0,0,0]) = 128058
N(4h+12f, 31, [2,0,2,0,0,0,0,0,0,0,0,0], [0,2,0,0,0,0,0,0,0,0,0,0]) = 79852
N(4h+12f, 31, [2,0,2,0,0,0,0,0,0,0,0,0], [0,0,0,1,0,0,0,0,0,0,0,0]) = 79800
N(4h+12f, 31, [2,0,0,0,0,1,0,0,0,0,0,0], [4,0,0,0,0,0,0,0,0,0,0,0]) = 23245
N(4h+12f, 31, [2,0,0,0,0,1,0,0,0,0,0,0], [2,1,0,0,0,0,0,0,0,0,0,0]) = 131862
N(4h+12f, 31, [2,0,0,0,0,1,0,0,0,0,0,0], [1,0,1,0,0,0,0,0,0,0,0,0]) = 128058
N(4h+12f, 31, [2,0,0,0,0,1,0,0,0,0,0,0], [0,2,0,0,0,0,0,0,0,0,0,0]) = 79852
N(4h+12f, 31, [2,0,0,0,0,1,0,0,0,0,0,0], [0,0,0,1,0,0,0,0,0,0,0,0]) = 79800
N(4h+12f, 31, [1,2,1,0,0,0,0,0,0,0,0,0], [4,0,0,0,0,0,0,0,0,0,0,0]) = 23031
N(4h+12f, 31, [1,2,1,0,0,0,0,0,0,0,0,0], [2,1,0,0,0,0,0,0,0,0,0,0]) = 130612
N(4h+12f, 31, [1,2,1,0,0,0,0,0,0,0,0,0], [1,0,1,0,0,0,0,0,0,0,0,0]) = 126825
N(4h+12f, 31, [1,2,1,0,0,0,0,0,0,0,0,0], [0,2,0,0,0,0,0,0,0,0,0,0]) = 79056
N(4h+12f, 31, [1,2,1,0,0,0,0,0,0,0,0,0], [0,0,0,1,0,0,0,0,0,0,0,0]) = 79004
N(4h+12f, 31, [1,1,0,0,1,0,0,0,0,0,0,0], [4,0,0,0,0,0,0,0,0,0,0,0]) = 23030
N(4h+12f, 31, [1,1,0,0,1,0,0,0,0,0,0,0], [2,1,0,0,0,0,0,0,0,0,0,0]) = 130606
N(4h+12f, 31, [1,1,0,0,1,0,0,0,0,0,0,0], [1,0,1,0,0,0,0,0,0,0,0,0]) = 126819
N(4h+12f, 31, [1,1,0,0,1,0,0,0,0,0,0,0], [0,2,0,0,0,0,0,0,0,0,0,0]) = 79052
N(4h+12f, 31, [1,1,0,0,1,0,0,0,0,0,0,0], [0,0,0,1,0,0,0,0,0,0,0,0]) = 79000
N(4h+12f, 31, [1,0,1,1,0,0,0,0,0,0,0,0], [4,0,0,0,0,0,0,0,0,0,0,0]) = 23029
N(4h+12f, 31, [1,0,1,1,0,0,0,0,0,0,0,0], [2,1,0,0,0,0,0,0,0,0,0,0]) = 130600
N(4h+12f, 31, [1,0,1,1,0,0,0,0,0,0,0,0], [1,0,1,0,0,0,0,0,0,0,0,0]) = 126813
N(4h+12f, 31, [1,0,1,1,0,0,0,0,0,0,0,0], [0,2,0,0,0,0,0,0,0,0,0,0]) = 79048
N(4h+12f, 31, [1,0,1,1,0,0,0,0,0,0,0,0], [0,0,0,1,0,0,0,0,0,0,0,0]) = 78996
N(4h+12f, 31, [1,0,0,0,0,0,1,0,0,0,0,0], [4,0,0,0,0,0,0,0,0,0,0,0]) = 23029
N(4h+12f, 31, [1,0,0,0,0,0,1,0,0,0,0,0], [2,1,0,0,0,0,0,0,0,0,0,0]) = 130600
N(4h+12f, 31, [1,0,0,0,0,0,1,0,0,0,0,0], [1,0,1,0,0,0,0,0,0,0,0,0]) = 126813
N(4h+12f, 31, [1,0,0,0,0,0,1,0,0,0,0,0], [0,2,0,0,0,0,0,0,0,0,0,0]) = 79048
N(4h+12f, 31, [1,0,0,0,0,0,1,0,0,0,0,0], [0,0,0,1,0,0,0,0,0,0,0,0]) = 78996
N(4h+12f, 31, [0,4,0,0,0,0,0,0,0,0,0,0], [4,0,0,0,0,0,0,0,0,0,0,0]) = 22818
N(4h+12f, 31, [0,4,0,0,0,0,0,0,0,0,0,0], [2,1,0,0,0,0,0,0,0,0,0,0]) = 129368
N(4h+12f, 31, [0,4,0,0,0,0,0,0,0,0,0,0], [1,0,1,0,0,0,0,0,0,0,0,0]) = 125598
N(4h+12f, 31, [0,4,0,0,0,0,0,0,0,0,0,0], [0,2,0,0,0,0,0,0,0,0,0,0]) = 78264
N(4h+12f, 31, [0,4,0,0,0,0,0,0,0,0,0,0], [0,0,0,1,0,0,0,0,0,0,0,0]) = 78212
N(4h+12f, 31, [0,2,0,1,0,0,0,0,0,0,0,0], [4,0,0,0,0,0,0,0,0,0,0,0]) = 22816
N(4h+12f, 31, [0,2,0,1,0,0,0,0,0,0,0,0], [2,1,0,0,0,0,0,0,0,0,0,0]) = 129356
N(4h+12f, 31, [0,2,0,1,0,0,0,0,0,0,0,0], [1,0,1,0,0,0,0,0,0,0,0,0]) = 125586
N(4h+12f, 31, [0,2,0,1,0,0,0,0,0,0,0,0], [0,2,0,0,0,0,0,0,0,0,0,0]) = 78256
N(4h+12f, 31, [0,2,0,1,0,0,0,0,0,0,0,0], [0,0,0,1,0,0,0,0,0,0,0,0]) = 78204
N(4h+12f, 31, [0,1,2,0,0,0,0,0,0,0,0,0], [4,0,0,0,0,0,0,0,0,0,0,0]) = 22815
N(4h+12f, 31, [0,1,2,0,0,0,0,0,0,0,0,0], [2,1,0,0,0,0,0,0,0,0,0,0]) = 129350
N(4h+12f, 31, [0,1,2,0,0,0,0,0,0,0,0,0], [1,0,1,0,0,0,0,0,0,0,0,0]) = 125580
N(4h+12f, 31, [0,1,2,0,0,0,0,0,0,0,0,0], [0,2,0,0,0,0,0,0,0,0,0,0]) = 78252
N(4h+12f, 31, [0,1,2,0,0,0,0,0,0,0,0,0], [0,0,0,1,0,0,0,0,0,0,0,0]) = 78200
N(4h+12f, 31, [0,1,0,0,0,1,0,0,0,0,0,0], [4,0,0,0,0,0,0,0,0,0,0,0]) = 22815
N(4h+12f, 31, [0,1,0,0,0,1,0,0,0,0,0,0], [2,1,0,0,0,0,0,0,0,0,0,0]) = 129350
N(4h+12f, 31, [0,1,0,0,0,1,0,0,0,0,0,0], [1,0,1,0,0,0,0,0,0,0,0,0]) = 125580
N(4h+12f, 31, [0,1,0,0,0,1,0,0,0,0,0,0], [0,2,0,0,0,0,0,0,0,0,0,0]) = 78252
N(4h+12f, 31, [0,1,0,0,0,1,0,0,0,0,0,0], [0,0,0,1,0,0,0,0,0,0,0,0]) = 78200
N(4h+12f, 31, [0,0,1,0,1,0,0,0,0,0,0,0], [4,0,0,0,0,0,0,0,0,0,0,0]) = 22814
N(4h+12f, 31, [0,0,1,0,1,0,0,0,0,0,0,0], [2,1,0,0,0,0,0,0,0,0,0,0]) = 129344
N(4h+12f, 31, [0,0,1,0,1,0,0,0,0,0,0,0], [1,0,1,0,0,0,0,0,0,0,0,0]) = 125574
N(4h+12f, 31, [0,0,1,0,1,0,0,0,0,0,0,0], [0,2,0,0,0,0,0,0,0,0,0,0]) = 78248
N(4h+12f, 31, [0,0,1,0,1,0,0,0,0,0,0,0], [0,0,0,1,0,0,0,0,0,0,0,0]) = 78196
N(4h+12f, 31, [0,0,0,2,0,0,0,0,0,0,0,0], [4,0,0,0,0,0,0,0,0,0,0,0]) = 22814
N(4h+12f, 31, [0,0,0,2,0,0,0,0,0,0,0,0], [2,1,0,0,0,0,0,0,0,0,0,0]) = 129344
N(4h+12f, 31, [0,0,0,2,0,0,0,0,0,0,0,0], [1,0,1,0,0,0,0,0,0,0,0,0]) = 125574
N(4h+12f, 31, [0,0,0,2,0,0,0,0,0,0,0,0], [0,2,0,0,0,0,0,0,0,0,0,0]) = 78248
N(4h+12f, 31, [0,0,0,2,0,0,0,0,0,0,0,0], [0,0,0,1,0,0,0,0,0,0,0,0]) = 78196
N(4h+12f, 31, [0,0,0,0,0,0,0,1,0,0,0,0], [4,0,0,0,0,0,0,0,0,0,0,0]) = 22814
N(4h+12f, 31, [0,0,0,0,0,0,0,1,0,0,0,0], [2,1,0,0,0,0,0,0,0,0,0,0]) = 129344
N(4h+12f, 31, [0,0,0,0,0,0,0,1,0,0,0,0], [1,0,1,0,0,0,0,0,0,0,0,0]) = 125574
N(4h+12f, 31, [0,0,0,0,0,0,0,1,0,0,0,0], [0,2,0,0,0,0,0,0,0,0,0,0]) = 78248
N(4h+12f, 31, [0,0,0,0,0,0,0,1,0,0,0,0], [0,0,0,1,0,0,0,0,0,0,0,0]) = 78196
N(4h+12f, 31, [7,0,0,0,0,0,0,0,0,0,0,0], [5,0,0,0,0,0,0,0,0,0,0,0]) = 24562
N(4h+12f, 31, [7,0,0,0,0,0,0,0,0,0,0,0], [3,1,0,0,0,0,0,0,0,0,0,0]) = 187800
N(4h+12f, 31, [7,0,0,0,0,0,0,0,0,0,0,0], [2,0,1,0,0,0,0,0,0,0,0,0]) = 207351
N(4h+12f, 31, [7,0,0,0,0,0,0,0,0,0,0,0], [1,2,0,0,0,0,0,0,0,0,0,0]) = 263984
N(4h+12f, 31, [7,0,0,0,0,0,0,0,0,0,0,0], [1,0,0,1,0,0,0,0,0,0,0,0]) = 179164
N(4h+12f, 31, [7,0,0,0,0,0,0,0,0,0,0,0], [0,1,1,0,0,0,0,0,0,0,0,0]) = 251718
N(4h+12f, 31, [7,0,0,0,0,0,0,0,0,0,0,0], [0,0,0,0,1,0,0,0,0,0,0,0]) = 104850
N(4h+12f, 31, [5,1,0,0,0,0,0,0,0,0,0,0], [5,0,0,0,0,0,0,0,0,0,0,0]) = 24120
N(4h+12f, 31, [5,1,0,0,0,0,0,0,0,0,0,0], [3,1,0,0,0,0,0,0,0,0,0,0]) = 184340
N(4h+12f, 31, [5,1,0,0,0,0,0,0,0,0,0,0], [2,0,1,0,0,0,0,0,0,0,0,0]) = 203493
N(4h+12f, 31, [5,1,0,0,0,0,0,0,0,0,0,0], [1,2,0,0,0,0,0,0,0,0,0,0]) = 258952
N(4h+12f, 31, [5,1,0,0,0,0,0,0,0,0,0,0], [1,0,0,1,0,0,0,0,0,0,0,0]) = 175780
N(4h+12f, 31, [5,1,0,0,0,0,0,0,0,0,0,0], [0,1,1,0,0,0,0,0,0,0,0,0]) = 246798
N(4h+12f, 31, [5,1,0,0,0,0,0,0,0,0,0,0], [0,0,0,0,1,0,0,0,0,0,0,0]) = 102800
N(4h+12f, 31, [4,0,1,0,0,0,0,0,0,0,0,0], [5,0,0,0,0,0,0,0,0,0,0,0]) = 23899
N(4h+12f, 31, [4,0,1,0,0,0,0,0,0,0,0,0], [3,1,0,0,0,0,0,0,0,0,0,0]) = 182610
N(4h+12f, 31, [4,0,1,0,0,0,0,0,0,0,0,0], [2,0,1,0,0,0,0,0,0,0,0,0]) = 201564
N(4h+12f, 31, [4,0,1,0,0,0,0,0,0,0,0,0], [1,2,0,0,0,0,0,0,0,0,0,0]) = 256436
N(4h+12f, 31, [4,0,1,0,0,0,0,0,0,0,0,0], [1,0,0,1,0,0,0,0,0,0,0,0]) = 174088
N(4h+12f, 31, [4,0,1,0,0,0,0,0,0,0,0,0], [0,1,1,0,0,0,0,0,0,0,0,0]) = 244338
N(4h+12f, 31, [4,0,1,0,0,0,0,0,0,0,0,0], [0,0,0,0,1,0,0,0,0,0,0,0]) = 101775
N(4h+12f, 31, [3,2,0,0,0,0,0,0,0,0,0,0], [5,0,0,0,0,0,0,0,0,0,0,0]) = 23682
N(4h+12f, 31, [3,2,0,0,0,0,0,0,0,0,0,0], [3,1,0,0,0,0,0,0,0,0,0,0]) = 180912
N(4h+12f, 31, [3,2,0,0,0,0,0,0,0,0,0,0], [2,0,1,0,0,0,0,0,0,0,0,0]) = 199671
N(4h+12f, 31, [3,2,0,0,0,0,0,0,0,0,0,0], [1,2,0,0,0,0,0,0,0,0,0,0]) = 253968
N(4h+12f, 31, [3,2,0,0,0,0,0,0,0,0,0,0], [1,0,0,1,0,0,0,0,0,0,0,0]) = 172428
N(4h+12f, 31, [3,2,0,0,0,0,0,0,0,0,0,0], [0,1,1,0,0,0,0,0,0,0,0,0]) = 241926
N(4h+12f, 31, [3,2,0,0,0,0,0,0,0,0,0,0], [0,0,0,0,1,0,0,0,0,0,0,0]) = 100770
N(4h+12f, 31, [3,0,0,1,0,0,0,0,0,0,0,0], [5,0,0,0,0,0,0,0,0,0,0,0]) = 23680
N(4h+12f, 31, [3,0,0,1,0,0,0,0,0,0,0,0], [3,1,0,0,0,0,0,0,0,0,0,0]) = 180896
N(4h+12f, 31, [3,0,0,1,0,0,0,0,0,0,0,0], [2,0,1,0,0,0,0,0,0,0,0,0]) = 199653
N(4h+12f, 31, [3,0,0,1,0,0,0,0,0,0,0,0], [1,2,0,0,0,0,0,0,0,0,0,0]) = 253944
N(4h+12f, 31, [3,0,0,1,0,0,0,0,0,0,0,0], [1,0,0,1,0,0,0,0,0,0,0,0]) = 172412
N(4h+12f, 31, [3,0,0,1,0,0,0,0,0,0,0,0], [0,1,1,0,0,0,0,0,0,0,0,0]) = 241902
N(4h+12f, 31, [3,0,0,1,0,0,0,0,0,0,0,0], [0,0,0,0,1,0,0,0,0,0,0,0]) = 100760
N(4h+12f, 31, [2,1,1,0,0,0,0,0,0,0,0,0], [5,0,0,0,0,0,0,0,0,0,0,0]) = 23463
N(4h+12f, 31, [2,1,1,0,0,0,0,0,0,0,0,0], [3,1,0,0,0,0,0,0,0,0,0,0]) = 179198
N(4h+12f, 31, [2,1,1,0,0,0,0,0,0,0,0,0], [2,0,1,0,0,0,0,0,0,0,0,0]) = 197760
N(4h+12f, 31, [2,1,1,0,0,0,0,0,0,0,0,0], [1,2,0,0,0,0,0,0,0,0,0,0]) = 251476
N(4h+12f, 31, [2,1,1,0,0,0,0,0,0,0,0,0], [1,0,0,1,0,0,0,0,0,0,0,0]) = 170752
N(4h+12f, 31, [2,1,1,0,0,0,0,0,0,0,0,0], [0,1,1,0,0,0,0,0,0,0,0,0]) = 239490
N(4h+12f, 31, [2,1,1,0,0,0,0,0,0,0,0,0], [0,0,0,0,1,0,0,0,0,0,0,0]) = 99755
N(4h+12f, 31, [2,0,0,0,1,0,0,0,0,0,0,0], [5,0,0,0,0,0,0,0,0,0,0,0]) = 23462
N(4h+12f, 31, [2,0,0,0,1,0,0,0,0,0,0,0], [3,1,0,0,0,0,0,0,0,0,0,0]) = 179190
N(4h+12f, 31, [2,0,0,0,1,0,0,0,0,0,0,0], [2,0,1,0,0,0,0,0,0,0,0,0]) = 197751
N(4h+12f, 31, [2,0,0,0,1,0,0,0,0,0,0,0], [1,2,0,0,0,0,0,0,0,0,0,0]) = 251464
N(4h+12f, 31, [2,0,0,0,1,0,0,0,0,0,0,0], [1,0,0,1,0,0,0,0,0,0,0,0]) = 170744
N(4h+12f, 31, [2,0,0,0,1,0,0,0,0,0,0,0], [0,1,1,0,0,0,0,0,0,0,0,0]) = 239478
N(4h+12f, 31, [2,0,0,0,1,0,0,0,0,0,0,0], [0,0,0,0,1,0,0,0,0,0,0,0]) = 99750
N(4h+12f, 31, [1,3,0,0,0,0,0,0,0,0,0,0], [5,0,0,0,0,0,0,0,0,0,0,0]) = 23248
N(4h+12f, 31, [1,3,0,0,0,0,0,0,0,0,0,0], [3,1,0,0,0,0,0,0,0,0,0,0]) = 177516
N(4h+12f, 31, [1,3,0,0,0,0,0,0,0,0,0,0], [2,0,1,0,0,0,0,0,0,0,0,0]) = 195885
N(4h+12f, 31, [1,3,0,0,0,0,0,0,0,0,0,0], [1,2,0,0,0,0,0,0,0,0,0,0]) = 249032
N(4h+12f, 31, [1,3,0,0,0,0,0,0,0,0,0,0], [1,0,0,1,0,0,0,0,0,0,0,0]) = 169108
N(4h+12f, 31, [1,3,0,0,0,0,0,0,0,0,0,0], [0,1,1,0,0,0,0,0,0,0,0,0]) = 237102
N(4h+12f, 31, [1,3,0,0,0,0,0,0,0,0,0,0], [0,0,0,0,1,0,0,0,0,0,0,0]) = 98760
N(4h+12f, 31, [1,1,0,1,0,0,0,0,0,0,0,0], [5,0,0,0,0,0,0,0,0,0,0,0]) = 23246
N(4h+12f, 31, [1,1,0,1,0,0,0,0,0,0,0,0], [3,1,0,0,0,0,0,0,0,0,0,0]) = 177500
N(4h+12f, 31, [1,1,0,1,0,0,0,0,0,0,0,0], [2,0,1,0,0,0,0,0,0,0,0,0]) = 195867
N(4h+12f, 31, [1,1,0,1,0,0,0,0,0,0,0,0], [1,2,0,0,0,0,0,0,0,0,0,0]) = 249008
N(4h+12f, 31, [1,1,0,1,0,0,0,0,0,0,0,0], [1,0,0,1,0,0,0,0,0,0,0,0]) = 169092
N(4h+12f, 31, [1,1,0,1,0,0,0,0,0,0,0,0], [0,1,1,0,0,0,0,0,0,0,0,0]) = 237078
N(4h+12f, 31, [1,1,0,1,0,0,0,0,0,0,0,0], [0,0,0,0,1,0,0,0,0,0,0,0]) = 98750
N(4h+12f, 31, [1,0,2,0,0,0,0,0,0,0,0,0], [5,0,0,0,0,0,0,0,0,0,0,0]) = 23245
N(4h+12f, 31, [1,0,2,0,0,0,0,0,0,0,0,0], [3,1,0,0,0,0,0,0,0,0,0,0]) = 177492
N(4h+12f, 31, [1,0,2,0,0,0,0,0,0,0,0,0], [2,0,1,0,0,0,0,0,0,0,0,0]) = 195858
N(4h+12f, 31, [1,0,2,0,0,0,0,0,0,0,0,0], [1,2,0,0,0,0,0,0,0,0,0,0]) = 248996
N(4h+12f, 31, [1,0,2,0,0,0,0,0,0,0,0,0], [1,0,0,1,0,0,0,0,0,0,0,0]) = 169084
N(4h+12f, 31, [1,0,2,0,0,0,0,0,0,0,0,0], [0,1,1,0,0,0,0,0,0,0,0,0]) = 237066
N(4h+12f, 31, [1,0,2,0,0,0,0,0,0,0,0,0], [0,0,0,0,1,0,0,0,0,0,0,0]) = 98745
N(4h+12f, 31, [1,0,0,0,0,1,0,0,0,0,0,0], [5,0,0,0,0,0,0,0,0,0,0,0]) = 23245
N(4h+12f, 31, [1,0,0,0,0,1,0,0,0,0,0,0], [3,1,0,0,0,0,0,0,0,0,0,0]) = 177492
N(4h+12f, 31, [1,0,0,0,0,1,0,0,0,0,0,0], [2,0,1,0,0,0,0,0,0,0,0,0]) = 195858
N(4h+12f, 31, [1,0,0,0,0,1,0,0,0,0,0,0], [1,2,0,0,0,0,0,0,0,0,0,0]) = 248996
N(4h+12f, 31, [1,0,0,0,0,1,0,0,0,0,0,0], [1,0,0,1,0,0,0,0,0,0,0,0]) = 169084
N(4h+12f, 31, [1,0,0,0,0,1,0,0,0,0,0,0], [0,1,1,0,0,0,0,0,0,0,0,0]) = 237066
N(4h+12f, 31, [1,0,0,0,0,1,0,0,0,0,0,0], [0,0,0,0,1,0,0,0,0,0,0,0]) = 98745
N(4h+12f, 31, [0,2,1,0,0,0,0,0,0,0,0,0], [5,0,0,0,0,0,0,0,0,0,0,0]) = 23031
N(4h+12f, 31, [0,2,1,0,0,0,0,0,0,0,0,0], [3,1,0,0,0,0,0,0,0,0,0,0]) = 175818
N(4h+12f, 31, [0,2,1,0,0,0,0,0,0,0,0,0], [2,0,1,0,0,0,0,0,0,0,0,0]) = 193992
N(4h+12f, 31, [0,2,1,0,0,0,0,0,0,0,0,0], [1,2,0,0,0,0,0,0,0,0,0,0]) = 246564
N(4h+12f, 31, [0,2,1,0,0,0,0,0,0,0,0,0], [1,0,0,1,0,0,0,0,0,0,0,0]) = 167448
N(4h+12f, 31, [0,2,1,0,0,0,0,0,0,0,0,0], [0,1,1,0,0,0,0,0,0,0,0,0]) = 234690
N(4h+12f, 31, [0,2,1,0,0,0,0,0,0,0,0,0], [0,0,0,0,1,0,0,0,0,0,0,0]) = 97755
N(4h+12f, 31, [0,1,0,0,1,0,0,0,0,0,0,0], [5,0,0,0,0,0,0,0,0,0,0,0]) = 23030
N(4h+12f, 31, [0,1,0,0,1,0,0,0,0,0,0,0], [3,1,0,0,0,0,0,0,0,0,0,0]) = 175810
N(4h+12f, 31, [0,1,0,0,1,0,0,0,0,0,0,0], [2,0,1,0,0,0,0,0,0,0,0,0]) = 193983
N(4h+12f, 31, [0,1,0,0,1,0,0,0,0,0,0,0], [1,2,0,0,0,0,0,0,0,0,0,0]) = 246552
N(4h+12f, 31, [0,1,0,0,1,0,0,0,0,0,0,0], [1,0,0,1,0,0,0,0,0,0,0,0]) = 167440
N(4h+12f, 31, [0,1,0,0,1,0,0,0,0,0,0,0], [0,1,1,0,0,0,0,0,0,0,0,0]) = 234678
N(4h+12f, 31, [0,1,0,0,1,0,0,0,0,0,0,0], [0,0,0,0,1,0,0,0,0,0,0,0]) = 97750
N(4h+12f, 31, [0,0,1,1,0,0,0,0,0,0,0,0], [5,0,0,0,0,0,0,0,0,0,0,0]) = 23029
N(4h+12f, 31, [0,0,1,1,0,0,0,0,0,0,0,0], [3,1,0,0,0,0,0,0,0,0,0,0]) = 175802
N(4h+12f, 31, [0,0,1,1,0,0,0,0,0,0,0,0], [2,0,1,0,0,0,0,0,0,0,0,0]) = 193974
N(4h+12f, 31, [0,0,1,1,0,0,0,0,0,0,0,0], [1,2,0,0,0,0,0,0,0,0,0,0]) = 246540
N(4h+12f, 31, [0,0,1,1,0,0,0,0,0,0,0,0], [1,0,0,1,0,0,0,0,0,0,0,0]) = 167432
N(4h+12f, 31, [0,0,1,1,0,0,0,0,0,0,0,0], [0,1,1,0,0,0,0,0,0,0,0,0]) = 234666
N(4h+12f, 31, [0,0,1,1,0,0,0,0,0,0,0,0], [0,0,0,0,1,0,0,0,0,0,0,0]) = 97745
N(4h+12f, 31, [0,0,0,0,0,0,1,0,0,0,0,0], [5,0,0,0,0,0,0,0,0,0,0,0]) = 23029
N(4h+12f, 31, [0,0,0,0,0,0,1,0,0,0,0,0], [3,1,0,0,0,0,0,0,0,0,0,0]) = 175802
N(4h+12f, 31, [0,0,0,0,0,0,1,0,0,0,0,0], [2,0,1,0,0,0,0,0,0,0,0,0]) = 193974
N(4h+12f, 31, [0,0,0,0,0,0,1,0,0,0,0,0], [1,2,0,0,0,0,0,0,0,0,0,0]) = 246540
N(4h+12f, 31, [0,0,0,0,0,0,1,0,0,0,0,0], [1,0,0,1,0,0,0,0,0,0,0,0]) = 167432
N(4h+12f, 31, [0,0,0,0,0,0,1,0,0,0,0,0], [0,1,1,0,0,0,0,0,0,0,0,0]) = 234666
N(4h+12f, 31, [0,0,0,0,0,0,1,0,0,0,0,0], [0,0,0,0,1,0,0,0,0,0,0,0]) = 97745
N(4h+12f, 31, [6,0,0,0,0,0,0,0,0,0,0,0], [6,0,0,0,0,0,0,0,0,0,0,0]) = 24562
N(4h+12f, 31, [6,0,0,0,0,0,0,0,0,0,0,0], [4,1,0,0,0,0,0,0,0,0,0,0]) = 236040
N(4h+12f, 31, [6,0,0,0,0,0,0,0,0,0,0,0], [3,0,1,0,0,0,0,0,0,0,0,0]) = 279048
N(4h+12f, 31, [6,0,0,0,0,0,0,0,0,0,0,0], [2,2,0,0,0,0,0,0,0,0,0,0]) = 537936
N(4h+12f, 31, [6,0,0,0,0,0,0,0,0,0,0,0], [2,0,0,1,0,0,0,0,0,0,0,0]) = 273884
N(4h+12f, 31, [6,0,0,0,0,0,0,0,0,0,0,0], [1,1,1,0,0,0,0,0,0,0,0,0]) = 784200
N(4h+12f, 31, [6,0,0,0,0,0,0,0,0,0,0,0], [1,0,0,0,1,0,0,0,0,0,0,0]) = 221830
N(4h+12f, 31, [6,0,0,0,0,0,0,0,0,0,0,0], [0,3,0,0,0,0,0,0,0,0,0,0]) = 166224
N(4h+12f, 31, [6,0,0,0,0,0,0,0,0,0,0,0], [0,1,0,1,0,0,0,0,0,0,0,0]) = 332328
N(4h+12f, 31, [6,0,0,0,0,0,0,0,0,0,0,0], [0,0,2,0,0,0,0,0,0,0,0,0]) = 186876
N(4h+12f, 31, [6,0,0,0,0,0,0,0,0,0,0,0], [0,0,0,0,0,1,0,0,0,0,0,0]) = 124584
N(4h+12f, 31, [4,1,0,0,0,0,0,0,0,0,0,0], [6,0,0,0,0,0,0,0,0,0,0,0]) = 24120
N(4h+12f, 31, [4,1,0,0,0,0,0,0,0,0,0,0], [4,1,0,0,0,0,0,0,0,0,0,0]) = 231704
N(4h+12f, 31, [4,1,0,0,0,0,0,0,0,0,0,0], [3,0,1,0,0,0,0,0,0,0,0,0]) = 273882
N(4h+12f, 31, [4,1,0,0,0,0,0,0,0,0,0,0], [2,2,0,0,0,0,0,0,0,0,0,0]) = 527784
N(4h+12f, 31, [4,1,0,0,0,0,0,0,0,0,0,0], [2,0,0,1,0,0,0,0,0,0,0,0]) = 268764
N(4h+12f, 31, [4,1,0,0,0,0,0,0,0,0,0,0], [1,1,1,0,0,0,0,0,0,0,0,0]) = 769176
N(4h+12f, 31, [4,1,0,0,0,0,0,0,0,0,0,0], [1,0,0,0,1,0,0,0,0,0,0,0]) = 217620
N(4h+12f, 31, [4,1,0,0,0,0,0,0,0,0,0,0], [0,3,0,0,0,0,0,0,0,0,0,0]) = 162960
N(4h+12f, 31, [4,1,0,0,0,0,0,0,0,0,0,0], [0,1,0,1,0,0,0,0,0,0,0,0]) = 325800
N(4h+12f, 31, [4,1,0,0,0,0,0,0,0,0,0,0], [0,0,2,0,0,0,0,0,0,0,0,0]) = 183204
N(4h+12f, 31, [4,1,0,0,0,0,0,0,0,0,0,0], [0,0,0,0,0,1,0,0,0,0,0,0]) = 122136
N(4h+12f, 31, [3,0,1,0,0,0,0,0,0,0,0,0], [6,0,0,0,0,0,0,0,0,0,0,0]) = 23899
N(4h+12f, 31, [3,0,1,0,0,0,0,0,0,0,0,0], [4,1,0,0,0,0,0,0,0,0,0,0]) = 229536
N(4h+12f, 31, [3,0,1,0,0,0,0,0,0,0,0,0], [3,0,1,0,0,0,0,0,0,0,0,0]) = 271299
N(4h+12f, 31, [3,0,1,0,0,0,0,0,0,0,0,0], [2,2,0,0,0,0,0,0,0,0,0,0]) = 522708
N(4h+12f, 31, [3,0,1,0,0,0,0,0,0,0,0,0], [2,0,0,1,0,0,0,0,0,0,0,0]) = 266204
N(4h+12f, 31, [3,0,1,0,0,0,0,0,0,0,0,0], [1,1,1,0,0,0,0,0,0,0,0,0]) = 761664
N(4h+12f, 31, [3,0,1,0,0,0,0,0,0,0,0,0], [1,0,0,0,1,0,0,0,0,0,0,0]) = 215515
N(4h+12f, 31, [3,0,1,0,0,0,0,0,0,0,0,0], [0,3,0,0,0,0,0,0,0,0,0,0]) = 161328
N(4h+12f, 31, [3,0,1,0,0,0,0,0,0,0,0,0], [0,1,0,1,0,0,0,0,0,0,0,0]) = 322536
N(4h+12f, 31, [3,0,1,0,0,0,0,0,0,0,0,0], [0,0,2,0,0,0,0,0,0,0,0,0]) = 181368
N(4h+12f, 31, [3,0,1,0,0,0,0,0,0,0,0,0], [0,0,0,0,0,1,0,0,0,0,0,0]) = 120912
N(4h+12f, 31, [2,2,0,0,0,0,0,0,0,0,0,0], [6,0,0,0,0,0,0,0,0,0,0,0]) = 23682
N(4h+12f, 31, [2,2,0,0,0,0,0,0,0,0,0,0], [4,1,0,0,0,0,0,0,0,0,0,0]) = 227408
N(4h+12f, 31, [2,2,0,0,0,0,0,0,0,0,0,0], [3,0,1,0,0,0,0,0,0,0,0,0]) = 268764
N(4h+12f, 31, [2,2,0,0,0,0,0,0,0,0,0,0], [2,2,0,0,0,0,0,0,0,0,0,0]) = 517728
N(4h+12f, 31, [2,2,0,0,0,0,0,0,0,0,0,0], [2,0,0,1,0,0,0,0,0,0,0,0]) = 263692
N(4h+12f, 31, [2,2,0,0,0,0,0,0,0,0,0,0], [1,1,1,0,0,0,0,0,0,0,0,0]) = 754296
N(4h+12f, 31, [2,2,0,0,0,0,0,0,0,0,0,0], [1,0,0,0,1,0,0,0,0,0,0,0]) = 213450
N(4h+12f, 31, [2,2,0,0,0,0,0,0,0,0,0,0], [0,3,0,0,0,0,0,0,0,0,0,0]) = 159728
N(4h+12f, 31, [2,2,0,0,0,0,0,0,0,0,0,0], [0,1,0,1,0,0,0,0,0,0,0,0]) = 319336
N(4h+12f, 31, [2,2,0,0,0,0,0,0,0,0,0,0], [0,0,2,0,0,0,0,0,0,0,0,0]) = 179568
N(4h+12f, 31, [2,2,0,0,0,0,0,0,0,0,0,0], [0,0,0,0,0,1,0,0,0,0,0,0]) = 119712
N(4h+12f, 31, [2,0,0,1,0,0,0,0,0,0,0,0], [6,0,0,0,0,0,0,0,0,0,0,0]) = 23680
N(4h+12f, 31, [2,0,0,1,0,0,0,0,0,0,0,0], [4,1,0,0,0,0,0,0,0,0,0,0]) = 227388
N(4h+12f, 31, [2,0,0,1,0,0,0,0,0,0,0,0], [3,0,1,0,0,0,0,0,0,0,0,0]) = 268740
N(4h+12f, 31, [2,0,0,1,0,0,0,0,0,0,0,0], [2,2,0,0,0,0,0,0,0,0,0,0]) = 517680
N(4h+12f, 31, [2,0,0,1,0,0,0,0,0,0,0,0], [2,0,0,1,0,0,0,0,0,0,0,0]) = 263668
N(4h+12f, 31, [2,0,0,1,0,0,0,0,0,0,0,0], [1,1,1,0,0,0,0,0,0,0,0,0]) = 754224
N(4h+12f, 31, [2,0,0,1,0,0,0,0,0,0,0,0], [1,0,0,0,1,0,0,0,0,0,0,0]) = 213430
N(4h+12f, 31, [2,0,0,1,0,0,0,0,0,0,0,0], [0,3,0,0,0,0,0,0,0,0,0,0]) = 159712
N(4h+12f, 31, [2,0,0,1,0,0,0,0,0,0,0,0], [0,1,0,1,0,0,0,0,0,0,0,0]) = 319304
N(4h+12f, 31, [2,0,0,1,0,0,0,0,0,0,0,0], [0,0,2,0,0,0,0,0,0,0,0,0]) = 179550
N(4h+12f, 31, [2,0,0,1,0,0,0,0,0,0,0,0], [0,0,0,0,0,1,0,0,0,0,0,0]) = 119700
N(4h+12f, 31, [1,1,1,0,0,0,0,0,0,0,0,0], [6,0,0,0,0,0,0,0,0,0,0,0]) = 23463
N(4h+12f, 31, [1,1,1,0,0,0,0,0,0,0,0,0], [4,1,0,0,0,0,0,0,0,0,0,0]) = 225260
N(4h+12f, 31, [1,1,1,0,0,0,0,0,0,0,0,0], [3,0,1,0,0,0,0,0,0,0,0,0]) = 266205
N(4h+12f, 31, [1,1,1,0,0,0,0,0,0,0,0,0], [2,2,0,0,0,0,0,0,0,0,0,0]) = 512700
N(4h+12f, 31, [1,1,1,0,0,0,0,0,0,0,0,0], [2,0,0,1,0,0,0,0,0,0,0,0]) = 261156
N(4h+12f, 31, [1,1,1,0,0,0,0,0,0,0,0,0], [1,1,1,0,0,0,0,0,0,0,0,0]) = 746856
N(4h+12f, 31, [1,1,1,0,0,0,0,0,0,0,0,0], [1,0,0,0,1,0,0,0,0,0,0,0]) = 211365
N(4h+12f, 31, [1,1,1,0,0,0,0,0,0,0,0,0], [0,3,0,0,0,0,0,0,0,0,0,0]) = 158112
N(4h+12f, 31, [1,1,1,0,0,0,0,0,0,0,0,0], [0,1,0,1,0,0,0,0,0,0,0,0]) = 316104
N(4h+12f, 31, [1,1,1,0,0,0,0,0,0,0,0,0], [0,0,2,0,0,0,0,0,0,0,0,0]) = 177750
N(4h+12f, 31, [1,1,1,0,0,0,0,0,0,0,0,0], [0,0,0,0,0,1,0,0,0,0,0,0]) = 118500
N(4h+12f, 31, [1,0,0,0,1,0,0,0,0,0,0,0], [6,0,0,0,0,0,0,0,0,0,0,0]) = 23462
N(4h+12f, 31, [1,0,0,0,1,0,0,0,0,0,0,0], [4,1,0,0,0,0,0,0,0,0,0,0]) = 225250
N(4h+12f, 31, [1,0,0,0,1,0,0,0,0,0,0,0], [3,0,1,0,0,0,0,0,0,0,0,0]) = 266193
N(4h+12f, 31, [1,0,0,0,1,0,0,0,0,0,0,0], [2,2,0,0,0,0,0,0,0,0,0,0]) = 512676
N(4h+12f, 31, [1,0,0,0,1,0,0,0,0,0,0,0], [2,0,0,1,0,0,0,0,0,0,0,0]) = 261144
N(4h+12f, 31, [1,0,0,0,1,0,0,0,0,0,0,0], [1,1,1,0,0,0,0,0,0,0,0,0]) = 746820
N(4h+12f, 31, [1,0,0,0,1,0,0,0,0,0,0,0], [1,0,0,0,1,0,0,0,0,0,0,0]) = 211355
N(4h+12f, 31, [1,0,0,0,1,0,0,0,0,0,0,0], [0,3,0,0,0,0,0,0,0,0,0,0]) = 158104
N(4h+12f, 31, [1,0,0,0,1,0,0,0,0,0,0,0], [0,1,0,1,0,0,0,0,0,0,0,0]) = 316088
N(4h+12f, 31, [1,0,0,0,1,0,0,0,0,0,0,0], [0,0,2,0,0,0,0,0,0,0,0,0]) = 177741
N(4h+12f, 31, [1,0,0,0,1,0,0,0,0,0,0,0], [0,0,0,0,0,1,0,0,0,0,0,0]) = 118494
N(4h+12f, 31, [0,3,0,0,0,0,0,0,0,0,0,0], [6,0,0,0,0,0,0,0,0,0,0,0]) = 23248
N(4h+12f, 31, [0,3,0,0,0,0,0,0,0,0,0,0], [4,1,0,0,0,0,0,0,0,0,0,0]) = 223152
N(4h+12f, 31, [0,3,0,0,0,0,0,0,0,0,0,0], [3,0,1,0,0,0,0,0,0,0,0,0]) = 263694
N(4h+12f, 31, [0,3,0,0,0,0,0,0,0,0,0,0], [2,2,0,0,0,0,0,0,0,0,0,0]) = 507768
N(4h+12f, 31, [0,3,0,0,0,0,0,0,0,0,0,0], [2,0,0,1,0,0,0,0,0,0,0,0]) = 258668
N(4h+12f, 31, [0,3,0,0,0,0,0,0,0,0,0,0], [1,1,1,0,0,0,0,0,0,0,0,0]) = 739560
N(4h+12f, 31, [0,3,0,0,0,0,0,0,0,0,0,0], [1,0,0,0,1,0,0,0,0,0,0,0]) = 209320
N(4h+12f, 31, [0,3,0,0,0,0,0,0,0,0,0,0], [0,3,0,0,0,0,0,0,0,0,0,0]) = 156528
N(4h+12f, 31, [0,3,0,0,0,0,0,0,0,0,0,0], [0,1,0,1,0,0,0,0,0,0,0,0]) = 312936
N(4h+12f, 31, [0,3,0,0,0,0,0,0,0,0,0,0], [0,0,2,0,0,0,0,0,0,0,0,0]) = 175968
N(4h+12f, 31, [0,3,0,0,0,0,0,0,0,0,0,0], [0,0,0,0,0,1,0,0,0,0,0,0]) = 117312
N(4h+12f, 31, [0,1,0,1,0,0,0,0,0,0,0,0], [6,0,0,0,0,0,0,0,0,0,0,0]) = 23246
N(4h+12f, 31, [0,1,0,1,0,0,0,0,0,0,0,0], [4,1,0,0,0,0,0,0,0,0,0,0]) = 223132
N(4h+12f, 31, [0,1,0,1,0,0,0,0,0,0,0,0], [3,0,1,0,0,0,0,0,0,0,0,0]) = 263670
N(4h+12f, 31, [0,1,0,1,0,0,0,0,0,0,0,0], [2,2,0,0,0,0,0,0,0,0,0,0]) = 507720
N(4h+12f, 31, [0,1,0,1,0,0,0,0,0,0,0,0], [2,0,0,1,0,0,0,0,0,0,0,0]) = 258644
N(4h+12f, 31, [0,1,0,1,0,0,0,0,0,0,0,0], [1,1,1,0,0,0,0,0,0,0,0,0]) = 739488
N(4h+12f, 31, [0,1,0,1,0,0,0,0,0,0,0,0], [1,0,0,0,1,0,0,0,0,0,0,0]) = 209300
N(4h+12f, 31, [0,1,0,1,0,0,0,0,0,0,0,0], [0,3,0,0,0,0,0,0,0,0,0,0]) = 156512
N(4h+12f, 31, [0,1,0,1,0,0,0,0,0,0,0,0], [0,1,0,1,0,0,0,0,0,0,0,0]) = 312904
N(4h+12f, 31, [0,1,0,1,0,0,0,0,0,0,0,0], [0,0,2,0,0,0,0,0,0,0,0,0]) = 175950
N(4h+12f, 31, [0,1,0,1,0,0,0,0,0,0,0,0], [0,0,0,0,0,1,0,0,0,0,0,0]) = 117300
N(4h+12f, 31, [0,0,2,0,0,0,0,0,0,0,0,0], [6,0,0,0,0,0,0,0,0,0,0,0]) = 23245
N(4h+12f, 31, [0,0,2,0,0,0,0,0,0,0,0,0], [4,1,0,0,0,0,0,0,0,0,0,0]) = 223122
N(4h+12f, 31, [0,0,2,0,0,0,0,0,0,0,0,0], [3,0,1,0,0,0,0,0,0,0,0,0]) = 263658
N(4h+12f, 31, [0,0,2,0,0,0,0,0,0,0,0,0], [2,2,0,0,0,0,0,0,0,0,0,0]) = 507696
N(4h+12f, 31, [0,0,2,0,0,0,0,0,0,0,0,0], [2,0,0,1,0,0,0,0,0,0,0,0]) = 258632
N(4h+12f, 31, [0,0,2,0,0,0,0,0,0,0,0,0], [1,1,1,0,0,0,0,0,0,0,0,0]) = 739452
N(4h+12f, 31, [0,0,2,0,0,0,0,0,0,0,0,0], [1,0,0,0,1,0,0,0,0,0,0,0]) = 209290
N(4h+12f, 31, [0,0,2,0,0,0,0,0,0,0,0,0], [0,3,0,0,0,0,0,0,0,0,0,0]) = 156504
N(4h+12f, 31, [0,0,2,0,0,0,0,0,0,0,0,0], [0,1,0,1,0,0,0,0,0,0,0,0]) = 312888
N(4h+12f, 31, [0,0,2,0,0,0,0,0,0,0,0,0], [0,0,2,0,0,0,0,0,0,0,0,0]) = 175941
N(4h+12f, 31, [0,0,2,0,0,0,0,0,0,0,0,0], [0,0,0,0,0,1,0,0,0,0,0,0]) = 117294
N(4h+12f, 31, [0,0,0,0,0,1,0,0,0,0,0,0], [6,0,0,0,0,0,0,0,0,0,0,0]) = 23245
N(4h+12f, 31, [0,0,0,0,0,1,0,0,0,0,0,0], [4,1,0,0,0,0,0,0,0,0,0,0]) = 223122
N(4h+12f, 31, [0,0,0,0,0,1,0,0,0,0,0,0], [3,0,1,0,0,0,0,0,0,0,0,0]) = 263658
N(4h+12f, 31, [0,0,0,0,0,1,0,0,0,0,0,0], [2,2,0,0,0,0,0,0,0,0,0,0]) = 507696
N(4h+12f, 31, [0,0,0,0,0,1,0,0,0,0,0,0], [2,0,0,1,0,0,0,0,0,0,0,0]) = 258632
N(4h+12f, 31, [0,0,0,0,0,1,0,0,0,0,0,0], [1,1,1,0,0,0,0,0,0,0,0,0]) = 739452
N(4h+12f, 31, [0,0,0,0,0,1,0,0,0,0,0,0], [1,0,0,0,1,0,0,0,0,0,0,0]) = 209290
N(4h+12f, 31, [0,0,0,0,0,1,0,0,0,0,0,0], [0,3,0,0,0,0,0,0,0,0,0,0]) = 156504
N(4h+12f, 31, [0,0,0,0,0,1,0,0,0,0,0,0], [0,1,0,1,0,0,0,0,0,0,0,0]) = 312888
N(4h+12f, 31, [0,0,0,0,0,1,0,0,0,0,0,0], [0,0,2,0,0,0,0,0,0,0,0,0]) = 175941
N(4h+12f, 31, [0,0,0,0,0,1,0,0,0,0,0,0], [0,0,0,0,0,1,0,0,0,0,0,0]) = 117294
N(4h+12f, 31, [5,0,0,0,0,0,0,0,0,0,0,0], [7,0,0,0,0,0,0,0,0,0,0,0]) = 24562
N(4h+12f, 31, [5,0,0,0,0,0,0,0,0,0,0,0], [5,1,0,0,0,0,0,0,0,0,0,0]) = 284280
N(4h+12f, 31, [5,0,0,0,0,0,0,0,0,0,0,0], [4,0,1,0,0,0,0,0,0,0,0,0]) = 350745
N(4h+12f, 31, [5,0,0,0,0,0,0,0,0,0,0,0], [3,2,0,0,0,0,0,0,0,0,0,0]) = 906616
N(4h+12f, 31, [5,0,0,0,0,0,0,0,0,0,0,0], [3,0,0,1,0,0,0,0,0,0,0,0]) = 368604
N(4h+12f, 31, [5,0,0,0,0,0,0,0,0,0,0,0], [2,1,1,0,0,0,0,0,0,0,0,0]) = 1598238
N(4h+12f, 31, [5,0,0,0,0,0,0,0,0,0,0,0], [2,0,0,0,1,0,0,0,0,0,0,0]) = 339140
N(4h+12f, 31, [5,0,0,0,0,0,0,0,0,0,0,0], [1,3,0,0,0,0,0,0,0,0,0,0]) = 684128
N(4h+12f, 31, [5,0,0,0,0,0,0,0,0,0,0,0], [1,1,0,1,0,0,0,0,0,0,0,0]) = 1035536
N(4h+12f, 31, [5,0,0,0,0,0,0,0,0,0,0,0], [1,0,2,0,0,0,0,0,0,0,0,0]) = 582363
N(4h+12f, 31, [5,0,0,0,0,0,0,0,0,0,0,0], [1,0,0,0,0,1,0,0,0,0,0,0]) = 263658
N(4h+12f, 31, [5,0,0,0,0,0,0,0,0,0,0,0], [0,2,1,0,0,0,0,0,0,0,0,0]) = 740460
N(4h+12f, 31, [5,0,0,0,0,0,0,0,0,0,0,0], [0,1,0,0,1,0,0,0,0,0,0,0]) = 411310
N(4h+12f, 31, [5,0,0,0,0,0,0,0,0,0,0,0], [0,0,1,1,0,0,0,0,0,0,0,0]) = 493416
N(4h+12f, 31, [5,0,0,0,0,0,0,0,0,0,0,0], [0,0,0,0,0,0,1,0,0,0,0,0]) = 143913
N(4h+12f, 31, [3,1,0,0,0,0,0,0,0,0,0,0], [7,0,0,0,0,0,0,0,0,0,0,0]) = 24120
N(4h+12f, 31, [3,1,0,0,0,0,0,0,0,0,0,0], [5,1,0,0,0,0,0,0,0,0,0,0]) = 279068
N(4h+12f, 31, [3,1,0,0,0,0,0,0,0,0,0,0], [4,0,1,0,0,0,0,0,0,0,0,0]) = 344271
N(4h+12f, 31, [3,1,0,0,0,0,0,0,0,0,0,0], [3,2,0,0,0,0,0,0,0,0,0,0]) = 889608
N(4h+12f, 31, [3,1,0,0,0,0,0,0,0,0,0,0], [3,0,0,1,0,0,0,0,0,0,0,0]) = 361748
N(4h+12f, 31, [3,1,0,0,0,0,0,0,0,0,0,0], [2,1,1,0,0,0,0,0,0,0,0,0]) = 1567926
N(4h+12f, 31, [3,1,0,0,0,0,0,0,0,0,0,0], [2,0,0,0,1,0,0,0,0,0,0,0]) = 332770
N(4h+12f, 31, [3,1,0,0,0,0,0,0,0,0,0,0], [1,3,0,0,0,0,0,0,0,0,0,0]) = 670896
N(4h+12f, 31, [3,1,0,0,0,0,0,0,0,0,0,0], [1,1,0,1,0,0,0,0,0,0,0,0]) = 1015600
N(4h+12f, 31, [3,1,0,0,0,0,0,0,0,0,0,0], [1,0,2,0,0,0,0,0,0,0,0,0]) = 571149
N(4h+12f, 31, [3,1,0,0,0,0,0,0,0,0,0,0], [1,0,0,0,0,1,0,0,0,0,0,0]) = 258630
N(4h+12f, 31, [3,1,0,0,0,0,0,0,0,0,0,0], [0,2,1,0,0,0,0,0,0,0,0,0]) = 725844
N(4h+12f, 31, [3,1,0,0,0,0,0,0,0,0,0,0], [0,1,0,0,1,0,0,0,0,0,0,0]) = 403190
N(4h+12f, 31, [3,1,0,0,0,0,0,0,0,0,0,0], [0,0,1,1,0,0,0,0,0,0,0,0]) = 483672
N(4h+12f, 31, [3,1,0,0,0,0,0,0,0,0,0,0], [0,0,0,0,0,0,1,0,0,0,0,0]) = 141071
N(4h+12f, 31, [2,0,1,0,0,0,0,0,0,0,0,0], [7,0,0,0,0,0,0,0,0,0,0,0]) = 23899
N(4h+12f, 31, [2,0,1,0,0,0,0,0,0,0,0,0], [5,1,0,0,0,0,0,0,0,0,0,0]) = 276462
N(4h+12f, 31, [2,0,1,0,0,0,0,0,0,0,0,0], [4,0,1,0,0,0,0,0,0,0,0,0]) = 341034
N(4h+12f, 31, [2,0,1,0,0,0,0,0,0,0,0,0], [3,2,0,0,0,0,0,0,0,0,0,0]) = 881104
N(4h+12f, 31, [2,0,1,0,0,0,0,0,0,0,0,0], [3,0,0,1,0,0,0,0,0,0,0,0]) = 358320
N(4h+12f, 31, [2,0,1,0,0,0,0,0,0,0,0,0], [2,1,1,0,0,0,0,0,0,0,0,0]) = 1552770
N(4h+12f, 31, [2,0,1,0,0,0,0,0,0,0,0,0], [2,0,0,0,1,0,0,0,0,0,0,0]) = 329585
N(4h+12f, 31, [2,0,1,0,0,0,0,0,0,0,0,0], [1,3,0,0,0,0,0,0,0,0,0,0]) = 664280
N(4h+12f, 31, [2,0,1,0,0,0,0,0,0,0,0,0], [1,1,0,1,0,0,0,0,0,0,0,0]) = 1005632
N(4h+12f, 31, [2,0,1,0,0,0,0,0,0,0,0,0], [1,0,2,0,0,0,0,0,0,0,0,0]) = 565542
N(4h+12f, 31, [2,0,1,0,0,0,0,0,0,0,0,0], [1,0,0,0,0,1,0,0,0,0,0,0]) = 256116
N(4h+12f, 31, [2,0,1,0,0,0,0,0,0,0,0,0], [0,2,1,0,0,0,0,0,0,0,0,0]) = 718536
N(4h+12f, 31, [2,0,1,0,0,0,0,0,0,0,0,0], [0,1,0,0,1,0,0,0,0,0,0,0]) = 399130
N(4h+12f, 31, [2,0,1,0,0,0,0,0,0,0,0,0], [0,0,1,1,0,0,0,0,0,0,0,0]) = 478800
N(4h+12f, 31, [2,0,1,0,0,0,0,0,0,0,0,0], [0,0,0,0,0,0,1,0,0,0,0,0]) = 139650
N(4h+12f, 31, [1,2,0,0,0,0,0,0,0,0,0,0], [7,0,0,0,0,0,0,0,0,0,0,0]) = 23682
N(4h+12f, 31, [1,2,0,0,0,0,0,0,0,0,0,0], [5,1,0,0,0,0,0,0,0,0,0,0]) = 273904
N(4h+12f, 31, [1,2,0,0,0,0,0,0,0,0,0,0], [4,0,1,0,0,0,0,0,0,0,0,0]) = 337857
N(4h+12f, 31, [1,2,0,0,0,0,0,0,0,0,0,0], [3,2,0,0,0,0,0,0,0,0,0,0]) = 872760
N(4h+12f, 31, [1,2,0,0,0,0,0,0,0,0,0,0], [3,0,0,1,0,0,0,0,0,0,0,0]) = 354956
N(4h+12f, 31, [1,2,0,0,0,0,0,0,0,0,0,0], [2,1,1,0,0,0,0,0,0,0,0,0]) = 1537902
N(4h+12f, 31, [1,2,0,0,0,0,0,0,0,0,0,0], [2,0,0,0,1,0,0,0,0,0,0,0]) = 326460
N(4h+12f, 31, [1,2,0,0,0,0,0,0,0,0,0,0], [1,3,0,0,0,0,0,0,0,0,0,0]) = 657792
N(4h+12f, 31, [1,2,0,0,0,0,0,0,0,0,0,0], [1,1,0,1,0,0,0,0,0,0,0,0]) = 995856
N(4h+12f, 31, [1,2,0,0,0,0,0,0,0,0,0,0], [1,0,2,0,0,0,0,0,0,0,0,0]) = 560043
N(4h+12f, 31, [1,2,0,0,0,0,0,0,0,0,0,0], [1,0,0,0,0,1,0,0,0,0,0,0]) = 253650
N(4h+12f, 31, [1,2,0,0,0,0,0,0,0,0,0,0], [0,2,1,0,0,0,0,0,0,0,0,0]) = 711372
N(4h+12f, 31, [1,2,0,0,0,0,0,0,0,0,0,0], [0,1,0,0,1,0,0,0,0,0,0,0]) = 395150
N(4h+12f, 31, [1,2,0,0,0,0,0,0,0,0,0,0], [0,0,1,1,0,0,0,0,0,0,0,0]) = 474024
N(4h+12f, 31, [1,2,0,0,0,0,0,0,0,0,0,0], [0,0,0,0,0,0,1,0,0,0,0,0]) = 138257
N(4h+12f, 31, [1,0,0,1,0,0,0,0,0,0,0,0], [7,0,0,0,0,0,0,0,0,0,0,0]) = 23680
N(4h+12f, 31, [1,0,0,1,0,0,0,0,0,0,0,0], [5,1,0,0,0,0,0,0,0,0,0,0]) = 273880
N(4h+12f, 31, [1,0,0,1,0,0,0,0,0,0,0,0], [4,0,1,0,0,0,0,0,0,0,0,0]) = 337827
N(4h+12f, 31, [1,0,0,1,0,0,0,0,0,0,0,0], [3,2,0,0,0,0,0,0,0,0,0,0]) = 872680
N(4h+12f, 31, [1,0,0,1,0,0,0,0,0,0,0,0], [3,0,0,1,0,0,0,0,0,0,0,0]) = 354924
N(4h+12f, 31, [1,0,0,1,0,0,0,0,0,0,0,0], [2,1,1,0,0,0,0,0,0,0,0,0]) = 1537758
N(4h+12f, 31, [1,0,0,1,0,0,0,0,0,0,0,0], [2,0,0,0,1,0,0,0,0,0,0,0]) = 326430
N(4h+12f, 31, [1,0,0,1,0,0,0,0,0,0,0,0], [1,3,0,0,0,0,0,0,0,0,0,0]) = 657728
N(4h+12f, 31, [1,0,0,1,0,0,0,0,0,0,0,0], [1,1,0,1,0,0,0,0,0,0,0,0]) = 995760
N(4h+12f, 31, [1,0,0,1,0,0,0,0,0,0,0,0], [1,0,2,0,0,0,0,0,0,0,0,0]) = 559989
N(4h+12f, 31, [1,0,0,1,0,0,0,0,0,0,0,0], [1,0,0,0,0,1,0,0,0,0,0,0]) = 253626
N(4h+12f, 31, [1,0,0,1,0,0,0,0,0,0,0,0], [0,2,1,0,0,0,0,0,0,0,0,0]) = 711300
N(4h+12f, 31, [1,0,0,1,0,0,0,0,0,0,0,0], [0,1,0,0,1,0,0,0,0,0,0,0]) = 395110
N(4h+12f, 31, [1,0,0,1,0,0,0,0,0,0,0,0], [0,0,1,1,0,0,0,0,0,0,0,0]) = 473976
N(4h+12f, 31, [1,0,0,1,0,0,0,0,0,0,0,0], [0,0,0,0,0,0,1,0,0,0,0,0]) = 138243
N(4h+12f, 31, [0,1,1,0,0,0,0,0,0,0,0,0], [7,0,0,0,0,0,0,0,0,0,0,0]) = 23463
N(4h+12f, 31, [0,1,1,0,0,0,0,0,0,0,0,0], [5,1,0,0,0,0,0,0,0,0,0,0]) = 271322
N(4h+12f, 31, [0,1,1,0,0,0,0,0,0,0,0,0], [4,0,1,0,0,0,0,0,0,0,0,0]) = 334650
N(4h+12f, 31, [0,1,1,0,0,0,0,0,0,0,0,0], [3,2,0,0,0,0,0,0,0,0,0,0]) = 864336
N(4h+12f, 31, [0,1,1,0,0,0,0,0,0,0,0,0], [3,0,0,1,0,0,0,0,0,0,0,0]) = 351560
N(4h+12f, 31, [0,1,1,0,0,0,0,0,0,0,0,0], [2,1,1,0,0,0,0,0,0,0,0,0]) = 1522890
N(4h+12f, 31, [0,1,1,0,0,0,0,0,0,0,0,0], [2,0,0,0,1,0,0,0,0,0,0,0]) = 323305
N(4h+12f, 31, [0,1,1,0,0,0,0,0,0,0,0,0], [1,3,0,0,0,0,0,0,0,0,0,0]) = 651240
N(4h+12f, 31, [0,1,1,0,0,0,0,0,0,0,0,0], [1,1,0,1,0,0,0,0,0,0,0,0]) = 985984
N(4h+12f, 31, [0,1,1,0,0,0,0,0,0,0,0,0], [1,0,2,0,0,0,0,0,0,0,0,0]) = 554490
N(4h+12f, 31, [0,1,1,0,0,0,0,0,0,0,0,0], [1,0,0,0,0,1,0,0,0,0,0,0]) = 251160
N(4h+12f, 31, [0,1,1,0,0,0,0,0,0,0,0,0], [0,2,1,0,0,0,0,0,0,0,0,0]) = 704136
N(4h+12f, 31, [0,1,1,0,0,0,0,0,0,0,0,0], [0,1,0,0,1,0,0,0,0,0,0,0]) = 391130
N(4h+12f, 31, [0,1,1,0,0,0,0,0,0,0,0,0], [0,0,1,1,0,0,0,0,0,0,0,0]) = 469200
N(4h+12f, 31, [0,1,1,0,0,0,0,0,0,0,0,0], [0,0,0,0,0,0,1,0,0,0,0,0]) = 136850
N(4h+12f, 31, [0,0,0,0,1,0,0,0,0,0,0,0], [7,0,0,0,0,0,0,0,0,0,0,0]) = 23462
N(4h+12f, 31, [0,0,0,0,1,0,0,0,0,0,0,0], [5,1,0,0,0,0,0,0,0,0,0,0]) = 271310
N(4h+12f, 31, [0,0,0,0,1,0,0,0,0,0,0,0], [4,0,1,0,0,0,0,0,0,0,0,0]) = 334635
N(4h+12f, 31, [0,0,0,0,1,0,0,0,0,0,0,0], [3,2,0,0,0,0,0,0,0,0,0,0]) = 864296
N(4h+12f, 31, [0,0,0,0,1,0,0,0,0,0,0,0], [3,0,0,1,0,0,0,0,0,0,0,0]) = 351544
N(4h+12f, 31, [0,0,0,0,1,0,0,0,0,0,0,0], [2,1,1,0,0,0,0,0,0,0,0,0]) = 1522818
N(4h+12f, 31, [0,0,0,0,1,0,0,0,0,0,0,0], [2,0,0,0,1,0,0,0,0,0,0,0]) = 323290
N(4h+12f, 31, [0,0,0,0,1,0,0,0,0,0,0,0], [1,3,0,0,0,0,0,0,0,0,0,0]) = 651208
N(4h+12f, 31, [0,0,0,0,1,0,0,0,0,0,0,0], [1,1,0,1,0,0,0,0,0,0,0,0]) = 985936
N(4h+12f, 31, [0,0,0,0,1,0,0,0,0,0,0,0], [1,0,2,0,0,0,0,0,0,0,0,0]) = 554463
N(4h+12f, 31, [0,0,0,0,1,0,0,0,0,0,0,0], [1,0,0,0,0,1,0,0,0,0,0,0]) = 251148
N(4h+12f, 31, [0,0,0,0,1,0,0,0,0,0,0,0], [0,2,1,0,0,0,0,0,0,0,0,0]) = 704100
N(4h+12f, 31, [0,0,0,0,1,0,0,0,0,0,0,0], [0,1,0,0,1,0,0,0,0,0,0,0]) = 391110
N(4h+12f, 31, [0,0,0,0,1,0,0,0,0,0,0,0], [0,0,1,1,0,0,0,0,0,0,0,0]) = 469176
N(4h+12f, 31, [0,0,0,0,1,0,0,0,0,0,0,0], [0,0,0,0,0,0,1,0,0,0,0,0]) = 136843
N(4h+12f, 31, [4,0,0,0,0,0,0,0,0,0,0,0], [8,0,0,0,0,0,0,0,0,0,0,0]) = 24562
N(4h+12f, 31, [4,0,0,0,0,0,0,0,0,0,0,0], [6,1,0,0,0,0,0,0,0,0,0,0]) = 332520
N(4h+12f, 31, [4,0,0,0,0,0,0,0,0,0,0,0], [5,0,1,0,0,0,0,0,0,0,0,0]) = 422442
N(4h+12f, 31, [4,0,0,0,0,0,0,0,0,0,0,0], [4,2,0,0,0,0,0,0,0,0,0,0]) = 1370024
N(4h+12f, 31, [4,0,0,0,0,0,0,0,0,0,0,0], [4,0,0,1,0,0,0,0,0,0,0,0]) = 463324
N(4h+12f, 31, [4,0,0,0,0,0,0,0,0,0,0,0], [3,1,1,0,0,0,0,0,0,0,0,0]) = 2693832
N(4h+12f, 31, [4,0,0,0,0,0,0,0,0,0,0,0], [3,0,0,0,1,0,0,0,0,0,0,0]) = 456450
N(4h+12f, 31, [4,0,0,0,0,0,0,0,0,0,0,0], [2,3,0,0,0,0,0,0,0,0,0,0]) = 1739696
N(4h+12f, 31, [4,0,0,0,0,0,0,0,0,0,0,0], [2,1,0,1,0,0,0,0,0,0,0,0]) = 2110680
N(4h+12f, 31, [4,0,0,0,0,0,0,0,0,0,0,0], [2,0,2,0,0,0,0,0,0,0,0,0]) = 1187055
N(4h+12f, 31, [4,0,0,0,0,0,0,0,0,0,0,0], [2,0,0,0,0,1,0,0,0,0,0,0]) = 403128
N(4h+12f, 31, [4,0,0,0,0,0,0,0,0,0,0,0], [1,2,1,0,0,0,0,0,0,0,0,0]) = 3048120
N(4h+12f, 31, [4,0,0,0,0,0,0,0,0,0,0,0], [1,1,0,0,1,0,0,0,0,0,0,0]) = 1281900
N(4h+12f, 31, [4,0,0,0,0,0,0,0,0,0,0,0], [1,0,1,1,0,0,0,0,0,0,0,0]) = 1537944
N(4h+12f, 31, [4,0,0,0,0,0,0,0,0,0,0,0], [1,0,0,0,0,0,1,0,0,0,0,0]) = 304654
N(4h+12f, 31, [4,0,0,0,0,0,0,0,0,0,0,0], [0,4,0,0,0,0,0,0,0,0,0,0]) = 325920
N(4h+12f, 31, [4,0,0,0,0,0,0,0,0,0,0,0], [0,2,0,1,0,0,0,0,0,0,0,0]) = 977488
N(4h+12f, 31, [4,0,0,0,0,0,0,0,0,0,0,0], [0,1,2,0,0,0,0,0,0,0,0,0]) = 1099422
N(4h+12f, 31, [4,0,0,0,0,0,0,0,0,0,0,0], [0,1,0,0,0,1,0,0,0,0,0,0]) = 488676
N(4h+12f, 31, [4,0,0,0,0,0,0,0,0,0,0,0], [0,0,1,0,1,0,0,0,0,0,0,0]) = 610650
N(4h+12f, 31, [4,0,0,0,0,0,0,0,0,0,0,0], [0,0,0,2,0,0,0,0,0,0,0,0]) = 325680
N(4h+12f, 31, [4,0,0,0,0,0,0,0,0,0,0,0], [0,0,0,0,0,0,0,1,0,0,0,0]) = 162840
N(4h+12f, 31, [2,1,0,0,0,0,0,0,0,0,0,0], [8,0,0,0,0,0,0,0,0,0,0,0]) = 24120
N(4h+12f, 31, [2,1,0,0,0,0,0,0,0,0,0,0], [6,1,0,0,0,0,0,0,0,0,0,0]) = 326432
N(4h+12f, 31, [2,1,0,0,0,0,0,0,0,0,0,0], [5,0,1,0,0,0,0,0,0,0,0,0]) = 414660
N(4h+12f, 31, [2,1,0,0,0,0,0,0,0,0,0,0], [4,2,0,0,0,0,0,0,0,0,0,0]) = 1344424
N(4h+12f, 31, [2,1,0,0,0,0,0,0,0,0,0,0], [4,0,0,1,0,0,0,0,0,0,0,0]) = 454732
N(4h+12f, 31, [2,1,0,0,0,0,0,0,0,0,0,0], [3,1,1,0,0,0,0,0,0,0,0,0]) = 2643048
N(4h+12f, 31, [2,1,0,0,0,0,0,0,0,0,0,0], [3,0,0,0,1,0,0,0,0,0,0,0]) = 447920
N(4h+12f, 31, [2,1,0,0,0,0,0,0,0,0,0,0], [2,3,0,0,0,0,0,0,0,0,0,0]) = 1706352
N(4h+12f, 31, [2,1,0,0,0,0,0,0,0,0,0,0], [2,1,0,1,0,0,0,0,0,0,0,0]) = 2070456
N(4h+12f, 31, [2,1,0,0,0,0,0,0,0,0,0,0], [2,0,2,0,0,0,0,0,0,0,0,0]) = 1164429
N(4h+12f, 31, [2,1,0,0,0,0,0,0,0,0,0,0], [2,0,0,0,0,1,0,0,0,0,0,0]) = 395520
N(4h+12f, 31, [2,1,0,0,0,0,0,0,0,0,0,0], [1,2,1,0,0,0,0,0,0,0,0,0]) = 2988864
N(4h+12f, 31, [2,1,0,0,0,0,0,0,0,0,0,0], [1,1,0,0,1,0,0,0,0,0,0,0]) = 1257100
N(4h+12f, 31, [2,1,0,0,0,0,0,0,0,0,0,0], [1,0,1,1,0,0,0,0,0,0,0,0]) = 1508184
N(4h+12f, 31, [2,1,0,0,0,0,0,0,0,0,0,0], [1,0,0,0,0,0,1,0,0,0,0,0]) = 298816
N(4h+12f, 31, [2,1,0,0,0,0,0,0,0,0,0,0], [0,4,0,0,0,0,0,0,0,0,0,0]) = 319456
N(4h+12f, 31, [2,1,0,0,0,0,0,0,0,0,0,0], [0,2,0,1,0,0,0,0,0,0,0,0]) = 958096
N(4h+12f, 31, [2,1,0,0,0,0,0,0,0,0,0,0], [0,1,2,0,0,0,0,0,0,0,0,0]) = 1077606
N(4h+12f, 31, [2,1,0,0,0,0,0,0,0,0,0,0], [0,1,0,0,0,1,0,0,0,0,0,0]) = 478980
N(4h+12f, 31, [2,1,0,0,0,0,0,0,0,0,0,0], [0,0,1,0,1,0,0,0,0,0,0,0]) = 598530
N(4h+12f, 31, [2,1,0,0,0,0,0,0,0,0,0,0], [0,0,0,2,0,0,0,0,0,0,0,0]) = 319216
N(4h+12f, 31, [2,1,0,0,0,0,0,0,0,0,0,0], [0,0,0,0,0,0,0,1,0,0,0,0]) = 159608
N(4h+12f, 31, [1,0,1,0,0,0,0,0,0,0,0,0], [8,0,0,0,0,0,0,0,0,0,0,0]) = 23899
N(4h+12f, 31, [1,0,1,0,0,0,0,0,0,0,0,0], [6,1,0,0,0,0,0,0,0,0,0,0]) = 323388
N(4h+12f, 31, [1,0,1,0,0,0,0,0,0,0,0,0], [5,0,1,0,0,0,0,0,0,0,0,0]) = 410769
N(4h+12f, 31, [1,0,1,0,0,0,0,0,0,0,0,0], [4,2,0,0,0,0,0,0,0,0,0,0]) = 1331624
N(4h+12f, 31, [1,0,1,0,0,0,0,0,0,0,0,0], [4,0,0,1,0,0,0,0,0,0,0,0]) = 450436
N(4h+12f, 31, [1,0,1,0,0,0,0,0,0,0,0,0], [3,1,1,0,0,0,0,0,0,0,0,0]) = 2617656
N(4h+12f, 31, [1,0,1,0,0,0,0,0,0,0,0,0], [3,0,0,0,1,0,0,0,0,0,0,0]) = 443655
N(4h+12f, 31, [1,0,1,0,0,0,0,0,0,0,0,0], [2,3,0,0,0,0,0,0,0,0,0,0]) = 1689680
N(4h+12f, 31, [1,0,1,0,0,0,0,0,0,0,0,0], [2,1,0,1,0,0,0,0,0,0,0,0]) = 2050344
N(4h+12f, 31, [1,0,1,0,0,0,0,0,0,0,0,0], [2,0,2,0,0,0,0,0,0,0,0,0]) = 1153116
N(4h+12f, 31, [1,0,1,0,0,0,0,0,0,0,0,0], [2,0,0,0,0,1,0,0,0,0,0,0]) = 391716
N(4h+12f, 31, [1,0,1,0,0,0,0,0,0,0,0,0], [1,2,1,0,0,0,0,0,0,0,0,0]) = 2959236
N(4h+12f, 31, [1,0,1,0,0,0,0,0,0,0,0,0], [1,1,0,0,1,0,0,0,0,0,0,0]) = 1244700
N(4h+12f, 31, [1,0,1,0,0,0,0,0,0,0,0,0], [1,0,1,1,0,0,0,0,0,0,0,0]) = 1493304
N(4h+12f, 31, [1,0,1,0,0,0,0,0,0,0,0,0], [1,0,0,0,0,0,1,0,0,0,0,0]) = 295897
N(4h+12f, 31, [1,0,1,0,0,0,0,0,0,0,0,0], [0,4,0,0,0,0,0,0,0,0,0,0]) = 316224
N(4h+12f, 31, [1,0,1,0,0,0,0,0,0,0,0,0], [0,2,0,1,0,0,0,0,0,0,0,0]) = 948400
N(4h+12f, 31, [1,0,1,0,0,0,0,0,0,0,0,0], [0,1,2,0,0,0,0,0,0,0,0,0]) = 1066698
N(4h+12f, 31, [1,0,1,0,0,0,0,0,0,0,0,0], [0,1,0,0,0,1,0,0,0,0,0,0]) = 474132
N(4h+12f, 31, [1,0,1,0,0,0,0,0,0,0,0,0], [0,0,1,0,1,0,0,0,0,0,0,0]) = 592470
N(4h+12f, 31, [1,0,1,0,0,0,0,0,0,0,0,0], [0,0,0,2,0,0,0,0,0,0,0,0]) = 315984
N(4h+12f, 31, [1,0,1,0,0,0,0,0,0,0,0,0], [0,0,0,0,0,0,0,1,0,0,0,0]) = 157992
N(4h+12f, 31, [0,2,0,0,0,0,0,0,0,0,0,0], [8,0,0,0,0,0,0,0,0,0,0,0]) = 23682
N(4h+12f, 31, [0,2,0,0,0,0,0,0,0,0,0,0], [6,1,0,0,0,0,0,0,0,0,0,0]) = 320400
N(4h+12f, 31, [0,2,0,0,0,0,0,0,0,0,0,0], [5,0,1,0,0,0,0,0,0,0,0,0]) = 406950
N(4h+12f, 31, [0,2,0,0,0,0,0,0,0,0,0,0], [4,2,0,0,0,0,0,0,0,0,0,0]) = 1319064
N(4h+12f, 31, [0,2,0,0,0,0,0,0,0,0,0,0], [4,0,0,1,0,0,0,0,0,0,0,0]) = 446220
N(4h+12f, 31, [0,2,0,0,0,0,0,0,0,0,0,0], [3,1,1,0,0,0,0,0,0,0,0,0]) = 2592744
N(4h+12f, 31, [0,2,0,0,0,0,0,0,0,0,0,0], [3,0,0,0,1,0,0,0,0,0,0,0]) = 439470
N(4h+12f, 31, [0,2,0,0,0,0,0,0,0,0,0,0], [2,3,0,0,0,0,0,0,0,0,0,0]) = 1673328
N(4h+12f, 31, [0,2,0,0,0,0,0,0,0,0,0,0], [2,1,0,1,0,0,0,0,0,0,0,0]) = 2030616
N(4h+12f, 31, [0,2,0,0,0,0,0,0,0,0,0,0], [2,0,2,0,0,0,0,0,0,0,0,0]) = 1142019
N(4h+12f, 31, [0,2,0,0,0,0,0,0,0,0,0,0], [2,0,0,0,0,1,0,0,0,0,0,0]) = 387984
N(4h+12f, 31, [0,2,0,0,0,0,0,0,0,0,0,0], [1,2,1,0,0,0,0,0,0,0,0,0]) = 2930184
N(4h+12f, 31, [0,2,0,0,0,0,0,0,0,0,0,0], [1,1,0,0,1,0,0,0,0,0,0,0]) = 1232540
N(4h+12f, 31, [0,2,0,0,0,0,0,0,0,0,0,0], [1,0,1,1,0,0,0,0,0,0,0,0]) = 1478712
N(4h+12f, 31, [0,2,0,0,0,0,0,0,0,0,0,0], [1,0,0,0,0,0,1,0,0,0,0,0]) = 293034
N(4h+12f, 31, [0,2,0,0,0,0,0,0,0,0,0,0], [0,4,0,0,0,0,0,0,0,0,0,0]) = 313056
N(4h+12f, 31, [0,2,0,0,0,0,0,0,0,0,0,0], [0,2,0,1,0,0,0,0,0,0,0,0]) = 938896
N(4h+12f, 31, [0,2,0,0,0,0,0,0,0,0,0,0], [0,1,2,0,0,0,0,0,0,0,0,0]) = 1056006
N(4h+12f, 31, [0,2,0,0,0,0,0,0,0,0,0,0], [0,1,0,0,0,1,0,0,0,0,0,0]) = 469380
N(4h+12f, 31, [0,2,0,0,0,0,0,0,0,0,0,0], [0,0,1,0,1,0,0,0,0,0,0,0]) = 586530
N(4h+12f, 31, [0,2,0,0,0,0,0,0,0,0,0,0], [0,0,0,2,0,0,0,0,0,0,0,0]) = 312816
N(4h+12f, 31, [0,2,0,0,0,0,0,0,0,0,0,0], [0,0,0,0,0,0,0,1,0,0,0,0]) = 156408
N(4h+12f, 31, [0,0,0,1,0,0,0,0,0,0,0,0], [8,0,0,0,0,0,0,0,0,0,0,0]) = 23680
N(4h+12f, 31, [0,0,0,1,0,0,0,0,0,0,0,0], [6,1,0,0,0,0,0,0,0,0,0,0]) = 320372
N(4h+12f, 31, [0,0,0,1,0,0,0,0,0,0,0,0], [5,0,1,0,0,0,0,0,0,0,0,0]) = 406914
N(4h+12f, 31, [0,0,0,1,0,0,0,0,0,0,0,0], [4,2,0,0,0,0,0,0,0,0,0,0]) = 1318944
N(4h+12f, 31, [0,0,0,1,0,0,0,0,0,0,0,0], [4,0,0,1,0,0,0,0,0,0,0,0]) = 446180
N(4h+12f, 31, [0,0,0,1,0,0,0,0,0,0,0,0], [3,1,1,0,0,0,0,0,0,0,0,0]) = 2592504
N(4h+12f, 31, [0,0,0,1,0,0,0,0,0,0,0,0], [3,0,0,0,1,0,0,0,0,0,0,0]) = 439430
N(4h+12f, 31, [0,0,0,1,0,0,0,0,0,0,0,0], [2,3,0,0,0,0,0,0,0,0,0,0]) = 1673168
N(4h+12f, 31, [0,0,0,1,0,0,0,0,0,0,0,0], [2,1,0,1,0,0,0,0,0,0,0,0]) = 2030424
N(4h+12f, 31, [0,0,0,1,0,0,0,0,0,0,0,0], [2,0,2,0,0,0,0,0,0,0,0,0]) = 1141911
N(4h+12f, 31, [0,0,0,1,0,0,0,0,0,0,0,0], [2,0,0,0,0,1,0,0,0,0,0,0]) = 387948
N(4h+12f, 31, [0,0,0,1,0,0,0,0,0,0,0,0], [1,2,1,0,0,0,0,0,0,0,0,0]) = 2929896
N(4h+12f, 31, [0,0,0,1,0,0,0,0,0,0,0,0], [1,1,0,0,1,0,0,0,0,0,0,0]) = 1232420
N(4h+12f, 31, [0,0,0,1,0,0,0,0,0,0,0,0], [1,0,1,1,0,0,0,0,0,0,0,0]) = 1478568
N(4h+12f, 31, [0,0,0,1,0,0,0,0,0,0,0,0], [1,0,0,0,0,0,1,0,0,0,0,0]) = 293006
N(4h+12f, 31, [0,0,0,1,0,0,0,0,0,0,0,0], [0,4,0,0,0,0,0,0,0,0,0,0]) = 313024
N(4h+12f, 31, [0,0,0,1,0,0,0,0,0,0,0,0], [0,2,0,1,0,0,0,0,0,0,0,0]) = 938800
N(4h+12f, 31, [0,0,0,1,0,0,0,0,0,0,0,0], [0,1,2,0,0,0,0,0,0,0,0,0]) = 1055898
N(4h+12f, 31, [0,0,0,1,0,0,0,0,0,0,0,0], [0,1,0,0,0,1,0,0,0,0,0,0]) = 469332
N(4h+12f, 31, [0,0,0,1,0,0,0,0,0,0,0,0], [0,0,1,0,1,0,0,0,0,0,0,0]) = 586470
N(4h+12f, 31, [0,0,0,1,0,0,0,0,0,0,0,0], [0,0,0,2,0,0,0,0,0,0,0,0]) = 312784
N(4h+12f, 31, [0,0,0,1,0,0,0,0,0,0,0,0], [0,0,0,0,0,0,0,1,0,0,0,0]) = 156392
N(4h+12f, 31, [3,0,0,0,0,0,0,0,0,0,0,0], [9,0,0,0,0,0,0,0,0,0,0,0]) = 24562
N(4h+12f, 31, [3,0,0,0,0,0,0,0,0,0,0,0], [7,1,0,0,0,0,0,0,0,0,0,0]) = 380760
N(4h+12f, 31, [3,0,0,0,0,0,0,0,0,0,0,0], [6,0,1,0,0,0,0,0,0,0,0,0]) = 494139
N(4h+12f, 31, [3,0,0,0,0,0,0,0,0,0,0,0], [5,2,0,0,0,0,0,0,0,0,0,0]) = 1928160
N(4h+12f, 31, [3,0,0,0,0,0,0,0,0,0,0,0], [5,0,0,1,0,0,0,0,0,0,0,0]) = 558044
N(4h+12f, 31, [3,0,0,0,0,0,0,0,0,0,0,0], [4,1,1,0,0,0,0,0,0,0,0,0]) = 4070982
N(4h+12f, 31, [3,0,0,0,0,0,0,0,0,0,0,0], [4,0,0,0,1,0,0,0,0,0,0,0]) = 573760
N(4h+12f, 31, [3,0,0,0,0,0,0,0,0,0,0,0], [3,3,0,0,0,0,0,0,0,0,0,0]) = 3518912
N(4h+12f, 31, [3,0,0,0,0,0,0,0,0,0,0,0], [3,1,0,1,0,0,0,0,0,0,0,0]) = 3557760
N(4h+12f, 31, [3,0,0,0,0,0,0,0,0,0,0,0], [3,0,2,0,0,0,0,0,0,0,0,0]) = 2000952
N(4h+12f, 31, [3,0,0,0,0,0,0,0,0,0,0,0], [3,0,0,0,0,1,0,0,0,0,0,0]) = 542598
N(4h+12f, 31, [3,0,0,0,0,0,0,0,0,0,0,0], [2,2,1,0,0,0,0,0,0,0,0,0]) = 7752096
N(4h+12f, 31, [3,0,0,0,0,0,0,0,0,0,0,0], [2,1,0,0,1,0,0,0,0,0,0,0]) = 2613090
N(4h+12f, 31, [3,0,0,0,0,0,0,0,0,0,0,0], [2,0,1,1,0,0,0,0,0,0,0,0]) = 3135168
N(4h+12f, 31, [3,0,0,0,0,0,0,0,0,0,0,0], [2,0,0,0,0,0,1,0,0,0,0,0]) = 465857
N(4h+12f, 31, [3,0,0,0,0,0,0,0,0,0,0,0], [1,4,0,0,0,0,0,0,0,0,0,0]) = 1667712
N(4h+12f, 31, [3,0,0,0,0,0,0,0,0,0,0,0], [1,2,0,1,0,0,0,0,0,0,0,0]) = 4024464
N(4h+12f, 31, [3,0,0,0,0,0,0,0,0,0,0,0], [1,1,2,0,0,0,0,0,0,0,0,0]) = 4526712
N(4h+12f, 31, [3,0,0,0,0,0,0,0,0,0,0,0], [1,1,0,0,0,1,0,0,0,0,0,0]) = 1523328
N(4h+12f, 31, [3,0,0,0,0,0,0,0,0,0,0,0], [1,0,1,0,1,0,0,0,0,0,0,0]) = 1903740
N(4h+12f, 31, [3,0,0,0,0,0,0,0,0,0,0,0], [1,0,0,2,0,0,0,0,0,0,0,0]) = 1015328
N(4h+12f, 31, [3,0,0,0,0,0,0,0,0,0,0,0], [1,0,0,0,0,0,0,1,0,0,0,0]) = 344824
N(4h+12f, 31, [3,0,0,0,0,0,0,0,0,0,0,0], [0,3,1,0,0,0,0,0,0,0,0,0]) = 1935672
N(4h+12f, 31, [3,0,0,0,0,0,0,0,0,0,0,0], [0,2,0,0,1,0,0,0,0,0,0,0]) = 1209680
N(4h+12f, 31, [3,0,0,0,0,0,0,0,0,0,0,0], [0,1,1,1,0,0,0,0,0,0,0,0]) = 2902560
N(4h+12f, 31, [3,0,0,0,0,0,0,0,0,0,0,0], [0,1,0,0,0,0,1,0,0,0,0,0]) = 564438
N(4h+12f, 31, [3,0,0,0,0,0,0,0,0,0,0,0], [0,0,3,0,0,0,0,0,0,0,0,0]) = 544104
N(4h+12f, 31, [3,0,0,0,0,0,0,0,0,0,0,0], [0,0,1,0,0,1,0,0,0,0,0,0]) = 725472
N(4h+12f, 31, [3,0,0,0,0,0,0,0,0,0,0,0], [0,0,0,1,1,0,0,0,0,0,0,0]) = 806080
N(4h+12f, 31, [3,0,0,0,0,0,0,0,0,0,0,0], [0,0,0,0,0,0,0,0,1,0,0,0]) = 181368
N(4h+12f, 31, [1,1,0,0,0,0,0,0,0,0,0,0], [9,0,0,0,0,0,0,0,0,0,0,0]) = 24120
N(4h+12f, 31, [1,1,0,0,0,0,0,0,0,0,0,0], [7,1,0,0,0,0,0,0,0,0,0,0]) = 373796
N(4h+12f, 31, [1,1,0,0,0,0,0,0,0,0,0,0], [6,0,1,0,0,0,0,0,0,0,0,0]) = 485049
N(4h+12f, 31, [1,1,0,0,0,0,0,0,0,0,0,0], [5,2,0,0,0,0,0,0,0,0,0,0]) = 1892232
N(4h+12f, 31, [1,1,0,0,0,0,0,0,0,0,0,0], [5,0,0,1,0,0,0,0,0,0,0,0]) = 547716
N(4h+12f, 31, [1,1,0,0,0,0,0,0,0,0,0,0], [4,1,1,0,0,0,0,0,0,0,0,0]) = 3994542
N(4h+12f, 31, [1,1,0,0,0,0,0,0,0,0,0,0], [4,0,0,0,1,0,0,0,0,0,0,0]) = 563070
N(4h+12f, 31, [1,1,0,0,0,0,0,0,0,0,0,0], [3,3,0,0,0,0,0,0,0,0,0,0]) = 3451872
N(4h+12f, 31, [1,1,0,0,0,0,0,0,0,0,0,0], [3,1,0,1,0,0,0,0,0,0,0,0]) = 3490368
N(4h+12f, 31, [1,1,0,0,0,0,0,0,0,0,0,0], [3,0,2,0,0,0,0,0,0,0,0,0]) = 1963044
N(4h+12f, 31, [1,1,0,0,0,0,0,0,0,0,0,0], [3,0,0,0,0,1,0,0,0,0,0,0]) = 532410
N(4h+12f, 31, [1,1,0,0,0,0,0,0,0,0,0,0], [2,2,1,0,0,0,0,0,0,0,0,0]) = 7602768
N(4h+12f, 31, [1,1,0,0,0,0,0,0,0,0,0,0], [2,1,0,0,1,0,0,0,0,0,0,0]) = 2563050
N(4h+12f, 31, [1,1,0,0,0,0,0,0,0,0,0,0], [2,0,1,1,0,0,0,0,0,0,0,0]) = 3075120
N(4h+12f, 31, [1,1,0,0,0,0,0,0,0,0,0,0], [2,0,0,0,0,0,1,0,0,0,0,0]) = 457023
N(4h+12f, 31, [1,1,0,0,0,0,0,0,0,0,0,0], [1,4,0,0,0,0,0,0,0,0,0,0]) = 1635040
N(4h+12f, 31, [1,1,0,0,0,0,0,0,0,0,0,0], [1,2,0,1,0,0,0,0,0,0,0,0]) = 3945840
N(4h+12f, 31, [1,1,0,0,0,0,0,0,0,0,0,0], [1,1,2,0,0,0,0,0,0,0,0,0]) = 4438260
N(4h+12f, 31, [1,1,0,0,0,0,0,0,0,0,0,0], [1,1,0,0,0,1,0,0,0,0,0,0]) = 1493712
N(4h+12f, 31, [1,1,0,0,0,0,0,0,0,0,0,0], [1,0,1,0,1,0,0,0,0,0,0,0]) = 1866720
N(4h+12f, 31, [1,1,0,0,0,0,0,0,0,0,0,0], [1,0,0,2,0,0,0,0,0,0,0,0]) = 995584
N(4h+12f, 31, [1,1,0,0,0,0,0,0,0,0,0,0], [1,0,0,0,0,0,0,1,0,0,0,0]) = 338184
N(4h+12f, 31, [1,1,0,0,0,0,0,0,0,0,0,0], [0,3,1,0,0,0,0,0,0,0,0,0]) = 1897080
N(4h+12f, 31, [1,1,0,0,0,0,0,0,0,0,0,0], [0,2,0,0,1,0,0,0,0,0,0,0]) = 1185560
N(4h+12f, 31, [1,1,0,0,0,0,0,0,0,0,0,0], [0,1,1,1,0,0,0,0,0,0,0,0]) = 2844672
N(4h+12f, 31, [1,1,0,0,0,0,0,0,0,0,0,0], [0,1,0,0,0,0,1,0,0,0,0,0]) = 553182
N(4h+12f, 31, [1,1,0,0,0,0,0,0,0,0,0,0], [0,0,3,0,0,0,0,0,0,0,0,0]) = 533250
N(4h+12f, 31, [1,1,0,0,0,0,0,0,0,0,0,0], [0,0,1,0,0,1,0,0,0,0,0,0]) = 711000
N(4h+12f, 31, [1,1,0,0,0,0,0,0,0,0,0,0], [0,0,0,1,1,0,0,0,0,0,0,0]) = 790000
N(4h+12f, 31, [1,1,0,0,0,0,0,0,0,0,0,0], [0,0,0,0,0,0,0,0,1,0,0,0]) = 177750
N(4h+12f, 31, [0,0,1,0,0,0,0,0,0,0,0,0], [9,0,0,0,0,0,0,0,0,0,0,0]) = 23899
N(4h+12f, 31, [0,0,1,0,0,0,0,0,0,0,0,0], [7,1,0,0,0,0,0,0,0,0,0,0]) = 370314
N(4h+12f, 31, [0,0,1,0,0,0,0,0,0,0,0,0], [6,0,1,0,0,0,0,0,0,0,0,0]) = 480504
N(4h+12f, 31, [0,0,1,0,0,0,0,0,0,0,0,0], [5,2,0,0,0,0,0,0,0,0,0,0]) = 1874268
N(4h+12f, 31, [0,0,1,0,0,0,0,0,0,0,0,0], [5,0,0,1,0,0,0,0,0,0,0,0]) = 542552
N(4h+12f, 31, [0,0,1,0,0,0,0,0,0,0,0,0], [4,1,1,0,0,0,0,0,0,0,0,0]) = 3956322
N(4h+12f, 31, [0,0,1,0,0,0,0,0,0,0,0,0], [4,0,0,0,1,0,0,0,0,0,0,0]) = 557725
N(4h+12f, 31, [0,0,1,0,0,0,0,0,0,0,0,0], [3,3,0,0,0,0,0,0,0,0,0,0]) = 3418352
N(4h+12f, 31, [0,0,1,0,0,0,0,0,0,0,0,0], [3,1,0,1,0,0,0,0,0,0,0,0]) = 3456672
N(4h+12f, 31, [0,0,1,0,0,0,0,0,0,0,0,0], [3,0,2,0,0,0,0,0,0,0,0,0]) = 1944090
N(4h+12f, 31, [0,0,1,0,0,0,0,0,0,0,0,0], [3,0,0,0,0,1,0,0,0,0,0,0]) = 527316
N(4h+12f, 31, [0,0,1,0,0,0,0,0,0,0,0,0], [2,2,1,0,0,0,0,0,0,0,0,0]) = 7528104
N(4h+12f, 31, [0,0,1,0,0,0,0,0,0,0,0,0], [2,1,0,0,1,0,0,0,0,0,0,0]) = 2538030
N(4h+12f, 31, [0,0,1,0,0,0,0,0,0,0,0,0], [2,0,1,1,0,0,0,0,0,0,0,0]) = 3045096
N(4h+12f, 31, [0,0,1,0,0,0,0,0,0,0,0,0], [2,0,0,0,0,0,1,0,0,0,0,0]) = 452606
N(4h+12f, 31, [0,0,1,0,0,0,0,0,0,0,0,0], [1,4,0,0,0,0,0,0,0,0,0,0]) = 1618704
N(4h+12f, 31, [0,0,1,0,0,0,0,0,0,0,0,0], [1,2,0,1,0,0,0,0,0,0,0,0]) = 3906528
N(4h+12f, 31, [0,0,1,0,0,0,0,0,0,0,0,0], [1,1,2,0,0,0,0,0,0,0,0,0]) = 4394034
N(4h+12f, 31, [0,0,1,0,0,0,0,0,0,0,0,0], [1,1,0,0,0,1,0,0,0,0,0,0]) = 1478904
N(4h+12f, 31, [0,0,1,0,0,0,0,0,0,0,0,0], [1,0,1,0,1,0,0,0,0,0,0,0]) = 1848210
N(4h+12f, 31, [0,0,1,0,0,0,0,0,0,0,0,0], [1,0,0,2,0,0,0,0,0,0,0,0]) = 985712
N(4h+12f, 31, [0,0,1,0,0,0,0,0,0,0,0,0], [1,0,0,0,0,0,0,1,0,0,0,0]) = 334864
N(4h+12f, 31, [0,0,1,0,0,0,0,0,0,0,0,0], [0,3,1,0,0,0,0,0,0,0,0,0]) = 1877784
N(4h+12f, 31, [0,0,1,0,0,0,0,0,0,0,0,0], [0,2,0,0,1,0,0,0,0,0,0,0]) = 1173500
N(4h+12f, 31, [0,0,1,0,0,0,0,0,0,0,0,0], [0,1,1,1,0,0,0,0,0,0,0,0]) = 2815728
N(4h+12f, 31, [0,0,1,0,0,0,0,0,0,0,0,0], [0,1,0,0,0,0,1,0,0,0,0,0]) = 547554
N(4h+12f, 31, [0,0,1,0,0,0,0,0,0,0,0,0], [0,0,3,0,0,0,0,0,0,0,0,0]) = 527823
N(4h+12f, 31, [0,0,1,0,0,0,0,0,0,0,0,0], [0,0,1,0,0,1,0,0,0,0,0,0]) = 703764
N(4h+12f, 31, [0,0,1,0,0,0,0,0,0,0,0,0], [0,0,0,1,1,0,0,0,0,0,0,0]) = 781960
N(4h+12f, 31, [0,0,1,0,0,0,0,0,0,0,0,0], [0,0,0,0,0,0,0,0,1,0,0,0]) = 175941
N(4h+12f, 31, [2,0,0,0,0,0,0,0,0,0,0,0], [10,0,0,0,0,0,0,0,0,0,0,0]) = 24562
N(4h+12f, 31, [2,0,0,0,0,0,0,0,0,0,0,0], [8,1,0,0,0,0,0,0,0,0,0,0]) = 429000
N(4h+12f, 31, [2,0,0,0,0,0,0,0,0,0,0,0], [7,0,1,0,0,0,0,0,0,0,0,0]) = 565836
N(4h+12f, 31, [2,0,0,0,0,0,0,0,0,0,0,0], [6,2,0,0,0,0,0,0,0,0,0,0]) = 2581024
N(4h+12f, 31, [2,0,0,0,0,0,0,0,0,0,0,0], [6,0,0,1,0,0,0,0,0,0,0,0]) = 652764
N(4h+12f, 31, [2,0,0,0,0,0,0,0,0,0,0,0], [5,1,1,0,0,0,0,0,0,0,0,0]) = 5729688
N(4h+12f, 31, [2,0,0,0,0,0,0,0,0,0,0,0], [5,0,0,0,1,0,0,0,0,0,0,0]) = 691070
N(4h+12f, 31, [2,0,0,0,0,0,0,0,0,0,0,0], [4,3,0,0,0,0,0,0,0,0,0,0]) = 6207760
N(4h+12f, 31, [2,0,0,0,0,0,0,0,0,0,0,0], [4,1,0,1,0,0,0,0,0,0,0,0]) = 5376776
N(4h+12f, 31, [2,0,0,0,0,0,0,0,0,0,0,0], [4,0,2,0,0,0,0,0,0,0,0,0]) = 3024054
N(4h+12f, 31, [2,0,0,0,0,0,0,0,0,0,0,0], [4,0,0,0,0,1,0,0,0,0,0,0]) = 682068
N(4h+12f, 31, [2,0,0,0,0,0,0,0,0,0,0,0], [3,2,1,0,0,0,0,0,0,0,0,0]) = 15681504
N(4h+12f, 31, [2,0,0,0,0,0,0,0,0,0,0,0], [3,1,0,0,1,0,0,0,0,0,0,0]) = 4404880
N(4h+12f, 31, [2,0,0,0,0,0,0,0,0,0,0,0], [3,0,1,1,0,0,0,0,0,0,0,0]) = 5285088
N(4h+12f, 31, [2,0,0,0,0,0,0,0,0,0,0,0], [3,0,0,0,0,0,1,0,0,0,0,0]) = 627060
N(4h+12f, 31, [2,0,0,0,0,0,0,0,0,0,0,0], [2,4,0,0,0,0,0,0,0,0,0,0]) = 5080416
N(4h+12f, 31, [2,0,0,0,0,0,0,0,0,0,0,0], [2,2,0,1,0,0,0,0,0,0,0,0]) = 10236096
N(4h+12f, 31, [2,0,0,0,0,0,0,0,0,0,0,0], [2,1,2,0,0,0,0,0,0,0,0,0]) = 11513880
N(4h+12f, 31, [2,0,0,0,0,0,0,0,0,0,0,0], [2,1,0,0,0,1,0,0,0,0,0,0]) = 3105540
N(4h+12f, 31, [2,0,0,0,0,0,0,0,0,0,0,0], [2,0,1,0,1,0,0,0,0,0,0,0]) = 3881250
N(4h+12f, 31, [2,0,0,0,0,0,0,0,0,0,0,0], [2,0,0,2,0,0,0,0,0,0,0,0]) = 2070000
N(4h+12f, 31, [2,0,0,0,0,0,0,0,0,0,0,0], [2,0,0,0,0,0,0,1,0,0,0,0]) = 527336
N(4h+12f, 31, [2,0,0,0,0,0,0,0,0,0,0,0], [1,3,1,0,0,0,0,0,0,0,0,0]) = 9906240
N(4h+12f, 31, [2,0,0,0,0,0,0,0,0,0,0,0], [1,2,0,0,1,0,0,0,0,0,0,0]) = 4981200
N(4h+12f, 31, [2,0,0,0,0,0,0,0,0,0,0,0], [1,1,1,1,0,0,0,0,0,0,0,0]) = 11952720
N(4h+12f, 31, [2,0,0,0,0,0,0,0,0,0,0,0], [1,1,0,0,0,0,1,0,0,0,0,0]) = 1759856
N(4h+12f, 31, [2,0,0,0,0,0,0,0,0,0,0,0], [1,0,3,0,0,0,0,0,0,0,0,0]) = 2240730
N(4h+12f, 31, [2,0,0,0,0,0,0,0,0,0,0,0], [1,0,1,0,0,1,0,0,0,0,0,0]) = 2262168
N(4h+12f, 31, [2,0,0,0,0,0,0,0,0,0,0,0], [1,0,0,1,1,0,0,0,0,0,0,0]) = 2513520
N(4h+12f, 31, [2,0,0,0,0,0,0,0,0,0,0,0], [1,0,0,0,0,0,0,0,1,0,0,0]) = 384174
N(4h+12f, 31, [2,0,0,0,0,0,0,0,0,0,0,0], [0,5,0,0,0,0,0,0,0,0,0,0]) = 638912
N(4h+12f, 31, [2,0,0,0,0,0,0,0,0,0,0,0], [0,3,0,1,0,0,0,0,0,0,0,0]) = 2555040
N(4h+12f, 31, [2,0,0,0,0,0,0,0,0,0,0,0], [0,2,2,0,0,0,0,0,0,0,0,0]) = 4310820
N(4h+12f, 31, [2,0,0,0,0,0,0,0,0,0,0,0], [0,2,0,0,0,1,0,0,0,0,0,0]) = 1437072
N(4h+12f, 31, [2,0,0,0,0,0,0,0,0,0,0,0], [0,1,1,0,1,0,0,0,0,0,0,0]) = 3591840
N(4h+12f, 31, [2,0,0,0,0,0,0,0,0,0,0,0], [0,1,0,2,0,0,0,0,0,0,0,0]) = 1915648
N(4h+12f, 31, [2,0,0,0,0,0,0,0,0,0,0,0], [0,1,0,0,0,0,0,1,0,0,0,0]) = 638608
N(4h+12f, 31, [2,0,0,0,0,0,0,0,0,0,0,0], [0,0,2,1,0,0,0,0,0,0,0,0]) = 2154600
N(4h+12f, 31, [2,0,0,0,0,0,0,0,0,0,0,0], [0,0,1,0,0,0,1,0,0,0,0,0]) = 837900
N(4h+12f, 31, [2,0,0,0,0,0,0,0,0,0,0,0], [0,0,0,1,0,1,0,0,0,0,0,0]) = 957600
N(4h+12f, 31, [2,0,0,0,0,0,0,0,0,0,0,0], [0,0,0,0,2,0,0,0,0,0,0,0]) = 498750
N(4h+12f, 31, [2,0,0,0,0,0,0,0,0,0,0,0], [0,0,0,0,0,0,0,0,0,1,0,0]) = 199500
N(4h+12f, 31, [0,1,0,0,0,0,0,0,0,0,0,0], [10,0,0,0,0,0,0,0,0,0,0,0]) = 24120
N(4h+12f, 31, [0,1,0,0,0,0,0,0,0,0,0,0], [8,1,0,0,0,0,0,0,0,0,0,0]) = 421160
N(4h+12f, 31, [0,1,0,0,0,0,0,0,0,0,0,0], [7,0,1,0,0,0,0,0,0,0,0,0]) = 555438
N(4h+12f, 31, [0,1,0,0,0,0,0,0,0,0,0,0], [6,2,0,0,0,0,0,0,0,0,0,0]) = 2533032
N(4h+12f, 31, [0,1,0,0,0,0,0,0,0,0,0,0], [6,0,0,1,0,0,0,0,0,0,0,0]) = 640700
N(4h+12f, 31, [0,1,0,0,0,0,0,0,0,0,0,0], [5,1,1,0,0,0,0,0,0,0,0,0]) = 5622408
N(4h+12f, 31, [0,1,0,0,0,0,0,0,0,0,0,0], [5,0,0,0,1,0,0,0,0,0,0,0]) = 678220
N(4h+12f, 31, [0,1,0,0,0,0,0,0,0,0,0,0], [4,3,0,0,0,0,0,0,0,0,0,0]) = 6090000
N(4h+12f, 31, [0,1,0,0,0,0,0,0,0,0,0,0], [4,1,0,1,0,0,0,0,0,0,0,0]) = 5275336
N(4h+12f, 31, [0,1,0,0,0,0,0,0,0,0,0,0], [4,0,2,0,0,0,0,0,0,0,0,0]) = 2966994
N(4h+12f, 31, [0,1,0,0,0,0,0,0,0,0,0,0], [4,0,0,0,0,1,0,0,0,0,0,0]) = 669300
N(4h+12f, 31, [0,1,0,0,0,0,0,0,0,0,0,0], [3,2,1,0,0,0,0,0,0,0,0,0]) = 15381264
N(4h+12f, 31, [0,1,0,0,0,0,0,0,0,0,0,0], [3,1,0,0,1,0,0,0,0,0,0,0]) = 4321040
N(4h+12f, 31, [0,1,0,0,0,0,0,0,0,0,0,0], [3,0,1,1,0,0,0,0,0,0,0,0]) = 5184480
N(4h+12f, 31, [0,1,0,0,0,0,0,0,0,0,0,0], [3,0,0,0,0,0,1,0,0,0,0,0]) = 615230
N(4h+12f, 31, [0,1,0,0,0,0,0,0,0,0,0,0], [2,4,0,0,0,0,0,0,0,0,0,0]) = 4981696
N(4h+12f, 31, [0,1,0,0,0,0,0,0,0,0,0,0], [2,2,0,1,0,0,0,0,0,0,0,0]) = 10037952
N(4h+12f, 31, [0,1,0,0,0,0,0,0,0,0,0,0], [2,1,2,0,0,0,0,0,0,0,0,0]) = 11290968
N(4h+12f, 31, [0,1,0,0,0,0,0,0,0,0,0,0], [2,1,0,0,0,1,0,0,0,0,0,0]) = 3045780
N(4h+12f, 31, [0,1,0,0,0,0,0,0,0,0,0,0], [2,0,1,0,1,0,0,0,0,0,0,0]) = 3806550
N(4h+12f, 31, [0,1,0,0,0,0,0,0,0,0,0,0], [2,0,0,2,0,0,0,0,0,0,0,0]) = 2030160
N(4h+12f, 31, [0,1,0,0,0,0,0,0,0,0,0,0], [2,0,0,0,0,0,0,1,0,0,0,0]) = 517288
N(4h+12f, 31, [0,1,0,0,0,0,0,0,0,0,0,0], [1,3,1,0,0,0,0,0,0,0,0,0]) = 9711168
N(4h+12f, 31, [0,1,0,0,0,0,0,0,0,0,0,0], [1,2,0,0,1,0,0,0,0,0,0,0]) = 4883400
N(4h+12f, 31, [0,1,0,0,0,0,0,0,0,0,0,0], [1,1,1,1,0,0,0,0,0,0,0,0]) = 11718000
N(4h+12f, 31, [0,1,0,0,0,0,0,0,0,0,0,0], [1,1,0,0,0,0,1,0,0,0,0,0]) = 1725472
N(4h+12f, 31, [0,1,0,0,0,0,0,0,0,0,0,0], [1,0,3,0,0,0,0,0,0,0,0,0]) = 2196720
N(4h+12f, 31, [0,1,0,0,0,0,0,0,0,0,0,0], [1,0,1,0,0,1,0,0,0,0,0,0]) = 2217960
N(4h+12f, 31, [0,1,0,0,0,0,0,0,0,0,0,0], [1,0,0,1,1,0,0,0,0,0,0,0]) = 2464400
N(4h+12f, 31, [0,1,0,0,0,0,0,0,0,0,0,0], [1,0,0,0,0,0,0,0,1,0,0,0]) = 376740
N(4h+12f, 31, [0,1,0,0,0,0,0,0,0,0,0,0], [0,5,0,0,0,0,0,0,0,0,0,0]) = 626112
N(4h+12f, 31, [0,1,0,0,0,0,0,0,0,0,0,0], [0,3,0,1,0,0,0,0,0,0,0,0]) = 2503840
N(4h+12f, 31, [0,1,0,0,0,0,0,0,0,0,0,0], [0,2,2,0,0,0,0,0,0,0,0,0]) = 4224420
N(4h+12f, 31, [0,1,0,0,0,0,0,0,0,0,0,0], [0,2,0,0,0,1,0,0,0,0,0,0]) = 1408272
N(4h+12f, 31, [0,1,0,0,0,0,0,0,0,0,0,0], [0,1,1,0,1,0,0,0,0,0,0,0]) = 3519840
N(4h+12f, 31, [0,1,0,0,0,0,0,0,0,0,0,0], [0,1,0,2,0,0,0,0,0,0,0,0]) = 1877248
N(4h+12f, 31, [0,1,0,0,0,0,0,0,0,0,0,0], [0,1,0,0,0,0,0,1,0,0,0,0]) = 625808
N(4h+12f, 31, [0,1,0,0,0,0,0,0,0,0,0,0], [0,0,2,1,0,0,0,0,0,0,0,0]) = 2111400
N(4h+12f, 31, [0,1,0,0,0,0,0,0,0,0,0,0], [0,0,1,0,0,0,1,0,0,0,0,0]) = 821100
N(4h+12f, 31, [0,1,0,0,0,0,0,0,0,0,0,0], [0,0,0,1,0,1,0,0,0,0,0,0]) = 938400
N(4h+12f, 31, [0,1,0,0,0,0,0,0,0,0,0,0], [0,0,0,0,2,0,0,0,0,0,0,0]) = 488750
N(4h+12f, 31, [0,1,0,0,0,0,0,0,0,0,0,0], [0,0,0,0,0,0,0,0,0,1,0,0]) = 195500
N(4h+12f, 31, [1,0,0,0,0,0,0,0,0,0,0,0], [11,0,0,0,0,0,0,0,0,0,0,0]) = 24562
N(4h+12f, 31, [1,0,0,0,0,0,0,0,0,0,0,0], [9,1,0,0,0,0,0,0,0,0,0,0]) = 477240
N(4h+12f, 31, [1,0,0,0,0,0,0,0,0,0,0,0], [8,0,1,0,0,0,0,0,0,0,0,0]) = 637533
N(4h+12f, 31, [1,0,0,0,0,0,0,0,0,0,0,0], [7,2,0,0,0,0,0,0,0,0,0,0]) = 3328616
N(4h+12f, 31, [1,0,0,0,0,0,0,0,0,0,0,0], [7,0,0,1,0,0,0,0,0,0,0,0]) = 747484
N(4h+12f, 31, [1,0,0,0,0,0,0,0,0,0,0,0], [6,1,1,0,0,0,0,0,0,0,0,0]) = 7669950
N(4h+12f, 31, [1,0,0,0,0,0,0,0,0,0,0,0], [6,0,0,0,1,0,0,0,0,0,0,0]) = 808380
N(4h+12f, 31, [1,0,0,0,0,0,0,0,0,0,0,0], [5,3,0,0,0,0,0,0,0,0,0,0]) = 9992224
N(4h+12f, 31, [1,0,0,0,0,0,0,0,0,0,0,0], [5,1,0,1,0,0,0,0,0,0,0,0]) = 7567728
N(4h+12f, 31, [1,0,0,0,0,0,0,0,0,0,0,0], [5,0,2,0,0,0,0,0,0,0,0,0]) = 4256361
N(4h+12f, 31, [1,0,0,0,0,0,0,0,0,0,0,0], [5,0,0,0,0,1,0,0,0,0,0,0]) = 821538
N(4h+12f, 31, [1,0,0,0,0,0,0,0,0,0,0,0], [4,2,1,0,0,0,0,0,0,0,0,0]) = 27665460
N(4h+12f, 31, [1,0,0,0,0,0,0,0,0,0,0,0], [4,1,0,0,1,0,0,0,0,0,0,0]) = 6657270
N(4h+12f, 31, [1,0,0,0,0,0,0,0,0,0,0,0], [4,0,1,1,0,0,0,0,0,0,0,0]) = 7987704
N(4h+12f, 31, [1,0,0,0,0,0,0,0,0,0,0,0], [4,0,0,0,0,0,1,0,0,0,0,0]) = 788263
N(4h+12f, 31, [1,0,0,0,0,0,0,0,0,0,0,0], [3,4,0,0,0,0,0,0,0,0,0,0]) = 11984160
N(4h+12f, 31, [1,0,0,0,0,0,0,0,0,0,0,0], [3,2,0,1,0,0,0,0,0,0,0,0]) = 20707552
N(4h+12f, 31, [1,0,0,0,0,0,0,0,0,0,0,0], [3,1,2,0,0,0,0,0,0,0,0,0]) = 23292936
N(4h+12f, 31, [1,0,0,0,0,0,0,0,0,0,0,0], [3,1,0,0,0,1,0,0,0,0,0,0]) = 5235312
N(4h+12f, 31, [1,0,0,0,0,0,0,0,0,0,0,0], [3,0,1,0,1,0,0,0,0,0,0,0]) = 6543180
N(4h+12f, 31, [1,0,0,0,0,0,0,0,0,0,0,0], [3,0,0,2,0,0,0,0,0,0,0,0]) = 3489696
N(4h+12f, 31, [1,0,0,0,0,0,0,0,0,0,0,0], [3,0,0,0,0,0,0,1,0,0,0,0]) = 709848
N(4h+12f, 31, [1,0,0,0,0,0,0,0,0,0,0,0], [2,3,1,0,0,0,0,0,0,0,0,0]) = 30180816
N(4h+12f, 31, [1,0,0,0,0,0,0,0,0,0,0,0], [2,2,0,0,1,0,0,0,0,0,0,0]) = 12670680
N(4h+12f, 31, [1,0,0,0,0,0,0,0,0,0,0,0], [2,1,1,1,0,0,0,0,0,0,0,0]) = 30405024
N(4h+12f, 31, [1,0,0,0,0,0,0,0,0,0,0,0], [2,1,0,0,0,0,1,0,0,0,0,0]) = 3588102
N(4h+12f, 31, [1,0,0,0,0,0,0,0,0,0,0,0], [2,0,3,0,0,0,0,0,0,0,0,0]) = 5700078
N(4h+12f, 31, [1,0,0,0,0,0,0,0,0,0,0,0], [2,0,1,0,0,1,0,0,0,0,0,0]) = 4612464
N(4h+12f, 31, [1,0,0,0,0,0,0,0,0,0,0,0], [2,0,0,1,1,0,0,0,0,0,0,0]) = 5124960
N(4h+12f, 31, [1,0,0,0,0,0,0,0,0,0,0,0], [2,0,0,0,0,0,0,0,1,0,0,0]) = 587574
N(4h+12f, 31, [1,0,0,0,0,0,0,0,0,0,0,0], [1,5,0,0,0,0,0,0,0,0,0,0]) = 3908992
N(4h+12f, 31, [1,0,0,0,0,0,0,0,0,0,0,0], [1,3,0,1,0,0,0,0,0,0,0,0]) = 13077632
N(4h+12f, 31, [1,0,0,0,0,0,0,0,0,0,0,0], [1,2,2,0,0,0,0,0,0,0,0,0]) = 22065048
N(4h+12f, 31, [1,0,0,0,0,0,0,0,0,0,0,0], [1,2,0,0,0,1,0,0,0,0,0,0]) = 5918472
N(4h+12f, 31, [1,0,0,0,0,0,0,0,0,0,0,0], [1,1,1,0,1,0,0,0,0,0,0,0]) = 14793480
N(4h+12f, 31, [1,0,0,0,0,0,0,0,0,0,0,0], [1,1,0,2,0,0,0,0,0,0,0,0]) = 7889856
N(4h+12f, 31, [1,0,0,0,0,0,0,0,0,0,0,0], [1,1,0,0,0,0,0,1,0,0,0,0]) = 1991520
N(4h+12f, 31, [1,0,0,0,0,0,0,0,0,0,0,0], [1,0,2,1,0,0,0,0,0,0,0,0]) = 8874468
N(4h+12f, 31, [1,0,0,0,0,0,0,0,0,0,0,0], [1,0,1,0,0,0,1,0,0,0,0,0]) = 2613282
N(4h+12f, 31, [1,0,0,0,0,0,0,0,0,0,0,0], [1,0,0,1,0,1,0,0,0,0,0,0]) = 2986608
N(4h+12f, 31, [1,0,0,0,0,0,0,0,0,0,0,0], [1,0,0,0,2,0,0,0,0,0,0,0]) = 1555525
N(4h+12f, 31, [1,0,0,0,0,0,0,0,0,0,0,0], [1,0,0,0,0,0,0,0,0,1,0,0]) = 422710
N(4h+12f, 31, [1,0,0,0,0,0,0,0,0,0,0,0], [0,4,1,0,0,0,0,0,0,0,0,0]) = 4742832
N(4h+12f, 31, [1,0,0,0,0,0,0,0,0,0,0,0], [0,3,0,0,1,0,0,0,0,0,0,0]) = 3161640
N(4h+12f, 31, [1,0,0,0,0,0,0,0,0,0,0,0], [0,2,1,1,0,0,0,0,0,0,0,0]) = 11379744
N(4h+12f, 31, [1,0,0,0,0,0,0,0,0,0,0,0], [0,2,0,0,0,0,1,0,0,0,0,0]) = 1659700
N(4h+12f, 31, [1,0,0,0,0,0,0,0,0,0,0,0], [0,1,3,0,0,0,0,0,0,0,0,0]) = 4266594
N(4h+12f, 31, [1,0,0,0,0,0,0,0,0,0,0,0], [0,1,1,0,0,1,0,0,0,0,0,0]) = 4266792
N(4h+12f, 31, [1,0,0,0,0,0,0,0,0,0,0,0], [0,1,0,1,1,0,0,0,0,0,0,0]) = 4740880
N(4h+12f, 31, [1,0,0,0,0,0,0,0,0,0,0,0], [0,1,0,0,0,0,0,0,1,0,0,0]) = 711198
N(4h+12f, 31, [1,0,0,0,0,0,0,0,0,0,0,0], [0,0,2,0,1,0,0,0,0,0,0,0]) = 2666115
N(4h+12f, 31, [1,0,0,0,0,0,0,0,0,0,0,0], [0,0,1,2,0,0,0,0,0,0,0,0]) = 2843856
N(4h+12f, 31, [1,0,0,0,0,0,0,0,0,0,0,0], [0,0,1,0,0,0,0,1,0,0,0,0]) = 947952
N(4h+12f, 31, [1,0,0,0,0,0,0,0,0,0,0,0], [0,0,0,1,0,0,1,0,0,0,0,0]) = 1105944
N(4h+12f, 31, [1,0,0,0,0,0,0,0,0,0,0,0], [0,0,0,0,1,1,0,0,0,0,0,0]) = 1184940
N(4h+12f, 31, [1,0,0,0,0,0,0,0,0,0,0,0], [0,0,0,0,0,0,0,0,0,0,1,0]) = 217239
N(4h+12f, 31, [0,0,0,0,0,0,0,0,0,0,0,0], [12,0,0,0,0,0,0,0,0,0,0,0]) = 24562
N(4h+12f, 31, [0,0,0,0,0,0,0,0,0,0,0,0], [10,1,0,0,0,0,0,0,0,0,0,0]) = 525480
N(4h+12f, 31, [0,0,0,0,0,0,0,0,0,0,0,0], [9,0,1,0,0,0,0,0,0,0,0,0]) = 709230
N(4h+12f, 31, [0,0,0,0,0,0,0,0,0,0,0,0], [8,2,0,0,0,0,0,0,0,0,0,0]) = 4170936
N(4h+12f, 31, [0,0,0,0,0,0,0,0,0,0,0,0], [8,0,0,1,0,0,0,0,0,0,0,0]) = 842204
N(4h+12f, 31, [0,0,0,0,0,0,0,0,0,0,0,0], [7,1,1,0,0,0,0,0,0,0,0,0]) = 9891768
N(4h+12f, 31, [0,0,0,0,0,0,0,0,0,0,0,0], [7,0,0,0,1,0,0,0,0,0,0,0]) = 925690
N(4h+12f, 31, [0,0,0,0,0,0,0,0,0,0,0,0], [6,3,0,0,0,0,0,0,0,0,0,0]) = 15058288
N(4h+12f, 31, [0,0,0,0,0,0,0,0,0,0,0,0], [6,1,0,1,0,0,0,0,0,0,0,0]) = 10130616
N(4h+12f, 31, [0,0,0,0,0,0,0,0,0,0,0,0], [6,0,2,0,0,0,0,0,0,0,0,0]) = 5697873
N(4h+12f, 31, [0,0,0,0,0,0,0,0,0,0,0,0], [6,0,0,0,0,1,0,0,0,0,0,0]) = 961008
N(4h+12f, 31, [0,0,0,0,0,0,0,0,0,0,0,0], [5,2,1,0,0,0,0,0,0,0,0,0]) = 44533080
N(4h+12f, 31, [0,0,0,0,0,0,0,0,0,0,0,0], [5,1,0,0,1,0,0,0,0,0,0,0]) = 9370260
N(4h+12f, 31, [0,0,0,0,0,0,0,0,0,0,0,0], [5,0,1,1,0,0,0,0,0,0,0,0]) = 11243016
N(4h+12f, 31, [0,0,0,0,0,0,0,0,0,0,0,0], [5,0,0,0,0,0,1,0,0,0,0,0]) = 949466
N(4h+12f, 31, [0,0,0,0,0,0,0,0,0,0,0,0], [4,4,0,0,0,0,0,0,0,0,0,0]) = 24164160
N(4h+12f, 31, [0,0,0,0,0,0,0,0,0,0,0,0], [4,2,0,1,0,0,0,0,0,0,0,0]) = 36534000
N(4h+12f, 31, [0,0,0,0,0,0,0,0,0,0,0,0], [4,1,2,0,0,0,0,0,0,0,0,0]) = 41095890
N(4h+12f, 31, [0,0,0,0,0,0,0,0,0,0,0,0], [4,1,0,0,0,1,0,0,0,0,0,0]) = 7912644
N(4h+12f, 31, [0,0,0,0,0,0,0,0,0,0,0,0], [4,0,1,0,1,0,0,0,0,0,0,0]) = 9889530
N(4h+12f, 31, [0,0,0,0,0,0,0,0,0,0,0,0], [4,0,0,2,0,0,0,0,0,0,0,0]) = 5274416
N(4h+12f, 31, [0,0,0,0,0,0,0,0,0,0,0,0], [4,0,0,0,0,0,0,1,0,0,0,0]) = 892360
N(4h+12f, 31, [0,0,0,0,0,0,0,0,0,0,0,0], [3,3,1,0,0,0,0,0,0,0,0,0]) = 71198400
N(4h+12f, 31, [0,0,0,0,0,0,0,0,0,0,0,0], [3,2,0,0,1,0,0,0,0,0,0,0]) = 25634240
N(4h+12f, 31, [0,0,0,0,0,0,0,0,0,0,0,0], [3,1,1,1,0,0,0,0,0,0,0,0]) = 61514016
N(4h+12f, 31, [0,0,0,0,0,0,0,0,0,0,0,0], [3,1,0,0,0,0,1,0,0,0,0,0]) = 6049176
N(4h+12f, 31, [0,0,0,0,0,0,0,0,0,0,0,0], [3,0,3,0,0,0,0,0,0,0,0,0]) = 11532348
N(4h+12f, 31, [0,0,0,0,0,0,0,0,0,0,0,0], [3,0,1,0,0,1,0,0,0,0,0,0]) = 7776360
N(4h+12f, 31, [0,0,0,0,0,0,0,0,0,0,0,0], [3,0,0,1,1,0,0,0,0,0,0,0]) = 8640400
N(4h+12f, 31, [0,0,0,0,0,0,0,0,0,0,0,0], [3,0,0,0,0,0,0,0,1,0,0,0]) = 790974
N(4h+12f, 31, [0,0,0,0,0,0,0,0,0,0,0,0], [2,5,0,0,0,0,0,0,0,0,0,0]) = 13872384
N(4h+12f, 31, [0,0,0,0,0,0,0,0,0,0,0,0], [2,3,0,1,0,0,0,0,0,0,0,0]) = 39846208
N(4h+12f, 31, [0,0,0,0,0,0,0,0,0,0,0,0], [2,2,2,0,0,0,0,0,0,0,0,0]) = 67231296
N(4h+12f, 31, [0,0,0,0,0,0,0,0,0,0,0,0], [2,2,0,0,0,1,0,0,0,0,0,0]) = 15056208
N(4h+12f, 31, [0,0,0,0,0,0,0,0,0,0,0,0], [2,1,1,0,1,0,0,0,0,0,0,0]) = 37634760
N(4h+12f, 31, [0,0,0,0,0,0,0,0,0,0,0,0], [2,1,0,2,0,0,0,0,0,0,0,0]) = 20071872
N(4h+12f, 31, [0,0,0,0,0,0,0,0,0,0,0,0], [2,1,0,0,0,0,0,1,0,0,0,0]) = 4060848
N(4h+12f, 31, [0,0,0,0,0,0,0,0,0,0,0,0], [2,0,2,1,0,0,0,0,0,0,0,0]) = 22577400
N(4h+12f, 31, [0,0,0,0,0,0,0,0,0,0,0,0], [2,0,1,0,0,0,1,0,0,0,0,0]) = 5328918
N(4h+12f, 31, [0,0,0,0,0,0,0,0,0,0,0,0], [2,0,0,1,0,1,0,0,0,0,0,0]) = 6090192
N(4h+12f, 31, [0,0,0,0,0,0,0,0,0,0,0,0], [2,0,0,0,2,0,0,0,0,0,0,0]) = 3171975
N(4h+12f, 31, [0,0,0,0,0,0,0,0,0,0,0,0], [2,0,0,0,0,0,0,0,0,1,0,0]) = 646580
N(4h+12f, 31, [0,0,0,0,0,0,0,0,0,0,0,0], [1,4,1,0,0,0,0,0,0,0,0,0]) = 29021280
N(4h+12f, 31, [0,0,0,0,0,0,0,0,0,0,0,0], [1,3,0,0,1,0,0,0,0,0,0,0]) = 16184480
N(4h+12f, 31, [0,0,0,0,0,0,0,0,0,0,0,0], [1,2,1,1,0,0,0,0,0,0,0,0]) = 58254912
N(4h+12f, 31, [0,0,0,0,0,0,0,0,0,0,0,0], [1,2,0,0,0,0,1,0,0,0,0,0]) = 6836424
N(4h+12f, 31, [0,0,0,0,0,0,0,0,0,0,0,0], [1,1,3,0,0,0,0,0,0,0,0,0]) = 21842136
N(4h+12f, 31, [0,0,0,0,0,0,0,0,0,0,0,0], [1,1,1,0,0,1,0,0,0,0,0,0]) = 17576136
N(4h+12f, 31, [0,0,0,0,0,0,0,0,0,0,0,0], [1,1,0,1,1,0,0,0,0,0,0,0]) = 19529040
N(4h+12f, 31, [0,0,0,0,0,0,0,0,0,0,0,0], [1,1,0,0,0,0,0,0,1,0,0,0]) = 2218356
N(4h+12f, 31, [0,0,0,0,0,0,0,0,0,0,0,0], [1,0,2,0,1,0,0,0,0,0,0,0]) = 10983060
N(4h+12f, 31, [0,0,0,0,0,0,0,0,0,0,0,0], [1,0,1,2,0,0,0,0,0,0,0,0]) = 11715264
N(4h+12f, 31, [0,0,0,0,0,0,0,0,0,0,0,0], [1,0,1,0,0,0,0,1,0,0,0,0]) = 2957136
N(4h+12f, 31, [0,0,0,0,0,0,0,0,0,0,0,0], [1,0,0,1,0,0,1,0,0,0,0,0]) = 3449992
N(4h+12f, 31, [0,0,0,0,0,0,0,0,0,0,0,0], [1,0,0,0,1,1,0,0,0,0,0,0]) = 3696420
N(4h+12f, 31, [0,0,0,0,0,0,0,0,0,0,0,0], [1,0,0,0,0,0,0,0,0,0,1,0]) = 460438
N(4h+12f, 31, [0,0,0,0,0,0,0,0,0,0,0,0], [0,6,0,0,0,0,0,0,0,0,0,0]) = 1252224
N(4h+12f, 31, [0,0,0,0,0,0,0,0,0,0,0,0], [0,4,0,1,0,0,0,0,0,0,0,0]) = 6259776
N(4h+12f, 31, [0,0,0,0,0,0,0,0,0,0,0,0], [0,3,2,0,0,0,0,0,0,0,0,0]) = 14082192
N(4h+12f, 31, [0,0,0,0,0,0,0,0,0,0,0,0], [0,3,0,0,0,1,0,0,0,0,0,0]) = 3755568
N(4h+12f, 31, [0,0,0,0,0,0,0,0,0,0,0,0], [0,2,1,0,1,0,0,0,0,0,0,0]) = 14080680
N(4h+12f, 31, [0,0,0,0,0,0,0,0,0,0,0,0], [0,2,0,2,0,0,0,0,0,0,0,0]) = 7509696
N(4h+12f, 31, [0,0,0,0,0,0,0,0,0,0,0,0], [0,2,0,0,0,0,0,1,0,0,0,0]) = 1877600
N(4h+12f, 31, [0,0,0,0,0,0,0,0,0,0,0,0], [0,1,2,1,0,0,0,0,0,0,0,0]) = 16893576
N(4h+12f, 31, [0,0,0,0,0,0,0,0,0,0,0,0], [0,1,1,0,0,0,1,0,0,0,0,0]) = 4927524
N(4h+12f, 31, [0,0,0,0,0,0,0,0,0,0,0,0], [0,1,0,1,0,1,0,0,0,0,0,0]) = 5631456
N(4h+12f, 31, [0,0,0,0,0,0,0,0,0,0,0,0], [0,1,0,0,2,0,0,0,0,0,0,0]) = 2933050
N(4h+12f, 31, [0,0,0,0,0,0,0,0,0,0,0,0], [0,1,0,0,0,0,0,0,0,1,0,0]) = 782220
N(4h+12f, 31, [0,0,0,0,0,0,0,0,0,0,0,0], [0,0,4,0,0,0,0,0,0,0,0,0]) = 1583469
N(4h+12f, 31, [0,0,0,0,0,0,0,0,0,0,0,0], [0,0,2,0,0,1,0,0,0,0,0,0]) = 3166938
N(4h+12f, 31, [0,0,0,0,0,0,0,0,0,0,0,0], [0,0,1,1,1,0,0,0,0,0,0,0]) = 7037640
N(4h+12f, 31, [0,0,0,0,0,0,0,0,0,0,0,0], [0,0,1,0,0,0,0,0,1,0,0,0]) = 1055646
N(4h+12f, 31, [0,0,0,0,0,0,0,0,0,0,0,0], [0,0,0,3,0,0,0,0,0,0,0,0]) = 1251136
N(4h+12f, 31, [0,0,0,0,0,0,0,0,0,0,0,0], [0,0,0,1,0,0,0,1,0,0,0,0]) = 1251136
N(4h+12f, 31, [0,0,0,0,0,0,0,0,0,0,0,0], [0,0,0,0,1,0,1,0,0,0,0,0]) = 1368430
N(4h+12f, 31, [0,0,0,0,0,0,0,0,0,0,0,0], [0,0,0,0,0,2,0,0,0,0,0,0]) = 703764
N(4h+12f, 31, [0,0,0,0,0,0,0,0,0,0,0,0], [0,0,0,0,0,0,0,0,0,0,0,1]) = 234588
