N(4h+4f, 0, [4,0,0,0], [0,0,0,0]) = 3636786
N(4h+4f, 0, [2,1,0,0], [0,0,0,0]) = 1683090
N(4h+4f, 0, [1,0,1,0], [0,0,0,0]) = 930540
N(4h+4f, 0, [0,2,0,0], [0,0,0,0]) = 732710
N(4h+4f, 0, [0,0,0,1], [0,0,0,0]) = 526514
N(4h+4f, 0, [3,0,0,0], [1,0,0,0]) = 7629530
N(4h+4f, 0, [1,1,0,0], [1,0,0,0]) = 3828012
N(4h+4f, 0, [0,0,1,0], [1,0,0,0]) = 2298494
N(4h+4f, 0, [2,0,0,0], [2,0,0,0]) = 9628644
N(4h+4f, 0, [2,0,0,0], [0,1,0,0]) = 4219996
N(4h+4f, 0, [0,1,0,0], [2,0,0,0]) = 5062302
N(4h+4f, 0, [0,1,0,0], [0,1,0,0]) = 1927984
N(4h+4f, 0, [1,0,0,0], [3,0,0,0]) = 10213988
N(4h+4f, 0, [1,0,0,0], [1,1,0,0]) = 12709112
N(4h+4f, 0, [1,0,0,0], [0,0,1,0]) = 3026418
N(4h+4f, 0, [0,0,0,0], [4,0,0,0]) = 10307900
N(4h+4f, 0, [0,0,0,0], [2,1,0,0]) = 23146708
N(4h+4f, 0, [0,0,0,0], [1,0,1,0]) = 10123134
N(4h+4f, 0, [0,0,0,0], [0,2,0,0]) = 3943936
N(4h+4f, 0, [0,0,0,0], [0,0,0,1]) = 2175744
