N(4h+4f, 5, [4,0,0,0], [0,0,0,0]) = 195753
N(4h+4f, 5, [2,1,0,0], [0,0,0,0]) = 163077
N(4h+4f, 5, [1,0,1,0], [0,0,0,0]) = 146877
N(4h+4f, 5, [0,2,0,0], [0,0,0,0]) = 134613
N(4h+4f, 5, [0,0,0,1], [0,0,0,0]) = 132691
N(4h+4f, 5, [3,0,0,0], [1,0,0,0]) = 255683
N(4h+4f, 5, [1,1,0,0], [1,0,0,0]) = 216809
N(4h+4f, 5, [0,0,1,0], [1,0,0,0]) = 197516
N(4h+4f, 5, [2,0,0,0], [2,0,0,0]) = 261806
N(4h+4f, 5, [2,0,0,0], [0,1,0,0]) = 331658
N(4h+4f, 5, [0,1,0,0], [2,0,0,0]) = 222644
N(4h+4f, 5, [0,1,0,0], [0,1,0,0]) = 274378
N(4h+4f, 5, [1,0,0,0], [3,0,0,0]) = 261999
N(4h+4f, 5, [1,0,0,0], [1,1,0,0]) = 765816
N(4h+4f, 5, [1,0,0,0], [0,0,1,0]) = 440892
N(4h+4f, 5, [0,0,0,0], [4,0,0,0]) = 262000
N(4h+4f, 5, [0,0,0,0], [2,1,0,0]) = 1211110
N(4h+4f, 5, [0,0,0,0], [1,0,1,0]) = 1033446
N(4h+4f, 5, [0,0,0,0], [0,2,0,0]) = 548760
N(4h+4f, 5, [0,0,0,0], [0,0,0,1]) = 530768
