N(5h+12f, 43, [12,0,0,0,0,0,0,0,0,0,0,0], [0,0,0,0,0,0,0,0,0,0,0,0]) = 284
N(5h+12f, 43, [10,1,0,0,0,0,0,0,0,0,0,0], [0,0,0,0,0,0,0,0,0,0,0,0]) = 282
N(5h+12f, 43, [9,0,1,0,0,0,0,0,0,0,0,0], [0,0,0,0,0,0,0,0,0,0,0,0]) = 281
N(5h+12f, 43, [8,2,0,0,0,0,0,0,0,0,0,0], [0,0,0,0,0,0,0,0,0,0,0,0]) = 280
N(5h+12f, 43, [8,0,0,1,0,0,0,0,0,0,0,0], [0,0,0,0,0,0,0,0,0,0,0,0]) = 280
N(5h+12f, 43, [7,1,1,0,0,0,0,0,0,0,0,0], [0,0,0,0,0,0,0,0,0,0,0,0]) = 279
N(5h+12f, 43, [7,0,0,0,1,0,0,0,0,0,0,0], [0,0,0,0,0,0,0,0,0,0,0,0]) = 279
N(5h+12f, 43, [6,3,0,0,0,0,0,0,0,0,0,0], [0,0,0,0,0,0,0,0,0,0,0,0]) = 278
N(5h+12f, 43, [6,1,0,1,0,0,0,0,0,0,0,0], [0,0,0,0,0,0,0,0,0,0,0,0]) = 278
N(5h+12f, 43, [6,0,2,0,0,0,0,0,0,0,0,0], [0,0,0,0,0,0,0,0,0,0,0,0]) = 278
N(5h+12f, 43, [6,0,0,0,0,1,0,0,0,0,0,0], [0,0,0,0,0,0,0,0,0,0,0,0]) = 278
N(5h+12f, 43, [5,2,1,0,0,0,0,0,0,0,0,0], [0,0,0,0,0,0,0,0,0,0,0,0]) = 277
N(5h+12f, 43, [5,1,0,0,1,0,0,0,0,0,0,0], [0,0,0,0,0,0,0,0,0,0,0,0]) = 277
N(5h+12f, 43, [5,0,1,1,0,0,0,0,0,0,0,0], [0,0,0,0,0,0,0,0,0,0,0,0]) = 277
N(5h+12f, 43, [5,0,0,0,0,0,1,0,0,0,0,0], [0,0,0,0,0,0,0,0,0,0,0,0]) = 277
N(5h+12f, 43, [4,4,0,0,0,0,0,0,0,0,0,0], [0,0,0,0,0,0,0,0,0,0,0,0]) = 276
N(5h+12f, 43, [4,2,0,1,0,0,0,0,0,0,0,0], [0,0,0,0,0,0,0,0,0,0,0,0]) = 276
N(5h+12f, 43, [4,1,2,0,0,0,0,0,0,0,0,0], [0,0,0,0,0,0,0,0,0,0,0,0]) = 276
N(5h+12f, 43, [4,1,0,0,0,1,0,0,0,0,0,0], [0,0,0,0,0,0,0,0,0,0,0,0]) = 276
N(5h+12f, 43, [4,0,1,0,1,0,0,0,0,0,0,0], [0,0,0,0,0,0,0,0,0,0,0,0]) = 276
N(5h+12f, 43, [4,0,0,2,0,0,0,0,0,0,0,0], [0,0,0,0,0,0,0,0,0,0,0,0]) = 276
N(5h+12f, 43, [4,0,0,0,0,0,0,1,0,0,0,0], [0,0,0,0,0,0,0,0,0,0,0,0]) = 276
N(5h+12f, 43, [3,3,1,0,0,0,0,0,0,0,0,0], [0,0,0,0,0,0,0,0,0,0,0,0]) = 275
N(5h+12f, 43, [3,2,0,0,1,0,0,0,0,0,0,0], [0,0,0,0,0,0,0,0,0,0,0,0]) = 275
N(5h+12f, 43, [3,1,1,1,0,0,0,0,0,0,0,0], [0,0,0,0,0,0,0,0,0,0,0,0]) = 275
N(5h+12f, 43, [3,1,0,0,0,0,1,0,0,0,0,0], [0,0,0,0,0,0,0,0,0,0,0,0]) = 275
N(5h+12f, 43, [3,0,3,0,0,0,0,0,0,0,0,0], [0,0,0,0,0,0,0,0,0,0,0,0]) = 275
N(5h+12f, 43, [3,0,1,0,0,1,0,0,0,0,0,0], [0,0,0,0,0,0,0,0,0,0,0,0]) = 275
N(5h+12f, 43, [3,0,0,1,1,0,0,0,0,0,0,0], [0,0,0,0,0,0,0,0,0,0,0,0]) = 275
N(5h+12f, 43, [3,0,0,0,0,0,0,0,1,0,0,0], [0,0,0,0,0,0,0,0,0,0,0,0]) = 275
N(5h+12f, 43, [2,5,0,0,0,0,0,0,0,0,0,0], [0,0,0,0,0,0,0,0,0,0,0,0]) = 274
N(5h+12f, 43, [2,3,0,1,0,0,0,0,0,0,0,0], [0,0,0,0,0,0,0,0,0,0,0,0]) = 274
N(5h+12f, 43, [2,2,2,0,0,0,0,0,0,0,0,0], [0,0,0,0,0,0,0,0,0,0,0,0]) = 274
N(5h+12f, 43, [2,2,0,0,0,1,0,0,0,0,0,0], [0,0,0,0,0,0,0,0,0,0,0,0]) = 274
N(5h+12f, 43, [2,1,1,0,1,0,0,0,0,0,0,0], [0,0,0,0,0,0,0,0,0,0,0,0]) = 274
N(5h+12f, 43, [2,1,0,2,0,0,0,0,0,0,0,0], [0,0,0,0,0,0,0,0,0,0,0,0]) = 274
N(5h+12f, 43, [2,1,0,0,0,0,0,1,0,0,0,0], [0,0,0,0,0,0,0,0,0,0,0,0]) = 274
N(5h+12f, 43, [2,0,2,1,0,0,0,0,0,0,0,0], [0,0,0,0,0,0,0,0,0,0,0,0]) = 274
N(5h+12f, 43, [2,0,1,0,0,0,1,0,0,0,0,0], [0,0,0,0,0,0,0,0,0,0,0,0]) = 274
N(5h+12f, 43, [2,0,0,1,0,1,0,0,0,0,0,0], [0,0,0,0,0,0,0,0,0,0,0,0]) = 274
N(5h+12f, 43, [2,0,0,0,2,0,0,0,0,0,0,0], [0,0,0,0,0,0,0,0,0,0,0,0]) = 274
N(5h+12f, 43, [2,0,0,0,0,0,0,0,0,1,0,0], [0,0,0,0,0,0,0,0,0,0,0,0]) = 274
N(5h+12f, 43, [1,4,1,0,0,0,0,0,0,0,0,0], [0,0,0,0,0,0,0,0,0,0,0,0]) = 273
N(5h+12f, 43, [1,3,0,0,1,0,0,0,0,0,0,0], [0,0,0,0,0,0,0,0,0,0,0,0]) = 273
N(5h+12f, 43, [1,2,1,1,0,0,0,0,0,0,0,0], [0,0,0,0,0,0,0,0,0,0,0,0]) = 273
N(5h+12f, 43, [1,2,0,0,0,0,1,0,0,0,0,0], [0,0,0,0,0,0,0,0,0,0,0,0]) = 273
N(5h+12f, 43, [1,1,3,0,0,0,0,0,0,0,0,0], [0,0,0,0,0,0,0,0,0,0,0,0]) = 273
N(5h+12f, 43, [1,1,1,0,0,1,0,0,0,0,0,0], [0,0,0,0,0,0,0,0,0,0,0,0]) = 273
N(5h+12f, 43, [1,1,0,1,1,0,0,0,0,0,0,0], [0,0,0,0,0,0,0,0,0,0,0,0]) = 273
N(5h+12f, 43, [1,1,0,0,0,0,0,0,1,0,0,0], [0,0,0,0,0,0,0,0,0,0,0,0]) = 273
N(5h+12f, 43, [1,0,2,0,1,0,0,0,0,0,0,0], [0,0,0,0,0,0,0,0,0,0,0,0]) = 273
N(5h+12f, 43, [1,0,1,2,0,0,0,0,0,0,0,0], [0,0,0,0,0,0,0,0,0,0,0,0]) = 273
N(5h+12f, 43, [1,0,1,0,0,0,0,1,0,0,0,0], [0,0,0,0,0,0,0,0,0,0,0,0]) = 273
N(5h+12f, 43, [1,0,0,1,0,0,1,0,0,0,0,0], [0,0,0,0,0,0,0,0,0,0,0,0]) = 273
N(5h+12f, 43, [1,0,0,0,1,1,0,0,0,0,0,0], [0,0,0,0,0,0,0,0,0,0,0,0]) = 273
N(5h+12f, 43, [1,0,0,0,0,0,0,0,0,0,1,0], [0,0,0,0,0,0,0,0,0,0,0,0]) = 273
N(5h+12f, 43, [0,6,0,0,0,0,0,0,0,0,0,0], [0,0,0,0,0,0,0,0,0,0,0,0]) = 272
N(5h+12f, 43, [0,4,0,1,0,0,0,0,0,0,0,0], [0,0,0,0,0,0,0,0,0,0,0,0]) = 272
N(5h+12f, 43, [0,3,2,0,0,0,0,0,0,0,0,0], [0,0,0,0,0,0,0,0,0,0,0,0]) = 272
N(5h+12f, 43, [0,3,0,0,0,1,0,0,0,0,0,0], [0,0,0,0,0,0,0,0,0,0,0,0]) = 272
N(5h+12f, 43, [0,2,1,0,1,0,0,0,0,0,0,0], [0,0,0,0,0,0,0,0,0,0,0,0]) = 272
N(5h+12f, 43, [0,2,0,2,0,0,0,0,0,0,0,0], [0,0,0,0,0,0,0,0,0,0,0,0]) = 272
N(5h+12f, 43, [0,2,0,0,0,0,0,1,0,0,0,0], [0,0,0,0,0,0,0,0,0,0,0,0]) = 272
N(5h+12f, 43, [0,1,2,1,0,0,0,0,0,0,0,0], [0,0,0,0,0,0,0,0,0,0,0,0]) = 272
N(5h+12f, 43, [0,1,1,0,0,0,1,0,0,0,0,0], [0,0,0,0,0,0,0,0,0,0,0,0]) = 272
N(5h+12f, 43, [0,1,0,1,0,1,0,0,0,0,0,0], [0,0,0,0,0,0,0,0,0,0,0,0]) = 272
N(5h+12f, 43, [0,1,0,0,2,0,0,0,0,0,0,0], [0,0,0,0,0,0,0,0,0,0,0,0]) = 272
N(5h+12f, 43, [0,1,0,0,0,0,0,0,0,1,0,0], [0,0,0,0,0,0,0,0,0,0,0,0]) = 272
N(5h+12f, 43, [0,0,4,0,0,0,0,0,0,0,0,0], [0,0,0,0,0,0,0,0,0,0,0,0]) = 272
N(5h+12f, 43, [0,0,2,0,0,1,0,0,0,0,0,0], [0,0,0,0,0,0,0,0,0,0,0,0]) = 272
N(5h+12f, 43, [0,0,1,1,1,0,0,0,0,0,0,0], [0,0,0,0,0,0,0,0,0,0,0,0]) = 272
N(5h+12f, 43, [0,0,1,0,0,0,0,0,1,0,0,0], [0,0,0,0,0,0,0,0,0,0,0,0]) = 272
N(5h+12f, 43, [0,0,0,3,0,0,0,0,0,0,0,0], [0,0,0,0,0,0,0,0,0,0,0,0]) = 272
N(5h+12f, 43, [0,0,0,1,0,0,0,1,0,0,0,0], [0,0,0,0,0,0,0,0,0,0,0,0]) = 272
N(5h+12f, 43, [0,0,0,0,1,0,1,0,0,0,0,0], [0,0,0,0,0,0,0,0,0,0,0,0]) = 272
N(5h+12f, 43, [0,0,0,0,0,2,0,0,0,0,0,0], [0,0,0,0,0,0,0,0,0,0,0,0]) = 272
N(5h+12f, 43, [0,0,0,0,0,0,0,0,0,0,0,1], [0,0,0,0,0,0,0,0,0,0,0,0]) = 272
N(5h+12f, 43, [11,0,0,0,0,0,0,0,0,0,0,0], [1,0,0,0,0,0,0,0,0,0,0,0]) = 296
N(5h+12f, 43, [9,1,0,0,0,0,0,0,0,0,0,0], [1,0,0,0,0,0,0,0,0,0,0,0]) = 294
N(5h+12f, 43, [8,0,1,0,0,0,0,0,0,0,0,0], [1,0,0,0,0,0,0,0,0,0,0,0]) = 293
N(5h+12f, 43, [7,2,0,0,0,0,0,0,0,0,0,0], [1,0,0,0,0,0,0,0,0,0,0,0]) = 292
N(5h+12f, 43, [7,0,0,1,0,0,0,0,0,0,0,0], [1,0,0,0,0,0,0,0,0,0,0,0]) = 292
N(5h+12f, 43, [6,1,1,0,0,0,0,0,0,0,0,0], [1,0,0,0,0,0,0,0,0,0,0,0]) = 291
N(5h+12f, 43, [6,0,0,0,1,0,0,0,0,0,0,0], [1,0,0,0,0,0,0,0,0,0,0,0]) = 291
N(5h+12f, 43, [5,3,0,0,0,0,0,0,0,0,0,0], [1,0,0,0,0,0,0,0,0,0,0,0]) = 290
N(5h+12f, 43, [5,1,0,1,0,0,0,0,0,0,0,0], [1,0,0,0,0,0,0,0,0,0,0,0]) = 290
N(5h+12f, 43, [5,0,2,0,0,0,0,0,0,0,0,0], [1,0,0,0,0,0,0,0,0,0,0,0]) = 290
N(5h+12f, 43, [5,0,0,0,0,1,0,0,0,0,0,0], [1,0,0,0,0,0,0,0,0,0,0,0]) = 290
N(5h+12f, 43, [4,2,1,0,0,0,0,0,0,0,0,0], [1,0,0,0,0,0,0,0,0,0,0,0]) = 289
N(5h+12f, 43, [4,1,0,0,1,0,0,0,0,0,0,0], [1,0,0,0,0,0,0,0,0,0,0,0]) = 289
N(5h+12f, 43, [4,0,1,1,0,0,0,0,0,0,0,0], [1,0,0,0,0,0,0,0,0,0,0,0]) = 289
N(5h+12f, 43, [4,0,0,0,0,0,1,0,0,0,0,0], [1,0,0,0,0,0,0,0,0,0,0,0]) = 289
N(5h+12f, 43, [3,4,0,0,0,0,0,0,0,0,0,0], [1,0,0,0,0,0,0,0,0,0,0,0]) = 288
N(5h+12f, 43, [3,2,0,1,0,0,0,0,0,0,0,0], [1,0,0,0,0,0,0,0,0,0,0,0]) = 288
N(5h+12f, 43, [3,1,2,0,0,0,0,0,0,0,0,0], [1,0,0,0,0,0,0,0,0,0,0,0]) = 288
N(5h+12f, 43, [3,1,0,0,0,1,0,0,0,0,0,0], [1,0,0,0,0,0,0,0,0,0,0,0]) = 288
N(5h+12f, 43, [3,0,1,0,1,0,0,0,0,0,0,0], [1,0,0,0,0,0,0,0,0,0,0,0]) = 288
N(5h+12f, 43, [3,0,0,2,0,0,0,0,0,0,0,0], [1,0,0,0,0,0,0,0,0,0,0,0]) = 288
N(5h+12f, 43, [3,0,0,0,0,0,0,1,0,0,0,0], [1,0,0,0,0,0,0,0,0,0,0,0]) = 288
N(5h+12f, 43, [2,3,1,0,0,0,0,0,0,0,0,0], [1,0,0,0,0,0,0,0,0,0,0,0]) = 287
N(5h+12f, 43, [2,2,0,0,1,0,0,0,0,0,0,0], [1,0,0,0,0,0,0,0,0,0,0,0]) = 287
N(5h+12f, 43, [2,1,1,1,0,0,0,0,0,0,0,0], [1,0,0,0,0,0,0,0,0,0,0,0]) = 287
N(5h+12f, 43, [2,1,0,0,0,0,1,0,0,0,0,0], [1,0,0,0,0,0,0,0,0,0,0,0]) = 287
N(5h+12f, 43, [2,0,3,0,0,0,0,0,0,0,0,0], [1,0,0,0,0,0,0,0,0,0,0,0]) = 287
N(5h+12f, 43, [2,0,1,0,0,1,0,0,0,0,0,0], [1,0,0,0,0,0,0,0,0,0,0,0]) = 287
N(5h+12f, 43, [2,0,0,1,1,0,0,0,0,0,0,0], [1,0,0,0,0,0,0,0,0,0,0,0]) = 287
N(5h+12f, 43, [2,0,0,0,0,0,0,0,1,0,0,0], [1,0,0,0,0,0,0,0,0,0,0,0]) = 287
N(5h+12f, 43, [1,5,0,0,0,0,0,0,0,0,0,0], [1,0,0,0,0,0,0,0,0,0,0,0]) = 286
N(5h+12f, 43, [1,3,0,1,0,0,0,0,0,0,0,0], [1,0,0,0,0,0,0,0,0,0,0,0]) = 286
N(5h+12f, 43, [1,2,2,0,0,0,0,0,0,0,0,0], [1,0,0,0,0,0,0,0,0,0,0,0]) = 286
N(5h+12f, 43, [1,2,0,0,0,1,0,0,0,0,0,0], [1,0,0,0,0,0,0,0,0,0,0,0]) = 286
N(5h+12f, 43, [1,1,1,0,1,0,0,0,0,0,0,0], [1,0,0,0,0,0,0,0,0,0,0,0]) = 286
N(5h+12f, 43, [1,1,0,2,0,0,0,0,0,0,0,0], [1,0,0,0,0,0,0,0,0,0,0,0]) = 286
N(5h+12f, 43, [1,1,0,0,0,0,0,1,0,0,0,0], [1,0,0,0,0,0,0,0,0,0,0,0]) = 286
N(5h+12f, 43, [1,0,2,1,0,0,0,0,0,0,0,0], [1,0,0,0,0,0,0,0,0,0,0,0]) = 286
N(5h+12f, 43, [1,0,1,0,0,0,1,0,0,0,0,0], [1,0,0,0,0,0,0,0,0,0,0,0]) = 286
N(5h+12f, 43, [1,0,0,1,0,1,0,0,0,0,0,0], [1,0,0,0,0,0,0,0,0,0,0,0]) = 286
N(5h+12f, 43, [1,0,0,0,2,0,0,0,0,0,0,0], [1,0,0,0,0,0,0,0,0,0,0,0]) = 286
N(5h+12f, 43, [1,0,0,0,0,0,0,0,0,1,0,0], [1,0,0,0,0,0,0,0,0,0,0,0]) = 286
N(5h+12f, 43, [0,4,1,0,0,0,0,0,0,0,0,0], [1,0,0,0,0,0,0,0,0,0,0,0]) = 285
N(5h+12f, 43, [0,3,0,0,1,0,0,0,0,0,0,0], [1,0,0,0,0,0,0,0,0,0,0,0]) = 285
N(5h+12f, 43, [0,2,1,1,0,0,0,0,0,0,0,0], [1,0,0,0,0,0,0,0,0,0,0,0]) = 285
N(5h+12f, 43, [0,2,0,0,0,0,1,0,0,0,0,0], [1,0,0,0,0,0,0,0,0,0,0,0]) = 285
N(5h+12f, 43, [0,1,3,0,0,0,0,0,0,0,0,0], [1,0,0,0,0,0,0,0,0,0,0,0]) = 285
N(5h+12f, 43, [0,1,1,0,0,1,0,0,0,0,0,0], [1,0,0,0,0,0,0,0,0,0,0,0]) = 285
N(5h+12f, 43, [0,1,0,1,1,0,0,0,0,0,0,0], [1,0,0,0,0,0,0,0,0,0,0,0]) = 285
N(5h+12f, 43, [0,1,0,0,0,0,0,0,1,0,0,0], [1,0,0,0,0,0,0,0,0,0,0,0]) = 285
N(5h+12f, 43, [0,0,2,0,1,0,0,0,0,0,0,0], [1,0,0,0,0,0,0,0,0,0,0,0]) = 285
N(5h+12f, 43, [0,0,1,2,0,0,0,0,0,0,0,0], [1,0,0,0,0,0,0,0,0,0,0,0]) = 285
N(5h+12f, 43, [0,0,1,0,0,0,0,1,0,0,0,0], [1,0,0,0,0,0,0,0,0,0,0,0]) = 285
N(5h+12f, 43, [0,0,0,1,0,0,1,0,0,0,0,0], [1,0,0,0,0,0,0,0,0,0,0,0]) = 285
N(5h+12f, 43, [0,0,0,0,1,1,0,0,0,0,0,0], [1,0,0,0,0,0,0,0,0,0,0,0]) = 285
N(5h+12f, 43, [0,0,0,0,0,0,0,0,0,0,1,0], [1,0,0,0,0,0,0,0,0,0,0,0]) = 285
N(5h+12f, 43, [10,0,0,0,0,0,0,0,0,0,0,0], [2,0,0,0,0,0,0,0,0,0,0,0]) = 296
N(5h+12f, 43, [10,0,0,0,0,0,0,0,0,0,0,0], [0,1,0,0,0,0,0,0,0,0,0,0]) = 564
N(5h+12f, 43, [8,1,0,0,0,0,0,0,0,0,0,0], [2,0,0,0,0,0,0,0,0,0,0,0]) = 294
N(5h+12f, 43, [8,1,0,0,0,0,0,0,0,0,0,0], [0,1,0,0,0,0,0,0,0,0,0,0]) = 560
N(5h+12f, 43, [7,0,1,0,0,0,0,0,0,0,0,0], [2,0,0,0,0,0,0,0,0,0,0,0]) = 293
N(5h+12f, 43, [7,0,1,0,0,0,0,0,0,0,0,0], [0,1,0,0,0,0,0,0,0,0,0,0]) = 558
N(5h+12f, 43, [6,2,0,0,0,0,0,0,0,0,0,0], [2,0,0,0,0,0,0,0,0,0,0,0]) = 292
N(5h+12f, 43, [6,2,0,0,0,0,0,0,0,0,0,0], [0,1,0,0,0,0,0,0,0,0,0,0]) = 556
N(5h+12f, 43, [6,0,0,1,0,0,0,0,0,0,0,0], [2,0,0,0,0,0,0,0,0,0,0,0]) = 292
N(5h+12f, 43, [6,0,0,1,0,0,0,0,0,0,0,0], [0,1,0,0,0,0,0,0,0,0,0,0]) = 556
N(5h+12f, 43, [5,1,1,0,0,0,0,0,0,0,0,0], [2,0,0,0,0,0,0,0,0,0,0,0]) = 291
N(5h+12f, 43, [5,1,1,0,0,0,0,0,0,0,0,0], [0,1,0,0,0,0,0,0,0,0,0,0]) = 554
N(5h+12f, 43, [5,0,0,0,1,0,0,0,0,0,0,0], [2,0,0,0,0,0,0,0,0,0,0,0]) = 291
N(5h+12f, 43, [5,0,0,0,1,0,0,0,0,0,0,0], [0,1,0,0,0,0,0,0,0,0,0,0]) = 554
N(5h+12f, 43, [4,3,0,0,0,0,0,0,0,0,0,0], [2,0,0,0,0,0,0,0,0,0,0,0]) = 290
N(5h+12f, 43, [4,3,0,0,0,0,0,0,0,0,0,0], [0,1,0,0,0,0,0,0,0,0,0,0]) = 552
N(5h+12f, 43, [4,1,0,1,0,0,0,0,0,0,0,0], [2,0,0,0,0,0,0,0,0,0,0,0]) = 290
N(5h+12f, 43, [4,1,0,1,0,0,0,0,0,0,0,0], [0,1,0,0,0,0,0,0,0,0,0,0]) = 552
N(5h+12f, 43, [4,0,2,0,0,0,0,0,0,0,0,0], [2,0,0,0,0,0,0,0,0,0,0,0]) = 290
N(5h+12f, 43, [4,0,2,0,0,0,0,0,0,0,0,0], [0,1,0,0,0,0,0,0,0,0,0,0]) = 552
N(5h+12f, 43, [4,0,0,0,0,1,0,0,0,0,0,0], [2,0,0,0,0,0,0,0,0,0,0,0]) = 290
N(5h+12f, 43, [4,0,0,0,0,1,0,0,0,0,0,0], [0,1,0,0,0,0,0,0,0,0,0,0]) = 552
N(5h+12f, 43, [3,2,1,0,0,0,0,0,0,0,0,0], [2,0,0,0,0,0,0,0,0,0,0,0]) = 289
N(5h+12f, 43, [3,2,1,0,0,0,0,0,0,0,0,0], [0,1,0,0,0,0,0,0,0,0,0,0]) = 550
N(5h+12f, 43, [3,1,0,0,1,0,0,0,0,0,0,0], [2,0,0,0,0,0,0,0,0,0,0,0]) = 289
N(5h+12f, 43, [3,1,0,0,1,0,0,0,0,0,0,0], [0,1,0,0,0,0,0,0,0,0,0,0]) = 550
N(5h+12f, 43, [3,0,1,1,0,0,0,0,0,0,0,0], [2,0,0,0,0,0,0,0,0,0,0,0]) = 289
N(5h+12f, 43, [3,0,1,1,0,0,0,0,0,0,0,0], [0,1,0,0,0,0,0,0,0,0,0,0]) = 550
N(5h+12f, 43, [3,0,0,0,0,0,1,0,0,0,0,0], [2,0,0,0,0,0,0,0,0,0,0,0]) = 289
N(5h+12f, 43, [3,0,0,0,0,0,1,0,0,0,0,0], [0,1,0,0,0,0,0,0,0,0,0,0]) = 550
N(5h+12f, 43, [2,4,0,0,0,0,0,0,0,0,0,0], [2,0,0,0,0,0,0,0,0,0,0,0]) = 288
N(5h+12f, 43, [2,4,0,0,0,0,0,0,0,0,0,0], [0,1,0,0,0,0,0,0,0,0,0,0]) = 548
N(5h+12f, 43, [2,2,0,1,0,0,0,0,0,0,0,0], [2,0,0,0,0,0,0,0,0,0,0,0]) = 288
N(5h+12f, 43, [2,2,0,1,0,0,0,0,0,0,0,0], [0,1,0,0,0,0,0,0,0,0,0,0]) = 548
N(5h+12f, 43, [2,1,2,0,0,0,0,0,0,0,0,0], [2,0,0,0,0,0,0,0,0,0,0,0]) = 288
N(5h+12f, 43, [2,1,2,0,0,0,0,0,0,0,0,0], [0,1,0,0,0,0,0,0,0,0,0,0]) = 548
N(5h+12f, 43, [2,1,0,0,0,1,0,0,0,0,0,0], [2,0,0,0,0,0,0,0,0,0,0,0]) = 288
N(5h+12f, 43, [2,1,0,0,0,1,0,0,0,0,0,0], [0,1,0,0,0,0,0,0,0,0,0,0]) = 548
N(5h+12f, 43, [2,0,1,0,1,0,0,0,0,0,0,0], [2,0,0,0,0,0,0,0,0,0,0,0]) = 288
N(5h+12f, 43, [2,0,1,0,1,0,0,0,0,0,0,0], [0,1,0,0,0,0,0,0,0,0,0,0]) = 548
N(5h+12f, 43, [2,0,0,2,0,0,0,0,0,0,0,0], [2,0,0,0,0,0,0,0,0,0,0,0]) = 288
N(5h+12f, 43, [2,0,0,2,0,0,0,0,0,0,0,0], [0,1,0,0,0,0,0,0,0,0,0,0]) = 548
N(5h+12f, 43, [2,0,0,0,0,0,0,1,0,0,0,0], [2,0,0,0,0,0,0,0,0,0,0,0]) = 288
N(5h+12f, 43, [2,0,0,0,0,0,0,1,0,0,0,0], [0,1,0,0,0,0,0,0,0,0,0,0]) = 548
N(5h+12f, 43, [1,3,1,0,0,0,0,0,0,0,0,0], [2,0,0,0,0,0,0,0,0,0,0,0]) = 287
N(5h+12f, 43, [1,3,1,0,0,0,0,0,0,0,0,0], [0,1,0,0,0,0,0,0,0,0,0,0]) = 546
N(5h+12f, 43, [1,2,0,0,1,0,0,0,0,0,0,0], [2,0,0,0,0,0,0,0,0,0,0,0]) = 287
N(5h+12f, 43, [1,2,0,0,1,0,0,0,0,0,0,0], [0,1,0,0,0,0,0,0,0,0,0,0]) = 546
N(5h+12f, 43, [1,1,1,1,0,0,0,0,0,0,0,0], [2,0,0,0,0,0,0,0,0,0,0,0]) = 287
N(5h+12f, 43, [1,1,1,1,0,0,0,0,0,0,0,0], [0,1,0,0,0,0,0,0,0,0,0,0]) = 546
N(5h+12f, 43, [1,1,0,0,0,0,1,0,0,0,0,0], [2,0,0,0,0,0,0,0,0,0,0,0]) = 287
N(5h+12f, 43, [1,1,0,0,0,0,1,0,0,0,0,0], [0,1,0,0,0,0,0,0,0,0,0,0]) = 546
N(5h+12f, 43, [1,0,3,0,0,0,0,0,0,0,0,0], [2,0,0,0,0,0,0,0,0,0,0,0]) = 287
N(5h+12f, 43, [1,0,3,0,0,0,0,0,0,0,0,0], [0,1,0,0,0,0,0,0,0,0,0,0]) = 546
N(5h+12f, 43, [1,0,1,0,0,1,0,0,0,0,0,0], [2,0,0,0,0,0,0,0,0,0,0,0]) = 287
N(5h+12f, 43, [1,0,1,0,0,1,0,0,0,0,0,0], [0,1,0,0,0,0,0,0,0,0,0,0]) = 546
N(5h+12f, 43, [1,0,0,1,1,0,0,0,0,0,0,0], [2,0,0,0,0,0,0,0,0,0,0,0]) = 287
N(5h+12f, 43, [1,0,0,1,1,0,0,0,0,0,0,0], [0,1,0,0,0,0,0,0,0,0,0,0]) = 546
N(5h+12f, 43, [1,0,0,0,0,0,0,0,1,0,0,0], [2,0,0,0,0,0,0,0,0,0,0,0]) = 287
N(5h+12f, 43, [1,0,0,0,0,0,0,0,1,0,0,0], [0,1,0,0,0,0,0,0,0,0,0,0]) = 546
N(5h+12f, 43, [0,5,0,0,0,0,0,0,0,0,0,0], [2,0,0,0,0,0,0,0,0,0,0,0]) = 286
N(5h+12f, 43, [0,5,0,0,0,0,0,0,0,0,0,0], [0,1,0,0,0,0,0,0,0,0,0,0]) = 544
N(5h+12f, 43, [0,3,0,1,0,0,0,0,0,0,0,0], [2,0,0,0,0,0,0,0,0,0,0,0]) = 286
N(5h+12f, 43, [0,3,0,1,0,0,0,0,0,0,0,0], [0,1,0,0,0,0,0,0,0,0,0,0]) = 544
N(5h+12f, 43, [0,2,2,0,0,0,0,0,0,0,0,0], [2,0,0,0,0,0,0,0,0,0,0,0]) = 286
N(5h+12f, 43, [0,2,2,0,0,0,0,0,0,0,0,0], [0,1,0,0,0,0,0,0,0,0,0,0]) = 544
N(5h+12f, 43, [0,2,0,0,0,1,0,0,0,0,0,0], [2,0,0,0,0,0,0,0,0,0,0,0]) = 286
N(5h+12f, 43, [0,2,0,0,0,1,0,0,0,0,0,0], [0,1,0,0,0,0,0,0,0,0,0,0]) = 544
N(5h+12f, 43, [0,1,1,0,1,0,0,0,0,0,0,0], [2,0,0,0,0,0,0,0,0,0,0,0]) = 286
N(5h+12f, 43, [0,1,1,0,1,0,0,0,0,0,0,0], [0,1,0,0,0,0,0,0,0,0,0,0]) = 544
N(5h+12f, 43, [0,1,0,2,0,0,0,0,0,0,0,0], [2,0,0,0,0,0,0,0,0,0,0,0]) = 286
N(5h+12f, 43, [0,1,0,2,0,0,0,0,0,0,0,0], [0,1,0,0,0,0,0,0,0,0,0,0]) = 544
N(5h+12f, 43, [0,1,0,0,0,0,0,1,0,0,0,0], [2,0,0,0,0,0,0,0,0,0,0,0]) = 286
N(5h+12f, 43, [0,1,0,0,0,0,0,1,0,0,0,0], [0,1,0,0,0,0,0,0,0,0,0,0]) = 544
N(5h+12f, 43, [0,0,2,1,0,0,0,0,0,0,0,0], [2,0,0,0,0,0,0,0,0,0,0,0]) = 286
N(5h+12f, 43, [0,0,2,1,0,0,0,0,0,0,0,0], [0,1,0,0,0,0,0,0,0,0,0,0]) = 544
N(5h+12f, 43, [0,0,1,0,0,0,1,0,0,0,0,0], [2,0,0,0,0,0,0,0,0,0,0,0]) = 286
N(5h+12f, 43, [0,0,1,0,0,0,1,0,0,0,0,0], [0,1,0,0,0,0,0,0,0,0,0,0]) = 544
N(5h+12f, 43, [0,0,0,1,0,1,0,0,0,0,0,0], [2,0,0,0,0,0,0,0,0,0,0,0]) = 286
N(5h+12f, 43, [0,0,0,1,0,1,0,0,0,0,0,0], [0,1,0,0,0,0,0,0,0,0,0,0]) = 544
N(5h+12f, 43, [0,0,0,0,2,0,0,0,0,0,0,0], [2,0,0,0,0,0,0,0,0,0,0,0]) = 286
N(5h+12f, 43, [0,0,0,0,2,0,0,0,0,0,0,0], [0,1,0,0,0,0,0,0,0,0,0,0]) = 544
N(5h+12f, 43, [0,0,0,0,0,0,0,0,0,1,0,0], [2,0,0,0,0,0,0,0,0,0,0,0]) = 286
N(5h+12f, 43, [0,0,0,0,0,0,0,0,0,1,0,0], [0,1,0,0,0,0,0,0,0,0,0,0]) = 544
N(5h+12f, 43, [9,0,0,0,0,0,0,0,0,0,0,0], [3,0,0,0,0,0,0,0,0,0,0,0]) = 296
N(5h+12f, 43, [9,0,0,0,0,0,0,0,0,0,0,0], [1,1,0,0,0,0,0,0,0,0,0,0]) = 1152
N(5h+12f, 43, [9,0,0,0,0,0,0,0,0,0,0,0], [0,0,1,0,0,0,0,0,0,0,0,0]) = 843
N(5h+12f, 43, [7,1,0,0,0,0,0,0,0,0,0,0], [3,0,0,0,0,0,0,0,0,0,0,0]) = 294
N(5h+12f, 43, [7,1,0,0,0,0,0,0,0,0,0,0], [1,1,0,0,0,0,0,0,0,0,0,0]) = 1144
N(5h+12f, 43, [7,1,0,0,0,0,0,0,0,0,0,0], [0,0,1,0,0,0,0,0,0,0,0,0]) = 837
N(5h+12f, 43, [6,0,1,0,0,0,0,0,0,0,0,0], [3,0,0,0,0,0,0,0,0,0,0,0]) = 293
N(5h+12f, 43, [6,0,1,0,0,0,0,0,0,0,0,0], [1,1,0,0,0,0,0,0,0,0,0,0]) = 1140
N(5h+12f, 43, [6,0,1,0,0,0,0,0,0,0,0,0], [0,0,1,0,0,0,0,0,0,0,0,0]) = 834
N(5h+12f, 43, [5,2,0,0,0,0,0,0,0,0,0,0], [3,0,0,0,0,0,0,0,0,0,0,0]) = 292
N(5h+12f, 43, [5,2,0,0,0,0,0,0,0,0,0,0], [1,1,0,0,0,0,0,0,0,0,0,0]) = 1136
N(5h+12f, 43, [5,2,0,0,0,0,0,0,0,0,0,0], [0,0,1,0,0,0,0,0,0,0,0,0]) = 831
N(5h+12f, 43, [5,0,0,1,0,0,0,0,0,0,0,0], [3,0,0,0,0,0,0,0,0,0,0,0]) = 292
N(5h+12f, 43, [5,0,0,1,0,0,0,0,0,0,0,0], [1,1,0,0,0,0,0,0,0,0,0,0]) = 1136
N(5h+12f, 43, [5,0,0,1,0,0,0,0,0,0,0,0], [0,0,1,0,0,0,0,0,0,0,0,0]) = 831
N(5h+12f, 43, [4,1,1,0,0,0,0,0,0,0,0,0], [3,0,0,0,0,0,0,0,0,0,0,0]) = 291
N(5h+12f, 43, [4,1,1,0,0,0,0,0,0,0,0,0], [1,1,0,0,0,0,0,0,0,0,0,0]) = 1132
N(5h+12f, 43, [4,1,1,0,0,0,0,0,0,0,0,0], [0,0,1,0,0,0,0,0,0,0,0,0]) = 828
N(5h+12f, 43, [4,0,0,0,1,0,0,0,0,0,0,0], [3,0,0,0,0,0,0,0,0,0,0,0]) = 291
N(5h+12f, 43, [4,0,0,0,1,0,0,0,0,0,0,0], [1,1,0,0,0,0,0,0,0,0,0,0]) = 1132
N(5h+12f, 43, [4,0,0,0,1,0,0,0,0,0,0,0], [0,0,1,0,0,0,0,0,0,0,0,0]) = 828
N(5h+12f, 43, [3,3,0,0,0,0,0,0,0,0,0,0], [3,0,0,0,0,0,0,0,0,0,0,0]) = 290
N(5h+12f, 43, [3,3,0,0,0,0,0,0,0,0,0,0], [1,1,0,0,0,0,0,0,0,0,0,0]) = 1128
N(5h+12f, 43, [3,3,0,0,0,0,0,0,0,0,0,0], [0,0,1,0,0,0,0,0,0,0,0,0]) = 825
N(5h+12f, 43, [3,1,0,1,0,0,0,0,0,0,0,0], [3,0,0,0,0,0,0,0,0,0,0,0]) = 290
N(5h+12f, 43, [3,1,0,1,0,0,0,0,0,0,0,0], [1,1,0,0,0,0,0,0,0,0,0,0]) = 1128
N(5h+12f, 43, [3,1,0,1,0,0,0,0,0,0,0,0], [0,0,1,0,0,0,0,0,0,0,0,0]) = 825
N(5h+12f, 43, [3,0,2,0,0,0,0,0,0,0,0,0], [3,0,0,0,0,0,0,0,0,0,0,0]) = 290
N(5h+12f, 43, [3,0,2,0,0,0,0,0,0,0,0,0], [1,1,0,0,0,0,0,0,0,0,0,0]) = 1128
N(5h+12f, 43, [3,0,2,0,0,0,0,0,0,0,0,0], [0,0,1,0,0,0,0,0,0,0,0,0]) = 825
N(5h+12f, 43, [3,0,0,0,0,1,0,0,0,0,0,0], [3,0,0,0,0,0,0,0,0,0,0,0]) = 290
N(5h+12f, 43, [3,0,0,0,0,1,0,0,0,0,0,0], [1,1,0,0,0,0,0,0,0,0,0,0]) = 1128
N(5h+12f, 43, [3,0,0,0,0,1,0,0,0,0,0,0], [0,0,1,0,0,0,0,0,0,0,0,0]) = 825
N(5h+12f, 43, [2,2,1,0,0,0,0,0,0,0,0,0], [3,0,0,0,0,0,0,0,0,0,0,0]) = 289
N(5h+12f, 43, [2,2,1,0,0,0,0,0,0,0,0,0], [1,1,0,0,0,0,0,0,0,0,0,0]) = 1124
N(5h+12f, 43, [2,2,1,0,0,0,0,0,0,0,0,0], [0,0,1,0,0,0,0,0,0,0,0,0]) = 822
N(5h+12f, 43, [2,1,0,0,1,0,0,0,0,0,0,0], [3,0,0,0,0,0,0,0,0,0,0,0]) = 289
N(5h+12f, 43, [2,1,0,0,1,0,0,0,0,0,0,0], [1,1,0,0,0,0,0,0,0,0,0,0]) = 1124
N(5h+12f, 43, [2,1,0,0,1,0,0,0,0,0,0,0], [0,0,1,0,0,0,0,0,0,0,0,0]) = 822
N(5h+12f, 43, [2,0,1,1,0,0,0,0,0,0,0,0], [3,0,0,0,0,0,0,0,0,0,0,0]) = 289
N(5h+12f, 43, [2,0,1,1,0,0,0,0,0,0,0,0], [1,1,0,0,0,0,0,0,0,0,0,0]) = 1124
N(5h+12f, 43, [2,0,1,1,0,0,0,0,0,0,0,0], [0,0,1,0,0,0,0,0,0,0,0,0]) = 822
N(5h+12f, 43, [2,0,0,0,0,0,1,0,0,0,0,0], [3,0,0,0,0,0,0,0,0,0,0,0]) = 289
N(5h+12f, 43, [2,0,0,0,0,0,1,0,0,0,0,0], [1,1,0,0,0,0,0,0,0,0,0,0]) = 1124
N(5h+12f, 43, [2,0,0,0,0,0,1,0,0,0,0,0], [0,0,1,0,0,0,0,0,0,0,0,0]) = 822
N(5h+12f, 43, [1,4,0,0,0,0,0,0,0,0,0,0], [3,0,0,0,0,0,0,0,0,0,0,0]) = 288
N(5h+12f, 43, [1,4,0,0,0,0,0,0,0,0,0,0], [1,1,0,0,0,0,0,0,0,0,0,0]) = 1120
N(5h+12f, 43, [1,4,0,0,0,0,0,0,0,0,0,0], [0,0,1,0,0,0,0,0,0,0,0,0]) = 819
N(5h+12f, 43, [1,2,0,1,0,0,0,0,0,0,0,0], [3,0,0,0,0,0,0,0,0,0,0,0]) = 288
N(5h+12f, 43, [1,2,0,1,0,0,0,0,0,0,0,0], [1,1,0,0,0,0,0,0,0,0,0,0]) = 1120
N(5h+12f, 43, [1,2,0,1,0,0,0,0,0,0,0,0], [0,0,1,0,0,0,0,0,0,0,0,0]) = 819
N(5h+12f, 43, [1,1,2,0,0,0,0,0,0,0,0,0], [3,0,0,0,0,0,0,0,0,0,0,0]) = 288
N(5h+12f, 43, [1,1,2,0,0,0,0,0,0,0,0,0], [1,1,0,0,0,0,0,0,0,0,0,0]) = 1120
N(5h+12f, 43, [1,1,2,0,0,0,0,0,0,0,0,0], [0,0,1,0,0,0,0,0,0,0,0,0]) = 819
N(5h+12f, 43, [1,1,0,0,0,1,0,0,0,0,0,0], [3,0,0,0,0,0,0,0,0,0,0,0]) = 288
N(5h+12f, 43, [1,1,0,0,0,1,0,0,0,0,0,0], [1,1,0,0,0,0,0,0,0,0,0,0]) = 1120
N(5h+12f, 43, [1,1,0,0,0,1,0,0,0,0,0,0], [0,0,1,0,0,0,0,0,0,0,0,0]) = 819
N(5h+12f, 43, [1,0,1,0,1,0,0,0,0,0,0,0], [3,0,0,0,0,0,0,0,0,0,0,0]) = 288
N(5h+12f, 43, [1,0,1,0,1,0,0,0,0,0,0,0], [1,1,0,0,0,0,0,0,0,0,0,0]) = 1120
N(5h+12f, 43, [1,0,1,0,1,0,0,0,0,0,0,0], [0,0,1,0,0,0,0,0,0,0,0,0]) = 819
N(5h+12f, 43, [1,0,0,2,0,0,0,0,0,0,0,0], [3,0,0,0,0,0,0,0,0,0,0,0]) = 288
N(5h+12f, 43, [1,0,0,2,0,0,0,0,0,0,0,0], [1,1,0,0,0,0,0,0,0,0,0,0]) = 1120
N(5h+12f, 43, [1,0,0,2,0,0,0,0,0,0,0,0], [0,0,1,0,0,0,0,0,0,0,0,0]) = 819
N(5h+12f, 43, [1,0,0,0,0,0,0,1,0,0,0,0], [3,0,0,0,0,0,0,0,0,0,0,0]) = 288
N(5h+12f, 43, [1,0,0,0,0,0,0,1,0,0,0,0], [1,1,0,0,0,0,0,0,0,0,0,0]) = 1120
N(5h+12f, 43, [1,0,0,0,0,0,0,1,0,0,0,0], [0,0,1,0,0,0,0,0,0,0,0,0]) = 819
N(5h+12f, 43, [0,3,1,0,0,0,0,0,0,0,0,0], [3,0,0,0,0,0,0,0,0,0,0,0]) = 287
N(5h+12f, 43, [0,3,1,0,0,0,0,0,0,0,0,0], [1,1,0,0,0,0,0,0,0,0,0,0]) = 1116
N(5h+12f, 43, [0,3,1,0,0,0,0,0,0,0,0,0], [0,0,1,0,0,0,0,0,0,0,0,0]) = 816
N(5h+12f, 43, [0,2,0,0,1,0,0,0,0,0,0,0], [3,0,0,0,0,0,0,0,0,0,0,0]) = 287
N(5h+12f, 43, [0,2,0,0,1,0,0,0,0,0,0,0], [1,1,0,0,0,0,0,0,0,0,0,0]) = 1116
N(5h+12f, 43, [0,2,0,0,1,0,0,0,0,0,0,0], [0,0,1,0,0,0,0,0,0,0,0,0]) = 816
N(5h+12f, 43, [0,1,1,1,0,0,0,0,0,0,0,0], [3,0,0,0,0,0,0,0,0,0,0,0]) = 287
N(5h+12f, 43, [0,1,1,1,0,0,0,0,0,0,0,0], [1,1,0,0,0,0,0,0,0,0,0,0]) = 1116
N(5h+12f, 43, [0,1,1,1,0,0,0,0,0,0,0,0], [0,0,1,0,0,0,0,0,0,0,0,0]) = 816
N(5h+12f, 43, [0,1,0,0,0,0,1,0,0,0,0,0], [3,0,0,0,0,0,0,0,0,0,0,0]) = 287
N(5h+12f, 43, [0,1,0,0,0,0,1,0,0,0,0,0], [1,1,0,0,0,0,0,0,0,0,0,0]) = 1116
N(5h+12f, 43, [0,1,0,0,0,0,1,0,0,0,0,0], [0,0,1,0,0,0,0,0,0,0,0,0]) = 816
N(5h+12f, 43, [0,0,3,0,0,0,0,0,0,0,0,0], [3,0,0,0,0,0,0,0,0,0,0,0]) = 287
N(5h+12f, 43, [0,0,3,0,0,0,0,0,0,0,0,0], [1,1,0,0,0,0,0,0,0,0,0,0]) = 1116
N(5h+12f, 43, [0,0,3,0,0,0,0,0,0,0,0,0], [0,0,1,0,0,0,0,0,0,0,0,0]) = 816
N(5h+12f, 43, [0,0,1,0,0,1,0,0,0,0,0,0], [3,0,0,0,0,0,0,0,0,0,0,0]) = 287
N(5h+12f, 43, [0,0,1,0,0,1,0,0,0,0,0,0], [1,1,0,0,0,0,0,0,0,0,0,0]) = 1116
N(5h+12f, 43, [0,0,1,0,0,1,0,0,0,0,0,0], [0,0,1,0,0,0,0,0,0,0,0,0]) = 816
N(5h+12f, 43, [0,0,0,1,1,0,0,0,0,0,0,0], [3,0,0,0,0,0,0,0,0,0,0,0]) = 287
N(5h+12f, 43, [0,0,0,1,1,0,0,0,0,0,0,0], [1,1,0,0,0,0,0,0,0,0,0,0]) = 1116
N(5h+12f, 43, [0,0,0,1,1,0,0,0,0,0,0,0], [0,0,1,0,0,0,0,0,0,0,0,0]) = 816
N(5h+12f, 43, [0,0,0,0,0,0,0,0,1,0,0,0], [3,0,0,0,0,0,0,0,0,0,0,0]) = 287
N(5h+12f, 43, [0,0,0,0,0,0,0,0,1,0,0,0], [1,1,0,0,0,0,0,0,0,0,0,0]) = 1116
N(5h+12f, 43, [0,0,0,0,0,0,0,0,1,0,0,0], [0,0,1,0,0,0,0,0,0,0,0,0]) = 816
N(5h+12f, 43, [8,0,0,0,0,0,0,0,0,0,0,0], [4,0,0,0,0,0,0,0,0,0,0,0]) = 296
N(5h+12f, 43, [8,0,0,0,0,0,0,0,0,0,0,0], [2,1,0,0,0,0,0,0,0,0,0,0]) = 1740
N(5h+12f, 43, [8,0,0,0,0,0,0,0,0,0,0,0], [1,0,1,0,0,0,0,0,0,0,0,0]) = 1722
N(5h+12f, 43, [8,0,0,0,0,0,0,0,0,0,0,0], [0,2,0,0,0,0,0,0,0,0,0,0]) = 1120
N(5h+12f, 43, [8,0,0,0,0,0,0,0,0,0,0,0], [0,0,0,1,0,0,0,0,0,0,0,0]) = 1120
N(5h+12f, 43, [6,1,0,0,0,0,0,0,0,0,0,0], [4,0,0,0,0,0,0,0,0,0,0,0]) = 294
N(5h+12f, 43, [6,1,0,0,0,0,0,0,0,0,0,0], [2,1,0,0,0,0,0,0,0,0,0,0]) = 1728
N(5h+12f, 43, [6,1,0,0,0,0,0,0,0,0,0,0], [1,0,1,0,0,0,0,0,0,0,0,0]) = 1710
N(5h+12f, 43, [6,1,0,0,0,0,0,0,0,0,0,0], [0,2,0,0,0,0,0,0,0,0,0,0]) = 1112
N(5h+12f, 43, [6,1,0,0,0,0,0,0,0,0,0,0], [0,0,0,1,0,0,0,0,0,0,0,0]) = 1112
N(5h+12f, 43, [5,0,1,0,0,0,0,0,0,0,0,0], [4,0,0,0,0,0,0,0,0,0,0,0]) = 293
N(5h+12f, 43, [5,0,1,0,0,0,0,0,0,0,0,0], [2,1,0,0,0,0,0,0,0,0,0,0]) = 1722
N(5h+12f, 43, [5,0,1,0,0,0,0,0,0,0,0,0], [1,0,1,0,0,0,0,0,0,0,0,0]) = 1704
N(5h+12f, 43, [5,0,1,0,0,0,0,0,0,0,0,0], [0,2,0,0,0,0,0,0,0,0,0,0]) = 1108
N(5h+12f, 43, [5,0,1,0,0,0,0,0,0,0,0,0], [0,0,0,1,0,0,0,0,0,0,0,0]) = 1108
N(5h+12f, 43, [4,2,0,0,0,0,0,0,0,0,0,0], [4,0,0,0,0,0,0,0,0,0,0,0]) = 292
N(5h+12f, 43, [4,2,0,0,0,0,0,0,0,0,0,0], [2,1,0,0,0,0,0,0,0,0,0,0]) = 1716
N(5h+12f, 43, [4,2,0,0,0,0,0,0,0,0,0,0], [1,0,1,0,0,0,0,0,0,0,0,0]) = 1698
N(5h+12f, 43, [4,2,0,0,0,0,0,0,0,0,0,0], [0,2,0,0,0,0,0,0,0,0,0,0]) = 1104
N(5h+12f, 43, [4,2,0,0,0,0,0,0,0,0,0,0], [0,0,0,1,0,0,0,0,0,0,0,0]) = 1104
N(5h+12f, 43, [4,0,0,1,0,0,0,0,0,0,0,0], [4,0,0,0,0,0,0,0,0,0,0,0]) = 292
N(5h+12f, 43, [4,0,0,1,0,0,0,0,0,0,0,0], [2,1,0,0,0,0,0,0,0,0,0,0]) = 1716
N(5h+12f, 43, [4,0,0,1,0,0,0,0,0,0,0,0], [1,0,1,0,0,0,0,0,0,0,0,0]) = 1698
N(5h+12f, 43, [4,0,0,1,0,0,0,0,0,0,0,0], [0,2,0,0,0,0,0,0,0,0,0,0]) = 1104
N(5h+12f, 43, [4,0,0,1,0,0,0,0,0,0,0,0], [0,0,0,1,0,0,0,0,0,0,0,0]) = 1104
N(5h+12f, 43, [3,1,1,0,0,0,0,0,0,0,0,0], [4,0,0,0,0,0,0,0,0,0,0,0]) = 291
N(5h+12f, 43, [3,1,1,0,0,0,0,0,0,0,0,0], [2,1,0,0,0,0,0,0,0,0,0,0]) = 1710
N(5h+12f, 43, [3,1,1,0,0,0,0,0,0,0,0,0], [1,0,1,0,0,0,0,0,0,0,0,0]) = 1692
N(5h+12f, 43, [3,1,1,0,0,0,0,0,0,0,0,0], [0,2,0,0,0,0,0,0,0,0,0,0]) = 1100
N(5h+12f, 43, [3,1,1,0,0,0,0,0,0,0,0,0], [0,0,0,1,0,0,0,0,0,0,0,0]) = 1100
N(5h+12f, 43, [3,0,0,0,1,0,0,0,0,0,0,0], [4,0,0,0,0,0,0,0,0,0,0,0]) = 291
N(5h+12f, 43, [3,0,0,0,1,0,0,0,0,0,0,0], [2,1,0,0,0,0,0,0,0,0,0,0]) = 1710
N(5h+12f, 43, [3,0,0,0,1,0,0,0,0,0,0,0], [1,0,1,0,0,0,0,0,0,0,0,0]) = 1692
N(5h+12f, 43, [3,0,0,0,1,0,0,0,0,0,0,0], [0,2,0,0,0,0,0,0,0,0,0,0]) = 1100
N(5h+12f, 43, [3,0,0,0,1,0,0,0,0,0,0,0], [0,0,0,1,0,0,0,0,0,0,0,0]) = 1100
N(5h+12f, 43, [2,3,0,0,0,0,0,0,0,0,0,0], [4,0,0,0,0,0,0,0,0,0,0,0]) = 290
N(5h+12f, 43, [2,3,0,0,0,0,0,0,0,0,0,0], [2,1,0,0,0,0,0,0,0,0,0,0]) = 1704
N(5h+12f, 43, [2,3,0,0,0,0,0,0,0,0,0,0], [1,0,1,0,0,0,0,0,0,0,0,0]) = 1686
N(5h+12f, 43, [2,3,0,0,0,0,0,0,0,0,0,0], [0,2,0,0,0,0,0,0,0,0,0,0]) = 1096
N(5h+12f, 43, [2,3,0,0,0,0,0,0,0,0,0,0], [0,0,0,1,0,0,0,0,0,0,0,0]) = 1096
N(5h+12f, 43, [2,1,0,1,0,0,0,0,0,0,0,0], [4,0,0,0,0,0,0,0,0,0,0,0]) = 290
N(5h+12f, 43, [2,1,0,1,0,0,0,0,0,0,0,0], [2,1,0,0,0,0,0,0,0,0,0,0]) = 1704
N(5h+12f, 43, [2,1,0,1,0,0,0,0,0,0,0,0], [1,0,1,0,0,0,0,0,0,0,0,0]) = 1686
N(5h+12f, 43, [2,1,0,1,0,0,0,0,0,0,0,0], [0,2,0,0,0,0,0,0,0,0,0,0]) = 1096
N(5h+12f, 43, [2,1,0,1,0,0,0,0,0,0,0,0], [0,0,0,1,0,0,0,0,0,0,0,0]) = 1096
N(5h+12f, 43, [2,0,2,0,0,0,0,0,0,0,0,0], [4,0,0,0,0,0,0,0,0,0,0,0]) = 290
N(5h+12f, 43, [2,0,2,0,0,0,0,0,0,0,0,0], [2,1,0,0,0,0,0,0,0,0,0,0]) = 1704
N(5h+12f, 43, [2,0,2,0,0,0,0,0,0,0,0,0], [1,0,1,0,0,0,0,0,0,0,0,0]) = 1686
N(5h+12f, 43, [2,0,2,0,0,0,0,0,0,0,0,0], [0,2,0,0,0,0,0,0,0,0,0,0]) = 1096
N(5h+12f, 43, [2,0,2,0,0,0,0,0,0,0,0,0], [0,0,0,1,0,0,0,0,0,0,0,0]) = 1096
N(5h+12f, 43, [2,0,0,0,0,1,0,0,0,0,0,0], [4,0,0,0,0,0,0,0,0,0,0,0]) = 290
N(5h+12f, 43, [2,0,0,0,0,1,0,0,0,0,0,0], [2,1,0,0,0,0,0,0,0,0,0,0]) = 1704
N(5h+12f, 43, [2,0,0,0,0,1,0,0,0,0,0,0], [1,0,1,0,0,0,0,0,0,0,0,0]) = 1686
N(5h+12f, 43, [2,0,0,0,0,1,0,0,0,0,0,0], [0,2,0,0,0,0,0,0,0,0,0,0]) = 1096
N(5h+12f, 43, [2,0,0,0,0,1,0,0,0,0,0,0], [0,0,0,1,0,0,0,0,0,0,0,0]) = 1096
N(5h+12f, 43, [1,2,1,0,0,0,0,0,0,0,0,0], [4,0,0,0,0,0,0,0,0,0,0,0]) = 289
N(5h+12f, 43, [1,2,1,0,0,0,0,0,0,0,0,0], [2,1,0,0,0,0,0,0,0,0,0,0]) = 1698
N(5h+12f, 43, [1,2,1,0,0,0,0,0,0,0,0,0], [1,0,1,0,0,0,0,0,0,0,0,0]) = 1680
N(5h+12f, 43, [1,2,1,0,0,0,0,0,0,0,0,0], [0,2,0,0,0,0,0,0,0,0,0,0]) = 1092
N(5h+12f, 43, [1,2,1,0,0,0,0,0,0,0,0,0], [0,0,0,1,0,0,0,0,0,0,0,0]) = 1092
N(5h+12f, 43, [1,1,0,0,1,0,0,0,0,0,0,0], [4,0,0,0,0,0,0,0,0,0,0,0]) = 289
N(5h+12f, 43, [1,1,0,0,1,0,0,0,0,0,0,0], [2,1,0,0,0,0,0,0,0,0,0,0]) = 1698
N(5h+12f, 43, [1,1,0,0,1,0,0,0,0,0,0,0], [1,0,1,0,0,0,0,0,0,0,0,0]) = 1680
N(5h+12f, 43, [1,1,0,0,1,0,0,0,0,0,0,0], [0,2,0,0,0,0,0,0,0,0,0,0]) = 1092
N(5h+12f, 43, [1,1,0,0,1,0,0,0,0,0,0,0], [0,0,0,1,0,0,0,0,0,0,0,0]) = 1092
N(5h+12f, 43, [1,0,1,1,0,0,0,0,0,0,0,0], [4,0,0,0,0,0,0,0,0,0,0,0]) = 289
N(5h+12f, 43, [1,0,1,1,0,0,0,0,0,0,0,0], [2,1,0,0,0,0,0,0,0,0,0,0]) = 1698
N(5h+12f, 43, [1,0,1,1,0,0,0,0,0,0,0,0], [1,0,1,0,0,0,0,0,0,0,0,0]) = 1680
N(5h+12f, 43, [1,0,1,1,0,0,0,0,0,0,0,0], [0,2,0,0,0,0,0,0,0,0,0,0]) = 1092
N(5h+12f, 43, [1,0,1,1,0,0,0,0,0,0,0,0], [0,0,0,1,0,0,0,0,0,0,0,0]) = 1092
N(5h+12f, 43, [1,0,0,0,0,0,1,0,0,0,0,0], [4,0,0,0,0,0,0,0,0,0,0,0]) = 289
N(5h+12f, 43, [1,0,0,0,0,0,1,0,0,0,0,0], [2,1,0,0,0,0,0,0,0,0,0,0]) = 1698
N(5h+12f, 43, [1,0,0,0,0,0,1,0,0,0,0,0], [1,0,1,0,0,0,0,0,0,0,0,0]) = 1680
N(5h+12f, 43, [1,0,0,0,0,0,1,0,0,0,0,0], [0,2,0,0,0,0,0,0,0,0,0,0]) = 1092
N(5h+12f, 43, [1,0,0,0,0,0,1,0,0,0,0,0], [0,0,0,1,0,0,0,0,0,0,0,0]) = 1092
N(5h+12f, 43, [0,4,0,0,0,0,0,0,0,0,0,0], [4,0,0,0,0,0,0,0,0,0,0,0]) = 288
N(5h+12f, 43, [0,4,0,0,0,0,0,0,0,0,0,0], [2,1,0,0,0,0,0,0,0,0,0,0]) = 1692
N(5h+12f, 43, [0,4,0,0,0,0,0,0,0,0,0,0], [1,0,1,0,0,0,0,0,0,0,0,0]) = 1674
N(5h+12f, 43, [0,4,0,0,0,0,0,0,0,0,0,0], [0,2,0,0,0,0,0,0,0,0,0,0]) = 1088
N(5h+12f, 43, [0,4,0,0,0,0,0,0,0,0,0,0], [0,0,0,1,0,0,0,0,0,0,0,0]) = 1088
N(5h+12f, 43, [0,2,0,1,0,0,0,0,0,0,0,0], [4,0,0,0,0,0,0,0,0,0,0,0]) = 288
N(5h+12f, 43, [0,2,0,1,0,0,0,0,0,0,0,0], [2,1,0,0,0,0,0,0,0,0,0,0]) = 1692
N(5h+12f, 43, [0,2,0,1,0,0,0,0,0,0,0,0], [1,0,1,0,0,0,0,0,0,0,0,0]) = 1674
N(5h+12f, 43, [0,2,0,1,0,0,0,0,0,0,0,0], [0,2,0,0,0,0,0,0,0,0,0,0]) = 1088
N(5h+12f, 43, [0,2,0,1,0,0,0,0,0,0,0,0], [0,0,0,1,0,0,0,0,0,0,0,0]) = 1088
N(5h+12f, 43, [0,1,2,0,0,0,0,0,0,0,0,0], [4,0,0,0,0,0,0,0,0,0,0,0]) = 288
N(5h+12f, 43, [0,1,2,0,0,0,0,0,0,0,0,0], [2,1,0,0,0,0,0,0,0,0,0,0]) = 1692
N(5h+12f, 43, [0,1,2,0,0,0,0,0,0,0,0,0], [1,0,1,0,0,0,0,0,0,0,0,0]) = 1674
N(5h+12f, 43, [0,1,2,0,0,0,0,0,0,0,0,0], [0,2,0,0,0,0,0,0,0,0,0,0]) = 1088
N(5h+12f, 43, [0,1,2,0,0,0,0,0,0,0,0,0], [0,0,0,1,0,0,0,0,0,0,0,0]) = 1088
N(5h+12f, 43, [0,1,0,0,0,1,0,0,0,0,0,0], [4,0,0,0,0,0,0,0,0,0,0,0]) = 288
N(5h+12f, 43, [0,1,0,0,0,1,0,0,0,0,0,0], [2,1,0,0,0,0,0,0,0,0,0,0]) = 1692
N(5h+12f, 43, [0,1,0,0,0,1,0,0,0,0,0,0], [1,0,1,0,0,0,0,0,0,0,0,0]) = 1674
N(5h+12f, 43, [0,1,0,0,0,1,0,0,0,0,0,0], [0,2,0,0,0,0,0,0,0,0,0,0]) = 1088
N(5h+12f, 43, [0,1,0,0,0,1,0,0,0,0,0,0], [0,0,0,1,0,0,0,0,0,0,0,0]) = 1088
N(5h+12f, 43, [0,0,1,0,1,0,0,0,0,0,0,0], [4,0,0,0,0,0,0,0,0,0,0,0]) = 288
N(5h+12f, 43, [0,0,1,0,1,0,0,0,0,0,0,0], [2,1,0,0,0,0,0,0,0,0,0,0]) = 1692
N(5h+12f, 43, [0,0,1,0,1,0,0,0,0,0,0,0], [1,0,1,0,0,0,0,0,0,0,0,0]) = 1674
N(5h+12f, 43, [0,0,1,0,1,0,0,0,0,0,0,0], [0,2,0,0,0,0,0,0,0,0,0,0]) = 1088
N(5h+12f, 43, [0,0,1,0,1,0,0,0,0,0,0,0], [0,0,0,1,0,0,0,0,0,0,0,0]) = 1088
N(5h+12f, 43, [0,0,0,2,0,0,0,0,0,0,0,0], [4,0,0,0,0,0,0,0,0,0,0,0]) = 288
N(5h+12f, 43, [0,0,0,2,0,0,0,0,0,0,0,0], [2,1,0,0,0,0,0,0,0,0,0,0]) = 1692
N(5h+12f, 43, [0,0,0,2,0,0,0,0,0,0,0,0], [1,0,1,0,0,0,0,0,0,0,0,0]) = 1674
N(5h+12f, 43, [0,0,0,2,0,0,0,0,0,0,0,0], [0,2,0,0,0,0,0,0,0,0,0,0]) = 1088
N(5h+12f, 43, [0,0,0,2,0,0,0,0,0,0,0,0], [0,0,0,1,0,0,0,0,0,0,0,0]) = 1088
N(5h+12f, 43, [0,0,0,0,0,0,0,1,0,0,0,0], [4,0,0,0,0,0,0,0,0,0,0,0]) = 288
N(5h+12f, 43, [0,0,0,0,0,0,0,1,0,0,0,0], [2,1,0,0,0,0,0,0,0,0,0,0]) = 1692
N(5h+12f, 43, [0,0,0,0,0,0,0,1,0,0,0,0], [1,0,1,0,0,0,0,0,0,0,0,0]) = 1674
N(5h+12f, 43, [0,0,0,0,0,0,0,1,0,0,0,0], [0,2,0,0,0,0,0,0,0,0,0,0]) = 1088
N(5h+12f, 43, [0,0,0,0,0,0,0,1,0,0,0,0], [0,0,0,1,0,0,0,0,0,0,0,0]) = 1088
N(5h+12f, 43, [7,0,0,0,0,0,0,0,0,0,0,0], [5,0,0,0,0,0,0,0,0,0,0,0]) = 296
N(5h+12f, 43, [7,0,0,0,0,0,0,0,0,0,0,0], [3,1,0,0,0,0,0,0,0,0,0,0]) = 2328
N(5h+12f, 43, [7,0,0,0,0,0,0,0,0,0,0,0], [2,0,1,0,0,0,0,0,0,0,0,0]) = 2601
N(5h+12f, 43, [7,0,0,0,0,0,0,0,0,0,0,0], [1,2,0,0,0,0,0,0,0,0,0,0]) = 3408
N(5h+12f, 43, [7,0,0,0,0,0,0,0,0,0,0,0], [1,0,0,1,0,0,0,0,0,0,0,0]) = 2288
N(5h+12f, 43, [7,0,0,0,0,0,0,0,0,0,0,0], [0,1,1,0,0,0,0,0,0,0,0,0]) = 3348
N(5h+12f, 43, [7,0,0,0,0,0,0,0,0,0,0,0], [0,0,0,0,1,0,0,0,0,0,0,0]) = 1395
N(5h+12f, 43, [5,1,0,0,0,0,0,0,0,0,0,0], [5,0,0,0,0,0,0,0,0,0,0,0]) = 294
N(5h+12f, 43, [5,1,0,0,0,0,0,0,0,0,0,0], [3,1,0,0,0,0,0,0,0,0,0,0]) = 2312
N(5h+12f, 43, [5,1,0,0,0,0,0,0,0,0,0,0], [2,0,1,0,0,0,0,0,0,0,0,0]) = 2583
N(5h+12f, 43, [5,1,0,0,0,0,0,0,0,0,0,0], [1,2,0,0,0,0,0,0,0,0,0,0]) = 3384
N(5h+12f, 43, [5,1,0,0,0,0,0,0,0,0,0,0], [1,0,0,1,0,0,0,0,0,0,0,0]) = 2272
N(5h+12f, 43, [5,1,0,0,0,0,0,0,0,0,0,0], [0,1,1,0,0,0,0,0,0,0,0,0]) = 3324
N(5h+12f, 43, [5,1,0,0,0,0,0,0,0,0,0,0], [0,0,0,0,1,0,0,0,0,0,0,0]) = 1385
N(5h+12f, 43, [4,0,1,0,0,0,0,0,0,0,0,0], [5,0,0,0,0,0,0,0,0,0,0,0]) = 293
N(5h+12f, 43, [4,0,1,0,0,0,0,0,0,0,0,0], [3,1,0,0,0,0,0,0,0,0,0,0]) = 2304
N(5h+12f, 43, [4,0,1,0,0,0,0,0,0,0,0,0], [2,0,1,0,0,0,0,0,0,0,0,0]) = 2574
N(5h+12f, 43, [4,0,1,0,0,0,0,0,0,0,0,0], [1,2,0,0,0,0,0,0,0,0,0,0]) = 3372
N(5h+12f, 43, [4,0,1,0,0,0,0,0,0,0,0,0], [1,0,0,1,0,0,0,0,0,0,0,0]) = 2264
N(5h+12f, 43, [4,0,1,0,0,0,0,0,0,0,0,0], [0,1,1,0,0,0,0,0,0,0,0,0]) = 3312
N(5h+12f, 43, [4,0,1,0,0,0,0,0,0,0,0,0], [0,0,0,0,1,0,0,0,0,0,0,0]) = 1380
N(5h+12f, 43, [3,2,0,0,0,0,0,0,0,0,0,0], [5,0,0,0,0,0,0,0,0,0,0,0]) = 292
N(5h+12f, 43, [3,2,0,0,0,0,0,0,0,0,0,0], [3,1,0,0,0,0,0,0,0,0,0,0]) = 2296
N(5h+12f, 43, [3,2,0,0,0,0,0,0,0,0,0,0], [2,0,1,0,0,0,0,0,0,0,0,0]) = 2565
N(5h+12f, 43, [3,2,0,0,0,0,0,0,0,0,0,0], [1,2,0,0,0,0,0,0,0,0,0,0]) = 3360
N(5h+12f, 43, [3,2,0,0,0,0,0,0,0,0,0,0], [1,0,0,1,0,0,0,0,0,0,0,0]) = 2256
N(5h+12f, 43, [3,2,0,0,0,0,0,0,0,0,0,0], [0,1,1,0,0,0,0,0,0,0,0,0]) = 3300
N(5h+12f, 43, [3,2,0,0,0,0,0,0,0,0,0,0], [0,0,0,0,1,0,0,0,0,0,0,0]) = 1375
N(5h+12f, 43, [3,0,0,1,0,0,0,0,0,0,0,0], [5,0,0,0,0,0,0,0,0,0,0,0]) = 292
N(5h+12f, 43, [3,0,0,1,0,0,0,0,0,0,0,0], [3,1,0,0,0,0,0,0,0,0,0,0]) = 2296
N(5h+12f, 43, [3,0,0,1,0,0,0,0,0,0,0,0], [2,0,1,0,0,0,0,0,0,0,0,0]) = 2565
N(5h+12f, 43, [3,0,0,1,0,0,0,0,0,0,0,0], [1,2,0,0,0,0,0,0,0,0,0,0]) = 3360
N(5h+12f, 43, [3,0,0,1,0,0,0,0,0,0,0,0], [1,0,0,1,0,0,0,0,0,0,0,0]) = 2256
N(5h+12f, 43, [3,0,0,1,0,0,0,0,0,0,0,0], [0,1,1,0,0,0,0,0,0,0,0,0]) = 3300
N(5h+12f, 43, [3,0,0,1,0,0,0,0,0,0,0,0], [0,0,0,0,1,0,0,0,0,0,0,0]) = 1375
N(5h+12f, 43, [2,1,1,0,0,0,0,0,0,0,0,0], [5,0,0,0,0,0,0,0,0,0,0,0]) = 291
N(5h+12f, 43, [2,1,1,0,0,0,0,0,0,0,0,0], [3,1,0,0,0,0,0,0,0,0,0,0]) = 2288
N(5h+12f, 43, [2,1,1,0,0,0,0,0,0,0,0,0], [2,0,1,0,0,0,0,0,0,0,0,0]) = 2556
N(5h+12f, 43, [2,1,1,0,0,0,0,0,0,0,0,0], [1,2,0,0,0,0,0,0,0,0,0,0]) = 3348
N(5h+12f, 43, [2,1,1,0,0,0,0,0,0,0,0,0], [1,0,0,1,0,0,0,0,0,0,0,0]) = 2248
N(5h+12f, 43, [2,1,1,0,0,0,0,0,0,0,0,0], [0,1,1,0,0,0,0,0,0,0,0,0]) = 3288
N(5h+12f, 43, [2,1,1,0,0,0,0,0,0,0,0,0], [0,0,0,0,1,0,0,0,0,0,0,0]) = 1370
N(5h+12f, 43, [2,0,0,0,1,0,0,0,0,0,0,0], [5,0,0,0,0,0,0,0,0,0,0,0]) = 291
N(5h+12f, 43, [2,0,0,0,1,0,0,0,0,0,0,0], [3,1,0,0,0,0,0,0,0,0,0,0]) = 2288
N(5h+12f, 43, [2,0,0,0,1,0,0,0,0,0,0,0], [2,0,1,0,0,0,0,0,0,0,0,0]) = 2556
N(5h+12f, 43, [2,0,0,0,1,0,0,0,0,0,0,0], [1,2,0,0,0,0,0,0,0,0,0,0]) = 3348
N(5h+12f, 43, [2,0,0,0,1,0,0,0,0,0,0,0], [1,0,0,1,0,0,0,0,0,0,0,0]) = 2248
N(5h+12f, 43, [2,0,0,0,1,0,0,0,0,0,0,0], [0,1,1,0,0,0,0,0,0,0,0,0]) = 3288
N(5h+12f, 43, [2,0,0,0,1,0,0,0,0,0,0,0], [0,0,0,0,1,0,0,0,0,0,0,0]) = 1370
N(5h+12f, 43, [1,3,0,0,0,0,0,0,0,0,0,0], [5,0,0,0,0,0,0,0,0,0,0,0]) = 290
N(5h+12f, 43, [1,3,0,0,0,0,0,0,0,0,0,0], [3,1,0,0,0,0,0,0,0,0,0,0]) = 2280
N(5h+12f, 43, [1,3,0,0,0,0,0,0,0,0,0,0], [2,0,1,0,0,0,0,0,0,0,0,0]) = 2547
N(5h+12f, 43, [1,3,0,0,0,0,0,0,0,0,0,0], [1,2,0,0,0,0,0,0,0,0,0,0]) = 3336
N(5h+12f, 43, [1,3,0,0,0,0,0,0,0,0,0,0], [1,0,0,1,0,0,0,0,0,0,0,0]) = 2240
N(5h+12f, 43, [1,3,0,0,0,0,0,0,0,0,0,0], [0,1,1,0,0,0,0,0,0,0,0,0]) = 3276
N(5h+12f, 43, [1,3,0,0,0,0,0,0,0,0,0,0], [0,0,0,0,1,0,0,0,0,0,0,0]) = 1365
N(5h+12f, 43, [1,1,0,1,0,0,0,0,0,0,0,0], [5,0,0,0,0,0,0,0,0,0,0,0]) = 290
N(5h+12f, 43, [1,1,0,1,0,0,0,0,0,0,0,0], [3,1,0,0,0,0,0,0,0,0,0,0]) = 2280
N(5h+12f, 43, [1,1,0,1,0,0,0,0,0,0,0,0], [2,0,1,0,0,0,0,0,0,0,0,0]) = 2547
N(5h+12f, 43, [1,1,0,1,0,0,0,0,0,0,0,0], [1,2,0,0,0,0,0,0,0,0,0,0]) = 3336
N(5h+12f, 43, [1,1,0,1,0,0,0,0,0,0,0,0], [1,0,0,1,0,0,0,0,0,0,0,0]) = 2240
N(5h+12f, 43, [1,1,0,1,0,0,0,0,0,0,0,0], [0,1,1,0,0,0,0,0,0,0,0,0]) = 3276
N(5h+12f, 43, [1,1,0,1,0,0,0,0,0,0,0,0], [0,0,0,0,1,0,0,0,0,0,0,0]) = 1365
N(5h+12f, 43, [1,0,2,0,0,0,0,0,0,0,0,0], [5,0,0,0,0,0,0,0,0,0,0,0]) = 290
N(5h+12f, 43, [1,0,2,0,0,0,0,0,0,0,0,0], [3,1,0,0,0,0,0,0,0,0,0,0]) = 2280
N(5h+12f, 43, [1,0,2,0,0,0,0,0,0,0,0,0], [2,0,1,0,0,0,0,0,0,0,0,0]) = 2547
N(5h+12f, 43, [1,0,2,0,0,0,0,0,0,0,0,0], [1,2,0,0,0,0,0,0,0,0,0,0]) = 3336
N(5h+12f, 43, [1,0,2,0,0,0,0,0,0,0,0,0], [1,0,0,1,0,0,0,0,0,0,0,0]) = 2240
N(5h+12f, 43, [1,0,2,0,0,0,0,0,0,0,0,0], [0,1,1,0,0,0,0,0,0,0,0,0]) = 3276
N(5h+12f, 43, [1,0,2,0,0,0,0,0,0,0,0,0], [0,0,0,0,1,0,0,0,0,0,0,0]) = 1365
N(5h+12f, 43, [1,0,0,0,0,1,0,0,0,0,0,0], [5,0,0,0,0,0,0,0,0,0,0,0]) = 290
N(5h+12f, 43, [1,0,0,0,0,1,0,0,0,0,0,0], [3,1,0,0,0,0,0,0,0,0,0,0]) = 2280
N(5h+12f, 43, [1,0,0,0,0,1,0,0,0,0,0,0], [2,0,1,0,0,0,0,0,0,0,0,0]) = 2547
N(5h+12f, 43, [1,0,0,0,0,1,0,0,0,0,0,0], [1,2,0,0,0,0,0,0,0,0,0,0]) = 3336
N(5h+12f, 43, [1,0,0,0,0,1,0,0,0,0,0,0], [1,0,0,1,0,0,0,0,0,0,0,0]) = 2240
N(5h+12f, 43, [1,0,0,0,0,1,0,0,0,0,0,0], [0,1,1,0,0,0,0,0,0,0,0,0]) = 3276
N(5h+12f, 43, [1,0,0,0,0,1,0,0,0,0,0,0], [0,0,0,0,1,0,0,0,0,0,0,0]) = 1365
N(5h+12f, 43, [0,2,1,0,0,0,0,0,0,0,0,0], [5,0,0,0,0,0,0,0,0,0,0,0]) = 289
N(5h+12f, 43, [0,2,1,0,0,0,0,0,0,0,0,0], [3,1,0,0,0,0,0,0,0,0,0,0]) = 2272
N(5h+12f, 43, [0,2,1,0,0,0,0,0,0,0,0,0], [2,0,1,0,0,0,0,0,0,0,0,0]) = 2538
N(5h+12f, 43, [0,2,1,0,0,0,0,0,0,0,0,0], [1,2,0,0,0,0,0,0,0,0,0,0]) = 3324
N(5h+12f, 43, [0,2,1,0,0,0,0,0,0,0,0,0], [1,0,0,1,0,0,0,0,0,0,0,0]) = 2232
N(5h+12f, 43, [0,2,1,0,0,0,0,0,0,0,0,0], [0,1,1,0,0,0,0,0,0,0,0,0]) = 3264
N(5h+12f, 43, [0,2,1,0,0,0,0,0,0,0,0,0], [0,0,0,0,1,0,0,0,0,0,0,0]) = 1360
N(5h+12f, 43, [0,1,0,0,1,0,0,0,0,0,0,0], [5,0,0,0,0,0,0,0,0,0,0,0]) = 289
N(5h+12f, 43, [0,1,0,0,1,0,0,0,0,0,0,0], [3,1,0,0,0,0,0,0,0,0,0,0]) = 2272
N(5h+12f, 43, [0,1,0,0,1,0,0,0,0,0,0,0], [2,0,1,0,0,0,0,0,0,0,0,0]) = 2538
N(5h+12f, 43, [0,1,0,0,1,0,0,0,0,0,0,0], [1,2,0,0,0,0,0,0,0,0,0,0]) = 3324
N(5h+12f, 43, [0,1,0,0,1,0,0,0,0,0,0,0], [1,0,0,1,0,0,0,0,0,0,0,0]) = 2232
N(5h+12f, 43, [0,1,0,0,1,0,0,0,0,0,0,0], [0,1,1,0,0,0,0,0,0,0,0,0]) = 3264
N(5h+12f, 43, [0,1,0,0,1,0,0,0,0,0,0,0], [0,0,0,0,1,0,0,0,0,0,0,0]) = 1360
N(5h+12f, 43, [0,0,1,1,0,0,0,0,0,0,0,0], [5,0,0,0,0,0,0,0,0,0,0,0]) = 289
N(5h+12f, 43, [0,0,1,1,0,0,0,0,0,0,0,0], [3,1,0,0,0,0,0,0,0,0,0,0]) = 2272
N(5h+12f, 43, [0,0,1,1,0,0,0,0,0,0,0,0], [2,0,1,0,0,0,0,0,0,0,0,0]) = 2538
N(5h+12f, 43, [0,0,1,1,0,0,0,0,0,0,0,0], [1,2,0,0,0,0,0,0,0,0,0,0]) = 3324
N(5h+12f, 43, [0,0,1,1,0,0,0,0,0,0,0,0], [1,0,0,1,0,0,0,0,0,0,0,0]) = 2232
N(5h+12f, 43, [0,0,1,1,0,0,0,0,0,0,0,0], [0,1,1,0,0,0,0,0,0,0,0,0]) = 3264
N(5h+12f, 43, [0,0,1,1,0,0,0,0,0,0,0,0], [0,0,0,0,1,0,0,0,0,0,0,0]) = 1360
N(5h+12f, 43, [0,0,0,0,0,0,1,0,0,0,0,0], [5,0,0,0,0,0,0,0,0,0,0,0]) = 289
N(5h+12f, 43, [0,0,0,0,0,0,1,0,0,0,0,0], [3,1,0,0,0,0,0,0,0,0,0,0]) = 2272
N(5h+12f, 43, [0,0,0,0,0,0,1,0,0,0,0,0], [2,0,1,0,0,0,0,0,0,0,0,0]) = 2538
N(5h+12f, 43, [0,0,0,0,0,0,1,0,0,0,0,0], [1,2,0,0,0,0,0,0,0,0,0,0]) = 3324
N(5h+12f, 43, [0,0,0,0,0,0,1,0,0,0,0,0], [1,0,0,1,0,0,0,0,0,0,0,0]) = 2232
N(5h+12f, 43, [0,0,0,0,0,0,1,0,0,0,0,0], [0,1,1,0,0,0,0,0,0,0,0,0]) = 3264
N(5h+12f, 43, [0,0,0,0,0,0,1,0,0,0,0,0], [0,0,0,0,1,0,0,0,0,0,0,0]) = 1360
N(5h+12f, 43, [6,0,0,0,0,0,0,0,0,0,0,0], [6,0,0,0,0,0,0,0,0,0,0,0]) = 296
N(5h+12f, 43, [6,0,0,0,0,0,0,0,0,0,0,0], [4,1,0,0,0,0,0,0,0,0,0,0]) = 2916
N(5h+12f, 43, [6,0,0,0,0,0,0,0,0,0,0,0], [3,0,1,0,0,0,0,0,0,0,0,0]) = 3480
N(5h+12f, 43, [6,0,0,0,0,0,0,0,0,0,0,0], [2,2,0,0,0,0,0,0,0,0,0,0]) = 6864
N(5h+12f, 43, [6,0,0,0,0,0,0,0,0,0,0,0], [2,0,0,1,0,0,0,0,0,0,0,0]) = 3456
N(5h+12f, 43, [6,0,0,0,0,0,0,0,0,0,0,0], [1,1,1,0,0,0,0,0,0,0,0,0]) = 10188
N(5h+12f, 43, [6,0,0,0,0,0,0,0,0,0,0,0], [1,0,0,0,1,0,0,0,0,0,0,0]) = 2850
N(5h+12f, 43, [6,0,0,0,0,0,0,0,0,0,0,0], [0,3,0,0,0,0,0,0,0,0,0,0]) = 2224
N(5h+12f, 43, [6,0,0,0,0,0,0,0,0,0,0,0], [0,1,0,1,0,0,0,0,0,0,0,0]) = 4448
N(5h+12f, 43, [6,0,0,0,0,0,0,0,0,0,0,0], [0,0,2,0,0,0,0,0,0,0,0,0]) = 2502
N(5h+12f, 43, [6,0,0,0,0,0,0,0,0,0,0,0], [0,0,0,0,0,1,0,0,0,0,0,0]) = 1668
N(5h+12f, 43, [4,1,0,0,0,0,0,0,0,0,0,0], [6,0,0,0,0,0,0,0,0,0,0,0]) = 294
N(5h+12f, 43, [4,1,0,0,0,0,0,0,0,0,0,0], [4,1,0,0,0,0,0,0,0,0,0,0]) = 2896
N(5h+12f, 43, [4,1,0,0,0,0,0,0,0,0,0,0], [3,0,1,0,0,0,0,0,0,0,0,0]) = 3456
N(5h+12f, 43, [4,1,0,0,0,0,0,0,0,0,0,0], [2,2,0,0,0,0,0,0,0,0,0,0]) = 6816
N(5h+12f, 43, [4,1,0,0,0,0,0,0,0,0,0,0], [2,0,0,1,0,0,0,0,0,0,0,0]) = 3432
N(5h+12f, 43, [4,1,0,0,0,0,0,0,0,0,0,0], [1,1,1,0,0,0,0,0,0,0,0,0]) = 10116
N(5h+12f, 43, [4,1,0,0,0,0,0,0,0,0,0,0], [1,0,0,0,1,0,0,0,0,0,0,0]) = 2830
N(5h+12f, 43, [4,1,0,0,0,0,0,0,0,0,0,0], [0,3,0,0,0,0,0,0,0,0,0,0]) = 2208
N(5h+12f, 43, [4,1,0,0,0,0,0,0,0,0,0,0], [0,1,0,1,0,0,0,0,0,0,0,0]) = 4416
N(5h+12f, 43, [4,1,0,0,0,0,0,0,0,0,0,0], [0,0,2,0,0,0,0,0,0,0,0,0]) = 2484
N(5h+12f, 43, [4,1,0,0,0,0,0,0,0,0,0,0], [0,0,0,0,0,1,0,0,0,0,0,0]) = 1656
N(5h+12f, 43, [3,0,1,0,0,0,0,0,0,0,0,0], [6,0,0,0,0,0,0,0,0,0,0,0]) = 293
N(5h+12f, 43, [3,0,1,0,0,0,0,0,0,0,0,0], [4,1,0,0,0,0,0,0,0,0,0,0]) = 2886
N(5h+12f, 43, [3,0,1,0,0,0,0,0,0,0,0,0], [3,0,1,0,0,0,0,0,0,0,0,0]) = 3444
N(5h+12f, 43, [3,0,1,0,0,0,0,0,0,0,0,0], [2,2,0,0,0,0,0,0,0,0,0,0]) = 6792
N(5h+12f, 43, [3,0,1,0,0,0,0,0,0,0,0,0], [2,0,0,1,0,0,0,0,0,0,0,0]) = 3420
N(5h+12f, 43, [3,0,1,0,0,0,0,0,0,0,0,0], [1,1,1,0,0,0,0,0,0,0,0,0]) = 10080
N(5h+12f, 43, [3,0,1,0,0,0,0,0,0,0,0,0], [1,0,0,0,1,0,0,0,0,0,0,0]) = 2820
N(5h+12f, 43, [3,0,1,0,0,0,0,0,0,0,0,0], [0,3,0,0,0,0,0,0,0,0,0,0]) = 2200
N(5h+12f, 43, [3,0,1,0,0,0,0,0,0,0,0,0], [0,1,0,1,0,0,0,0,0,0,0,0]) = 4400
N(5h+12f, 43, [3,0,1,0,0,0,0,0,0,0,0,0], [0,0,2,0,0,0,0,0,0,0,0,0]) = 2475
N(5h+12f, 43, [3,0,1,0,0,0,0,0,0,0,0,0], [0,0,0,0,0,1,0,0,0,0,0,0]) = 1650
N(5h+12f, 43, [2,2,0,0,0,0,0,0,0,0,0,0], [6,0,0,0,0,0,0,0,0,0,0,0]) = 292
N(5h+12f, 43, [2,2,0,0,0,0,0,0,0,0,0,0], [4,1,0,0,0,0,0,0,0,0,0,0]) = 2876
N(5h+12f, 43, [2,2,0,0,0,0,0,0,0,0,0,0], [3,0,1,0,0,0,0,0,0,0,0,0]) = 3432
N(5h+12f, 43, [2,2,0,0,0,0,0,0,0,0,0,0], [2,2,0,0,0,0,0,0,0,0,0,0]) = 6768
N(5h+12f, 43, [2,2,0,0,0,0,0,0,0,0,0,0], [2,0,0,1,0,0,0,0,0,0,0,0]) = 3408
N(5h+12f, 43, [2,2,0,0,0,0,0,0,0,0,0,0], [1,1,1,0,0,0,0,0,0,0,0,0]) = 10044
N(5h+12f, 43, [2,2,0,0,0,0,0,0,0,0,0,0], [1,0,0,0,1,0,0,0,0,0,0,0]) = 2810
N(5h+12f, 43, [2,2,0,0,0,0,0,0,0,0,0,0], [0,3,0,0,0,0,0,0,0,0,0,0]) = 2192
N(5h+12f, 43, [2,2,0,0,0,0,0,0,0,0,0,0], [0,1,0,1,0,0,0,0,0,0,0,0]) = 4384
N(5h+12f, 43, [2,2,0,0,0,0,0,0,0,0,0,0], [0,0,2,0,0,0,0,0,0,0,0,0]) = 2466
N(5h+12f, 43, [2,2,0,0,0,0,0,0,0,0,0,0], [0,0,0,0,0,1,0,0,0,0,0,0]) = 1644
N(5h+12f, 43, [2,0,0,1,0,0,0,0,0,0,0,0], [6,0,0,0,0,0,0,0,0,0,0,0]) = 292
N(5h+12f, 43, [2,0,0,1,0,0,0,0,0,0,0,0], [4,1,0,0,0,0,0,0,0,0,0,0]) = 2876
N(5h+12f, 43, [2,0,0,1,0,0,0,0,0,0,0,0], [3,0,1,0,0,0,0,0,0,0,0,0]) = 3432
N(5h+12f, 43, [2,0,0,1,0,0,0,0,0,0,0,0], [2,2,0,0,0,0,0,0,0,0,0,0]) = 6768
N(5h+12f, 43, [2,0,0,1,0,0,0,0,0,0,0,0], [2,0,0,1,0,0,0,0,0,0,0,0]) = 3408
N(5h+12f, 43, [2,0,0,1,0,0,0,0,0,0,0,0], [1,1,1,0,0,0,0,0,0,0,0,0]) = 10044
N(5h+12f, 43, [2,0,0,1,0,0,0,0,0,0,0,0], [1,0,0,0,1,0,0,0,0,0,0,0]) = 2810
N(5h+12f, 43, [2,0,0,1,0,0,0,0,0,0,0,0], [0,3,0,0,0,0,0,0,0,0,0,0]) = 2192
N(5h+12f, 43, [2,0,0,1,0,0,0,0,0,0,0,0], [0,1,0,1,0,0,0,0,0,0,0,0]) = 4384
N(5h+12f, 43, [2,0,0,1,0,0,0,0,0,0,0,0], [0,0,2,0,0,0,0,0,0,0,0,0]) = 2466
N(5h+12f, 43, [2,0,0,1,0,0,0,0,0,0,0,0], [0,0,0,0,0,1,0,0,0,0,0,0]) = 1644
N(5h+12f, 43, [1,1,1,0,0,0,0,0,0,0,0,0], [6,0,0,0,0,0,0,0,0,0,0,0]) = 291
N(5h+12f, 43, [1,1,1,0,0,0,0,0,0,0,0,0], [4,1,0,0,0,0,0,0,0,0,0,0]) = 2866
N(5h+12f, 43, [1,1,1,0,0,0,0,0,0,0,0,0], [3,0,1,0,0,0,0,0,0,0,0,0]) = 3420
N(5h+12f, 43, [1,1,1,0,0,0,0,0,0,0,0,0], [2,2,0,0,0,0,0,0,0,0,0,0]) = 6744
N(5h+12f, 43, [1,1,1,0,0,0,0,0,0,0,0,0], [2,0,0,1,0,0,0,0,0,0,0,0]) = 3396
N(5h+12f, 43, [1,1,1,0,0,0,0,0,0,0,0,0], [1,1,1,0,0,0,0,0,0,0,0,0]) = 10008
N(5h+12f, 43, [1,1,1,0,0,0,0,0,0,0,0,0], [1,0,0,0,1,0,0,0,0,0,0,0]) = 2800
N(5h+12f, 43, [1,1,1,0,0,0,0,0,0,0,0,0], [0,3,0,0,0,0,0,0,0,0,0,0]) = 2184
N(5h+12f, 43, [1,1,1,0,0,0,0,0,0,0,0,0], [0,1,0,1,0,0,0,0,0,0,0,0]) = 4368
N(5h+12f, 43, [1,1,1,0,0,0,0,0,0,0,0,0], [0,0,2,0,0,0,0,0,0,0,0,0]) = 2457
N(5h+12f, 43, [1,1,1,0,0,0,0,0,0,0,0,0], [0,0,0,0,0,1,0,0,0,0,0,0]) = 1638
N(5h+12f, 43, [1,0,0,0,1,0,0,0,0,0,0,0], [6,0,0,0,0,0,0,0,0,0,0,0]) = 291
N(5h+12f, 43, [1,0,0,0,1,0,0,0,0,0,0,0], [4,1,0,0,0,0,0,0,0,0,0,0]) = 2866
N(5h+12f, 43, [1,0,0,0,1,0,0,0,0,0,0,0], [3,0,1,0,0,0,0,0,0,0,0,0]) = 3420
N(5h+12f, 43, [1,0,0,0,1,0,0,0,0,0,0,0], [2,2,0,0,0,0,0,0,0,0,0,0]) = 6744
N(5h+12f, 43, [1,0,0,0,1,0,0,0,0,0,0,0], [2,0,0,1,0,0,0,0,0,0,0,0]) = 3396
N(5h+12f, 43, [1,0,0,0,1,0,0,0,0,0,0,0], [1,1,1,0,0,0,0,0,0,0,0,0]) = 10008
N(5h+12f, 43, [1,0,0,0,1,0,0,0,0,0,0,0], [1,0,0,0,1,0,0,0,0,0,0,0]) = 2800
N(5h+12f, 43, [1,0,0,0,1,0,0,0,0,0,0,0], [0,3,0,0,0,0,0,0,0,0,0,0]) = 2184
N(5h+12f, 43, [1,0,0,0,1,0,0,0,0,0,0,0], [0,1,0,1,0,0,0,0,0,0,0,0]) = 4368
N(5h+12f, 43, [1,0,0,0,1,0,0,0,0,0,0,0], [0,0,2,0,0,0,0,0,0,0,0,0]) = 2457
N(5h+12f, 43, [1,0,0,0,1,0,0,0,0,0,0,0], [0,0,0,0,0,1,0,0,0,0,0,0]) = 1638
N(5h+12f, 43, [0,3,0,0,0,0,0,0,0,0,0,0], [6,0,0,0,0,0,0,0,0,0,0,0]) = 290
N(5h+12f, 43, [0,3,0,0,0,0,0,0,0,0,0,0], [4,1,0,0,0,0,0,0,0,0,0,0]) = 2856
N(5h+12f, 43, [0,3,0,0,0,0,0,0,0,0,0,0], [3,0,1,0,0,0,0,0,0,0,0,0]) = 3408
N(5h+12f, 43, [0,3,0,0,0,0,0,0,0,0,0,0], [2,2,0,0,0,0,0,0,0,0,0,0]) = 6720
N(5h+12f, 43, [0,3,0,0,0,0,0,0,0,0,0,0], [2,0,0,1,0,0,0,0,0,0,0,0]) = 3384
N(5h+12f, 43, [0,3,0,0,0,0,0,0,0,0,0,0], [1,1,1,0,0,0,0,0,0,0,0,0]) = 9972
N(5h+12f, 43, [0,3,0,0,0,0,0,0,0,0,0,0], [1,0,0,0,1,0,0,0,0,0,0,0]) = 2790
N(5h+12f, 43, [0,3,0,0,0,0,0,0,0,0,0,0], [0,3,0,0,0,0,0,0,0,0,0,0]) = 2176
N(5h+12f, 43, [0,3,0,0,0,0,0,0,0,0,0,0], [0,1,0,1,0,0,0,0,0,0,0,0]) = 4352
N(5h+12f, 43, [0,3,0,0,0,0,0,0,0,0,0,0], [0,0,2,0,0,0,0,0,0,0,0,0]) = 2448
N(5h+12f, 43, [0,3,0,0,0,0,0,0,0,0,0,0], [0,0,0,0,0,1,0,0,0,0,0,0]) = 1632
N(5h+12f, 43, [0,1,0,1,0,0,0,0,0,0,0,0], [6,0,0,0,0,0,0,0,0,0,0,0]) = 290
N(5h+12f, 43, [0,1,0,1,0,0,0,0,0,0,0,0], [4,1,0,0,0,0,0,0,0,0,0,0]) = 2856
N(5h+12f, 43, [0,1,0,1,0,0,0,0,0,0,0,0], [3,0,1,0,0,0,0,0,0,0,0,0]) = 3408
N(5h+12f, 43, [0,1,0,1,0,0,0,0,0,0,0,0], [2,2,0,0,0,0,0,0,0,0,0,0]) = 6720
N(5h+12f, 43, [0,1,0,1,0,0,0,0,0,0,0,0], [2,0,0,1,0,0,0,0,0,0,0,0]) = 3384
N(5h+12f, 43, [0,1,0,1,0,0,0,0,0,0,0,0], [1,1,1,0,0,0,0,0,0,0,0,0]) = 9972
N(5h+12f, 43, [0,1,0,1,0,0,0,0,0,0,0,0], [1,0,0,0,1,0,0,0,0,0,0,0]) = 2790
N(5h+12f, 43, [0,1,0,1,0,0,0,0,0,0,0,0], [0,3,0,0,0,0,0,0,0,0,0,0]) = 2176
N(5h+12f, 43, [0,1,0,1,0,0,0,0,0,0,0,0], [0,1,0,1,0,0,0,0,0,0,0,0]) = 4352
N(5h+12f, 43, [0,1,0,1,0,0,0,0,0,0,0,0], [0,0,2,0,0,0,0,0,0,0,0,0]) = 2448
N(5h+12f, 43, [0,1,0,1,0,0,0,0,0,0,0,0], [0,0,0,0,0,1,0,0,0,0,0,0]) = 1632
N(5h+12f, 43, [0,0,2,0,0,0,0,0,0,0,0,0], [6,0,0,0,0,0,0,0,0,0,0,0]) = 290
N(5h+12f, 43, [0,0,2,0,0,0,0,0,0,0,0,0], [4,1,0,0,0,0,0,0,0,0,0,0]) = 2856
N(5h+12f, 43, [0,0,2,0,0,0,0,0,0,0,0,0], [3,0,1,0,0,0,0,0,0,0,0,0]) = 3408
N(5h+12f, 43, [0,0,2,0,0,0,0,0,0,0,0,0], [2,2,0,0,0,0,0,0,0,0,0,0]) = 6720
N(5h+12f, 43, [0,0,2,0,0,0,0,0,0,0,0,0], [2,0,0,1,0,0,0,0,0,0,0,0]) = 3384
N(5h+12f, 43, [0,0,2,0,0,0,0,0,0,0,0,0], [1,1,1,0,0,0,0,0,0,0,0,0]) = 9972
N(5h+12f, 43, [0,0,2,0,0,0,0,0,0,0,0,0], [1,0,0,0,1,0,0,0,0,0,0,0]) = 2790
N(5h+12f, 43, [0,0,2,0,0,0,0,0,0,0,0,0], [0,3,0,0,0,0,0,0,0,0,0,0]) = 2176
N(5h+12f, 43, [0,0,2,0,0,0,0,0,0,0,0,0], [0,1,0,1,0,0,0,0,0,0,0,0]) = 4352
N(5h+12f, 43, [0,0,2,0,0,0,0,0,0,0,0,0], [0,0,2,0,0,0,0,0,0,0,0,0]) = 2448
N(5h+12f, 43, [0,0,2,0,0,0,0,0,0,0,0,0], [0,0,0,0,0,1,0,0,0,0,0,0]) = 1632
N(5h+12f, 43, [0,0,0,0,0,1,0,0,0,0,0,0], [6,0,0,0,0,0,0,0,0,0,0,0]) = 290
N(5h+12f, 43, [0,0,0,0,0,1,0,0,0,0,0,0], [4,1,0,0,0,0,0,0,0,0,0,0]) = 2856
N(5h+12f, 43, [0,0,0,0,0,1,0,0,0,0,0,0], [3,0,1,0,0,0,0,0,0,0,0,0]) = 3408
N(5h+12f, 43, [0,0,0,0,0,1,0,0,0,0,0,0], [2,2,0,0,0,0,0,0,0,0,0,0]) = 6720
N(5h+12f, 43, [0,0,0,0,0,1,0,0,0,0,0,0], [2,0,0,1,0,0,0,0,0,0,0,0]) = 3384
N(5h+12f, 43, [0,0,0,0,0,1,0,0,0,0,0,0], [1,1,1,0,0,0,0,0,0,0,0,0]) = 9972
N(5h+12f, 43, [0,0,0,0,0,1,0,0,0,0,0,0], [1,0,0,0,1,0,0,0,0,0,0,0]) = 2790
N(5h+12f, 43, [0,0,0,0,0,1,0,0,0,0,0,0], [0,3,0,0,0,0,0,0,0,0,0,0]) = 2176
N(5h+12f, 43, [0,0,0,0,0,1,0,0,0,0,0,0], [0,1,0,1,0,0,0,0,0,0,0,0]) = 4352
N(5h+12f, 43, [0,0,0,0,0,1,0,0,0,0,0,0], [0,0,2,0,0,0,0,0,0,0,0,0]) = 2448
N(5h+12f, 43, [0,0,0,0,0,1,0,0,0,0,0,0], [0,0,0,0,0,1,0,0,0,0,0,0]) = 1632
N(5h+12f, 43, [5,0,0,0,0,0,0,0,0,0,0,0], [7,0,0,0,0,0,0,0,0,0,0,0]) = 296
N(5h+12f, 43, [5,0,0,0,0,0,0,0,0,0,0,0], [5,1,0,0,0,0,0,0,0,0,0,0]) = 3504
N(5h+12f, 43, [5,0,0,0,0,0,0,0,0,0,0,0], [4,0,1,0,0,0,0,0,0,0,0,0]) = 4359
N(5h+12f, 43, [5,0,0,0,0,0,0,0,0,0,0,0], [3,2,0,0,0,0,0,0,0,0,0,0]) = 11488
N(5h+12f, 43, [5,0,0,0,0,0,0,0,0,0,0,0], [3,0,0,1,0,0,0,0,0,0,0,0]) = 4624
N(5h+12f, 43, [5,0,0,0,0,0,0,0,0,0,0,0], [2,1,1,0,0,0,0,0,0,0,0,0]) = 20520
N(5h+12f, 43, [5,0,0,0,0,0,0,0,0,0,0,0], [2,0,0,0,1,0,0,0,0,0,0,0]) = 4305
N(5h+12f, 43, [5,0,0,0,0,0,0,0,0,0,0,0], [1,3,0,0,0,0,0,0,0,0,0,0]) = 8992
N(5h+12f, 43, [5,0,0,0,0,0,0,0,0,0,0,0], [1,1,0,1,0,0,0,0,0,0,0,0]) = 13536
N(5h+12f, 43, [5,0,0,0,0,0,0,0,0,0,0,0], [1,0,2,0,0,0,0,0,0,0,0,0]) = 7614
N(5h+12f, 43, [5,0,0,0,0,0,0,0,0,0,0,0], [1,0,0,0,0,1,0,0,0,0,0,0]) = 3408
N(5h+12f, 43, [5,0,0,0,0,0,0,0,0,0,0,0], [0,2,1,0,0,0,0,0,0,0,0,0]) = 9972
N(5h+12f, 43, [5,0,0,0,0,0,0,0,0,0,0,0], [0,1,0,0,1,0,0,0,0,0,0,0]) = 5540
N(5h+12f, 43, [5,0,0,0,0,0,0,0,0,0,0,0], [0,0,1,1,0,0,0,0,0,0,0,0]) = 6648
N(5h+12f, 43, [5,0,0,0,0,0,0,0,0,0,0,0], [0,0,0,0,0,0,1,0,0,0,0,0]) = 1939
N(5h+12f, 43, [3,1,0,0,0,0,0,0,0,0,0,0], [7,0,0,0,0,0,0,0,0,0,0,0]) = 294
N(5h+12f, 43, [3,1,0,0,0,0,0,0,0,0,0,0], [5,1,0,0,0,0,0,0,0,0,0,0]) = 3480
N(5h+12f, 43, [3,1,0,0,0,0,0,0,0,0,0,0], [4,0,1,0,0,0,0,0,0,0,0,0]) = 4329
N(5h+12f, 43, [3,1,0,0,0,0,0,0,0,0,0,0], [3,2,0,0,0,0,0,0,0,0,0,0]) = 11408
N(5h+12f, 43, [3,1,0,0,0,0,0,0,0,0,0,0], [3,0,0,1,0,0,0,0,0,0,0,0]) = 4592
N(5h+12f, 43, [3,1,0,0,0,0,0,0,0,0,0,0], [2,1,1,0,0,0,0,0,0,0,0,0]) = 20376
N(5h+12f, 43, [3,1,0,0,0,0,0,0,0,0,0,0], [2,0,0,0,1,0,0,0,0,0,0,0]) = 4275
N(5h+12f, 43, [3,1,0,0,0,0,0,0,0,0,0,0], [1,3,0,0,0,0,0,0,0,0,0,0]) = 8928
N(5h+12f, 43, [3,1,0,0,0,0,0,0,0,0,0,0], [1,1,0,1,0,0,0,0,0,0,0,0]) = 13440
N(5h+12f, 43, [3,1,0,0,0,0,0,0,0,0,0,0], [1,0,2,0,0,0,0,0,0,0,0,0]) = 7560
N(5h+12f, 43, [3,1,0,0,0,0,0,0,0,0,0,0], [1,0,0,0,0,1,0,0,0,0,0,0]) = 3384
N(5h+12f, 43, [3,1,0,0,0,0,0,0,0,0,0,0], [0,2,1,0,0,0,0,0,0,0,0,0]) = 9900
N(5h+12f, 43, [3,1,0,0,0,0,0,0,0,0,0,0], [0,1,0,0,1,0,0,0,0,0,0,0]) = 5500
N(5h+12f, 43, [3,1,0,0,0,0,0,0,0,0,0,0], [0,0,1,1,0,0,0,0,0,0,0,0]) = 6600
N(5h+12f, 43, [3,1,0,0,0,0,0,0,0,0,0,0], [0,0,0,0,0,0,1,0,0,0,0,0]) = 1925
N(5h+12f, 43, [2,0,1,0,0,0,0,0,0,0,0,0], [7,0,0,0,0,0,0,0,0,0,0,0]) = 293
N(5h+12f, 43, [2,0,1,0,0,0,0,0,0,0,0,0], [5,1,0,0,0,0,0,0,0,0,0,0]) = 3468
N(5h+12f, 43, [2,0,1,0,0,0,0,0,0,0,0,0], [4,0,1,0,0,0,0,0,0,0,0,0]) = 4314
N(5h+12f, 43, [2,0,1,0,0,0,0,0,0,0,0,0], [3,2,0,0,0,0,0,0,0,0,0,0]) = 11368
N(5h+12f, 43, [2,0,1,0,0,0,0,0,0,0,0,0], [3,0,0,1,0,0,0,0,0,0,0,0]) = 4576
N(5h+12f, 43, [2,0,1,0,0,0,0,0,0,0,0,0], [2,1,1,0,0,0,0,0,0,0,0,0]) = 20304
N(5h+12f, 43, [2,0,1,0,0,0,0,0,0,0,0,0], [2,0,0,0,1,0,0,0,0,0,0,0]) = 4260
N(5h+12f, 43, [2,0,1,0,0,0,0,0,0,0,0,0], [1,3,0,0,0,0,0,0,0,0,0,0]) = 8896
N(5h+12f, 43, [2,0,1,0,0,0,0,0,0,0,0,0], [1,1,0,1,0,0,0,0,0,0,0,0]) = 13392
N(5h+12f, 43, [2,0,1,0,0,0,0,0,0,0,0,0], [1,0,2,0,0,0,0,0,0,0,0,0]) = 7533
N(5h+12f, 43, [2,0,1,0,0,0,0,0,0,0,0,0], [1,0,0,0,0,1,0,0,0,0,0,0]) = 3372
N(5h+12f, 43, [2,0,1,0,0,0,0,0,0,0,0,0], [0,2,1,0,0,0,0,0,0,0,0,0]) = 9864
N(5h+12f, 43, [2,0,1,0,0,0,0,0,0,0,0,0], [0,1,0,0,1,0,0,0,0,0,0,0]) = 5480
N(5h+12f, 43, [2,0,1,0,0,0,0,0,0,0,0,0], [0,0,1,1,0,0,0,0,0,0,0,0]) = 6576
N(5h+12f, 43, [2,0,1,0,0,0,0,0,0,0,0,0], [0,0,0,0,0,0,1,0,0,0,0,0]) = 1918
N(5h+12f, 43, [1,2,0,0,0,0,0,0,0,0,0,0], [7,0,0,0,0,0,0,0,0,0,0,0]) = 292
N(5h+12f, 43, [1,2,0,0,0,0,0,0,0,0,0,0], [5,1,0,0,0,0,0,0,0,0,0,0]) = 3456
N(5h+12f, 43, [1,2,0,0,0,0,0,0,0,0,0,0], [4,0,1,0,0,0,0,0,0,0,0,0]) = 4299
N(5h+12f, 43, [1,2,0,0,0,0,0,0,0,0,0,0], [3,2,0,0,0,0,0,0,0,0,0,0]) = 11328
N(5h+12f, 43, [1,2,0,0,0,0,0,0,0,0,0,0], [3,0,0,1,0,0,0,0,0,0,0,0]) = 4560
N(5h+12f, 43, [1,2,0,0,0,0,0,0,0,0,0,0], [2,1,1,0,0,0,0,0,0,0,0,0]) = 20232
N(5h+12f, 43, [1,2,0,0,0,0,0,0,0,0,0,0], [2,0,0,0,1,0,0,0,0,0,0,0]) = 4245
N(5h+12f, 43, [1,2,0,0,0,0,0,0,0,0,0,0], [1,3,0,0,0,0,0,0,0,0,0,0]) = 8864
N(5h+12f, 43, [1,2,0,0,0,0,0,0,0,0,0,0], [1,1,0,1,0,0,0,0,0,0,0,0]) = 13344
N(5h+12f, 43, [1,2,0,0,0,0,0,0,0,0,0,0], [1,0,2,0,0,0,0,0,0,0,0,0]) = 7506
N(5h+12f, 43, [1,2,0,0,0,0,0,0,0,0,0,0], [1,0,0,0,0,1,0,0,0,0,0,0]) = 3360
N(5h+12f, 43, [1,2,0,0,0,0,0,0,0,0,0,0], [0,2,1,0,0,0,0,0,0,0,0,0]) = 9828
N(5h+12f, 43, [1,2,0,0,0,0,0,0,0,0,0,0], [0,1,0,0,1,0,0,0,0,0,0,0]) = 5460
N(5h+12f, 43, [1,2,0,0,0,0,0,0,0,0,0,0], [0,0,1,1,0,0,0,0,0,0,0,0]) = 6552
N(5h+12f, 43, [1,2,0,0,0,0,0,0,0,0,0,0], [0,0,0,0,0,0,1,0,0,0,0,0]) = 1911
N(5h+12f, 43, [1,0,0,1,0,0,0,0,0,0,0,0], [7,0,0,0,0,0,0,0,0,0,0,0]) = 292
N(5h+12f, 43, [1,0,0,1,0,0,0,0,0,0,0,0], [5,1,0,0,0,0,0,0,0,0,0,0]) = 3456
N(5h+12f, 43, [1,0,0,1,0,0,0,0,0,0,0,0], [4,0,1,0,0,0,0,0,0,0,0,0]) = 4299
N(5h+12f, 43, [1,0,0,1,0,0,0,0,0,0,0,0], [3,2,0,0,0,0,0,0,0,0,0,0]) = 11328
N(5h+12f, 43, [1,0,0,1,0,0,0,0,0,0,0,0], [3,0,0,1,0,0,0,0,0,0,0,0]) = 4560
N(5h+12f, 43, [1,0,0,1,0,0,0,0,0,0,0,0], [2,1,1,0,0,0,0,0,0,0,0,0]) = 20232
N(5h+12f, 43, [1,0,0,1,0,0,0,0,0,0,0,0], [2,0,0,0,1,0,0,0,0,0,0,0]) = 4245
N(5h+12f, 43, [1,0,0,1,0,0,0,0,0,0,0,0], [1,3,0,0,0,0,0,0,0,0,0,0]) = 8864
N(5h+12f, 43, [1,0,0,1,0,0,0,0,0,0,0,0], [1,1,0,1,0,0,0,0,0,0,0,0]) = 13344
N(5h+12f, 43, [1,0,0,1,0,0,0,0,0,0,0,0], [1,0,2,0,0,0,0,0,0,0,0,0]) = 7506
N(5h+12f, 43, [1,0,0,1,0,0,0,0,0,0,0,0], [1,0,0,0,0,1,0,0,0,0,0,0]) = 3360
N(5h+12f, 43, [1,0,0,1,0,0,0,0,0,0,0,0], [0,2,1,0,0,0,0,0,0,0,0,0]) = 9828
N(5h+12f, 43, [1,0,0,1,0,0,0,0,0,0,0,0], [0,1,0,0,1,0,0,0,0,0,0,0]) = 5460
N(5h+12f, 43, [1,0,0,1,0,0,0,0,0,0,0,0], [0,0,1,1,0,0,0,0,0,0,0,0]) = 6552
N(5h+12f, 43, [1,0,0,1,0,0,0,0,0,0,0,0], [0,0,0,0,0,0,1,0,0,0,0,0]) = 1911
N(5h+12f, 43, [0,1,1,0,0,0,0,0,0,0,0,0], [7,0,0,0,0,0,0,0,0,0,0,0]) = 291
N(5h+12f, 43, [0,1,1,0,0,0,0,0,0,0,0,0], [5,1,0,0,0,0,0,0,0,0,0,0]) = 3444
N(5h+12f, 43, [0,1,1,0,0,0,0,0,0,0,0,0], [4,0,1,0,0,0,0,0,0,0,0,0]) = 4284
N(5h+12f, 43, [0,1,1,0,0,0,0,0,0,0,0,0], [3,2,0,0,0,0,0,0,0,0,0,0]) = 11288
N(5h+12f, 43, [0,1,1,0,0,0,0,0,0,0,0,0], [3,0,0,1,0,0,0,0,0,0,0,0]) = 4544
N(5h+12f, 43, [0,1,1,0,0,0,0,0,0,0,0,0], [2,1,1,0,0,0,0,0,0,0,0,0]) = 20160
N(5h+12f, 43, [0,1,1,0,0,0,0,0,0,0,0,0], [2,0,0,0,1,0,0,0,0,0,0,0]) = 4230
N(5h+12f, 43, [0,1,1,0,0,0,0,0,0,0,0,0], [1,3,0,0,0,0,0,0,0,0,0,0]) = 8832
N(5h+12f, 43, [0,1,1,0,0,0,0,0,0,0,0,0], [1,1,0,1,0,0,0,0,0,0,0,0]) = 13296
N(5h+12f, 43, [0,1,1,0,0,0,0,0,0,0,0,0], [1,0,2,0,0,0,0,0,0,0,0,0]) = 7479
N(5h+12f, 43, [0,1,1,0,0,0,0,0,0,0,0,0], [1,0,0,0,0,1,0,0,0,0,0,0]) = 3348
N(5h+12f, 43, [0,1,1,0,0,0,0,0,0,0,0,0], [0,2,1,0,0,0,0,0,0,0,0,0]) = 9792
N(5h+12f, 43, [0,1,1,0,0,0,0,0,0,0,0,0], [0,1,0,0,1,0,0,0,0,0,0,0]) = 5440
N(5h+12f, 43, [0,1,1,0,0,0,0,0,0,0,0,0], [0,0,1,1,0,0,0,0,0,0,0,0]) = 6528
N(5h+12f, 43, [0,1,1,0,0,0,0,0,0,0,0,0], [0,0,0,0,0,0,1,0,0,0,0,0]) = 1904
N(5h+12f, 43, [0,0,0,0,1,0,0,0,0,0,0,0], [7,0,0,0,0,0,0,0,0,0,0,0]) = 291
N(5h+12f, 43, [0,0,0,0,1,0,0,0,0,0,0,0], [5,1,0,0,0,0,0,0,0,0,0,0]) = 3444
N(5h+12f, 43, [0,0,0,0,1,0,0,0,0,0,0,0], [4,0,1,0,0,0,0,0,0,0,0,0]) = 4284
N(5h+12f, 43, [0,0,0,0,1,0,0,0,0,0,0,0], [3,2,0,0,0,0,0,0,0,0,0,0]) = 11288
N(5h+12f, 43, [0,0,0,0,1,0,0,0,0,0,0,0], [3,0,0,1,0,0,0,0,0,0,0,0]) = 4544
N(5h+12f, 43, [0,0,0,0,1,0,0,0,0,0,0,0], [2,1,1,0,0,0,0,0,0,0,0,0]) = 20160
N(5h+12f, 43, [0,0,0,0,1,0,0,0,0,0,0,0], [2,0,0,0,1,0,0,0,0,0,0,0]) = 4230
N(5h+12f, 43, [0,0,0,0,1,0,0,0,0,0,0,0], [1,3,0,0,0,0,0,0,0,0,0,0]) = 8832
N(5h+12f, 43, [0,0,0,0,1,0,0,0,0,0,0,0], [1,1,0,1,0,0,0,0,0,0,0,0]) = 13296
N(5h+12f, 43, [0,0,0,0,1,0,0,0,0,0,0,0], [1,0,2,0,0,0,0,0,0,0,0,0]) = 7479
N(5h+12f, 43, [0,0,0,0,1,0,0,0,0,0,0,0], [1,0,0,0,0,1,0,0,0,0,0,0]) = 3348
N(5h+12f, 43, [0,0,0,0,1,0,0,0,0,0,0,0], [0,2,1,0,0,0,0,0,0,0,0,0]) = 9792
N(5h+12f, 43, [0,0,0,0,1,0,0,0,0,0,0,0], [0,1,0,0,1,0,0,0,0,0,0,0]) = 5440
N(5h+12f, 43, [0,0,0,0,1,0,0,0,0,0,0,0], [0,0,1,1,0,0,0,0,0,0,0,0]) = 6528
N(5h+12f, 43, [0,0,0,0,1,0,0,0,0,0,0,0], [0,0,0,0,0,0,1,0,0,0,0,0]) = 1904
N(5h+12f, 43, [4,0,0,0,0,0,0,0,0,0,0,0], [8,0,0,0,0,0,0,0,0,0,0,0]) = 296
N(5h+12f, 43, [4,0,0,0,0,0,0,0,0,0,0,0], [6,1,0,0,0,0,0,0,0,0,0,0]) = 4092
N(5h+12f, 43, [4,0,0,0,0,0,0,0,0,0,0,0], [5,0,1,0,0,0,0,0,0,0,0,0]) = 5238
N(5h+12f, 43, [4,0,0,0,0,0,0,0,0,0,0,0], [4,2,0,0,0,0,0,0,0,0,0,0]) = 17280
N(5h+12f, 43, [4,0,0,0,0,0,0,0,0,0,0,0], [4,0,0,1,0,0,0,0,0,0,0,0]) = 5792
N(5h+12f, 43, [4,0,0,0,0,0,0,0,0,0,0,0], [3,1,1,0,0,0,0,0,0,0,0,0]) = 34344
N(5h+12f, 43, [4,0,0,0,0,0,0,0,0,0,0,0], [3,0,0,0,1,0,0,0,0,0,0,0]) = 5760
N(5h+12f, 43, [4,0,0,0,0,0,0,0,0,0,0,0], [2,3,0,0,0,0,0,0,0,0,0,0]) = 22624
N(5h+12f, 43, [4,0,0,0,0,0,0,0,0,0,0,0], [2,1,0,1,0,0,0,0,0,0,0,0]) = 27264
N(5h+12f, 43, [4,0,0,0,0,0,0,0,0,0,0,0], [2,0,2,0,0,0,0,0,0,0,0,0]) = 15336
N(5h+12f, 43, [4,0,0,0,0,0,0,0,0,0,0,0], [2,0,0,0,0,1,0,0,0,0,0,0]) = 5148
N(5h+12f, 43, [4,0,0,0,0,0,0,0,0,0,0,0], [1,2,1,0,0,0,0,0,0,0,0,0]) = 40320
N(5h+12f, 43, [4,0,0,0,0,0,0,0,0,0,0,0], [1,1,0,0,1,0,0,0,0,0,0,0]) = 16860
N(5h+12f, 43, [4,0,0,0,0,0,0,0,0,0,0,0], [1,0,1,1,0,0,0,0,0,0,0,0]) = 20232
N(5h+12f, 43, [4,0,0,0,0,0,0,0,0,0,0,0], [1,0,0,0,0,0,1,0,0,0,0,0]) = 3962
N(5h+12f, 43, [4,0,0,0,0,0,0,0,0,0,0,0], [0,4,0,0,0,0,0,0,0,0,0,0]) = 4416
N(5h+12f, 43, [4,0,0,0,0,0,0,0,0,0,0,0], [0,2,0,1,0,0,0,0,0,0,0,0]) = 13248
N(5h+12f, 43, [4,0,0,0,0,0,0,0,0,0,0,0], [0,1,2,0,0,0,0,0,0,0,0,0]) = 14904
N(5h+12f, 43, [4,0,0,0,0,0,0,0,0,0,0,0], [0,1,0,0,0,1,0,0,0,0,0,0]) = 6624
N(5h+12f, 43, [4,0,0,0,0,0,0,0,0,0,0,0], [0,0,1,0,1,0,0,0,0,0,0,0]) = 8280
N(5h+12f, 43, [4,0,0,0,0,0,0,0,0,0,0,0], [0,0,0,2,0,0,0,0,0,0,0,0]) = 4416
N(5h+12f, 43, [4,0,0,0,0,0,0,0,0,0,0,0], [0,0,0,0,0,0,0,1,0,0,0,0]) = 2208
N(5h+12f, 43, [2,1,0,0,0,0,0,0,0,0,0,0], [8,0,0,0,0,0,0,0,0,0,0,0]) = 294
N(5h+12f, 43, [2,1,0,0,0,0,0,0,0,0,0,0], [6,1,0,0,0,0,0,0,0,0,0,0]) = 4064
N(5h+12f, 43, [2,1,0,0,0,0,0,0,0,0,0,0], [5,0,1,0,0,0,0,0,0,0,0,0]) = 5202
N(5h+12f, 43, [2,1,0,0,0,0,0,0,0,0,0,0], [4,2,0,0,0,0,0,0,0,0,0,0]) = 17160
N(5h+12f, 43, [2,1,0,0,0,0,0,0,0,0,0,0], [4,0,0,1,0,0,0,0,0,0,0,0]) = 5752
N(5h+12f, 43, [2,1,0,0,0,0,0,0,0,0,0,0], [3,1,1,0,0,0,0,0,0,0,0,0]) = 34104
N(5h+12f, 43, [2,1,0,0,0,0,0,0,0,0,0,0], [3,0,0,0,1,0,0,0,0,0,0,0]) = 5720
N(5h+12f, 43, [2,1,0,0,0,0,0,0,0,0,0,0], [2,3,0,0,0,0,0,0,0,0,0,0]) = 22464
N(5h+12f, 43, [2,1,0,0,0,0,0,0,0,0,0,0], [2,1,0,1,0,0,0,0,0,0,0,0]) = 27072
N(5h+12f, 43, [2,1,0,0,0,0,0,0,0,0,0,0], [2,0,2,0,0,0,0,0,0,0,0,0]) = 15228
N(5h+12f, 43, [2,1,0,0,0,0,0,0,0,0,0,0], [2,0,0,0,0,1,0,0,0,0,0,0]) = 5112
N(5h+12f, 43, [2,1,0,0,0,0,0,0,0,0,0,0], [1,2,1,0,0,0,0,0,0,0,0,0]) = 40032
N(5h+12f, 43, [2,1,0,0,0,0,0,0,0,0,0,0], [1,1,0,0,1,0,0,0,0,0,0,0]) = 16740
N(5h+12f, 43, [2,1,0,0,0,0,0,0,0,0,0,0], [1,0,1,1,0,0,0,0,0,0,0,0]) = 20088
N(5h+12f, 43, [2,1,0,0,0,0,0,0,0,0,0,0], [1,0,0,0,0,0,1,0,0,0,0,0]) = 3934
N(5h+12f, 43, [2,1,0,0,0,0,0,0,0,0,0,0], [0,4,0,0,0,0,0,0,0,0,0,0]) = 4384
N(5h+12f, 43, [2,1,0,0,0,0,0,0,0,0,0,0], [0,2,0,1,0,0,0,0,0,0,0,0]) = 13152
N(5h+12f, 43, [2,1,0,0,0,0,0,0,0,0,0,0], [0,1,2,0,0,0,0,0,0,0,0,0]) = 14796
N(5h+12f, 43, [2,1,0,0,0,0,0,0,0,0,0,0], [0,1,0,0,0,1,0,0,0,0,0,0]) = 6576
N(5h+12f, 43, [2,1,0,0,0,0,0,0,0,0,0,0], [0,0,1,0,1,0,0,0,0,0,0,0]) = 8220
N(5h+12f, 43, [2,1,0,0,0,0,0,0,0,0,0,0], [0,0,0,2,0,0,0,0,0,0,0,0]) = 4384
N(5h+12f, 43, [2,1,0,0,0,0,0,0,0,0,0,0], [0,0,0,0,0,0,0,1,0,0,0,0]) = 2192
N(5h+12f, 43, [1,0,1,0,0,0,0,0,0,0,0,0], [8,0,0,0,0,0,0,0,0,0,0,0]) = 293
N(5h+12f, 43, [1,0,1,0,0,0,0,0,0,0,0,0], [6,1,0,0,0,0,0,0,0,0,0,0]) = 4050
N(5h+12f, 43, [1,0,1,0,0,0,0,0,0,0,0,0], [5,0,1,0,0,0,0,0,0,0,0,0]) = 5184
N(5h+12f, 43, [1,0,1,0,0,0,0,0,0,0,0,0], [4,2,0,0,0,0,0,0,0,0,0,0]) = 17100
N(5h+12f, 43, [1,0,1,0,0,0,0,0,0,0,0,0], [4,0,0,1,0,0,0,0,0,0,0,0]) = 5732
N(5h+12f, 43, [1,0,1,0,0,0,0,0,0,0,0,0], [3,1,1,0,0,0,0,0,0,0,0,0]) = 33984
N(5h+12f, 43, [1,0,1,0,0,0,0,0,0,0,0,0], [3,0,0,0,1,0,0,0,0,0,0,0]) = 5700
N(5h+12f, 43, [1,0,1,0,0,0,0,0,0,0,0,0], [2,3,0,0,0,0,0,0,0,0,0,0]) = 22384
N(5h+12f, 43, [1,0,1,0,0,0,0,0,0,0,0,0], [2,1,0,1,0,0,0,0,0,0,0,0]) = 26976
N(5h+12f, 43, [1,0,1,0,0,0,0,0,0,0,0,0], [2,0,2,0,0,0,0,0,0,0,0,0]) = 15174
N(5h+12f, 43, [1,0,1,0,0,0,0,0,0,0,0,0], [2,0,0,0,0,1,0,0,0,0,0,0]) = 5094
N(5h+12f, 43, [1,0,1,0,0,0,0,0,0,0,0,0], [1,2,1,0,0,0,0,0,0,0,0,0]) = 39888
N(5h+12f, 43, [1,0,1,0,0,0,0,0,0,0,0,0], [1,1,0,0,1,0,0,0,0,0,0,0]) = 16680
N(5h+12f, 43, [1,0,1,0,0,0,0,0,0,0,0,0], [1,0,1,1,0,0,0,0,0,0,0,0]) = 20016
N(5h+12f, 43, [1,0,1,0,0,0,0,0,0,0,0,0], [1,0,0,0,0,0,1,0,0,0,0,0]) = 3920
N(5h+12f, 43, [1,0,1,0,0,0,0,0,0,0,0,0], [0,4,0,0,0,0,0,0,0,0,0,0]) = 4368
N(5h+12f, 43, [1,0,1,0,0,0,0,0,0,0,0,0], [0,2,0,1,0,0,0,0,0,0,0,0]) = 13104
N(5h+12f, 43, [1,0,1,0,0,0,0,0,0,0,0,0], [0,1,2,0,0,0,0,0,0,0,0,0]) = 14742
N(5h+12f, 43, [1,0,1,0,0,0,0,0,0,0,0,0], [0,1,0,0,0,1,0,0,0,0,0,0]) = 6552
N(5h+12f, 43, [1,0,1,0,0,0,0,0,0,0,0,0], [0,0,1,0,1,0,0,0,0,0,0,0]) = 8190
N(5h+12f, 43, [1,0,1,0,0,0,0,0,0,0,0,0], [0,0,0,2,0,0,0,0,0,0,0,0]) = 4368
N(5h+12f, 43, [1,0,1,0,0,0,0,0,0,0,0,0], [0,0,0,0,0,0,0,1,0,0,0,0]) = 2184
N(5h+12f, 43, [0,2,0,0,0,0,0,0,0,0,0,0], [8,0,0,0,0,0,0,0,0,0,0,0]) = 292
N(5h+12f, 43, [0,2,0,0,0,0,0,0,0,0,0,0], [6,1,0,0,0,0,0,0,0,0,0,0]) = 4036
N(5h+12f, 43, [0,2,0,0,0,0,0,0,0,0,0,0], [5,0,1,0,0,0,0,0,0,0,0,0]) = 5166
N(5h+12f, 43, [0,2,0,0,0,0,0,0,0,0,0,0], [4,2,0,0,0,0,0,0,0,0,0,0]) = 17040
N(5h+12f, 43, [0,2,0,0,0,0,0,0,0,0,0,0], [4,0,0,1,0,0,0,0,0,0,0,0]) = 5712
N(5h+12f, 43, [0,2,0,0,0,0,0,0,0,0,0,0], [3,1,1,0,0,0,0,0,0,0,0,0]) = 33864
N(5h+12f, 43, [0,2,0,0,0,0,0,0,0,0,0,0], [3,0,0,0,1,0,0,0,0,0,0,0]) = 5680
N(5h+12f, 43, [0,2,0,0,0,0,0,0,0,0,0,0], [2,3,0,0,0,0,0,0,0,0,0,0]) = 22304
N(5h+12f, 43, [0,2,0,0,0,0,0,0,0,0,0,0], [2,1,0,1,0,0,0,0,0,0,0,0]) = 26880
N(5h+12f, 43, [0,2,0,0,0,0,0,0,0,0,0,0], [2,0,2,0,0,0,0,0,0,0,0,0]) = 15120
N(5h+12f, 43, [0,2,0,0,0,0,0,0,0,0,0,0], [2,0,0,0,0,1,0,0,0,0,0,0]) = 5076
N(5h+12f, 43, [0,2,0,0,0,0,0,0,0,0,0,0], [1,2,1,0,0,0,0,0,0,0,0,0]) = 39744
N(5h+12f, 43, [0,2,0,0,0,0,0,0,0,0,0,0], [1,1,0,0,1,0,0,0,0,0,0,0]) = 16620
N(5h+12f, 43, [0,2,0,0,0,0,0,0,0,0,0,0], [1,0,1,1,0,0,0,0,0,0,0,0]) = 19944
N(5h+12f, 43, [0,2,0,0,0,0,0,0,0,0,0,0], [1,0,0,0,0,0,1,0,0,0,0,0]) = 3906
N(5h+12f, 43, [0,2,0,0,0,0,0,0,0,0,0,0], [0,4,0,0,0,0,0,0,0,0,0,0]) = 4352
N(5h+12f, 43, [0,2,0,0,0,0,0,0,0,0,0,0], [0,2,0,1,0,0,0,0,0,0,0,0]) = 13056
N(5h+12f, 43, [0,2,0,0,0,0,0,0,0,0,0,0], [0,1,2,0,0,0,0,0,0,0,0,0]) = 14688
N(5h+12f, 43, [0,2,0,0,0,0,0,0,0,0,0,0], [0,1,0,0,0,1,0,0,0,0,0,0]) = 6528
N(5h+12f, 43, [0,2,0,0,0,0,0,0,0,0,0,0], [0,0,1,0,1,0,0,0,0,0,0,0]) = 8160
N(5h+12f, 43, [0,2,0,0,0,0,0,0,0,0,0,0], [0,0,0,2,0,0,0,0,0,0,0,0]) = 4352
N(5h+12f, 43, [0,2,0,0,0,0,0,0,0,0,0,0], [0,0,0,0,0,0,0,1,0,0,0,0]) = 2176
N(5h+12f, 43, [0,0,0,1,0,0,0,0,0,0,0,0], [8,0,0,0,0,0,0,0,0,0,0,0]) = 292
N(5h+12f, 43, [0,0,0,1,0,0,0,0,0,0,0,0], [6,1,0,0,0,0,0,0,0,0,0,0]) = 4036
N(5h+12f, 43, [0,0,0,1,0,0,0,0,0,0,0,0], [5,0,1,0,0,0,0,0,0,0,0,0]) = 5166
N(5h+12f, 43, [0,0,0,1,0,0,0,0,0,0,0,0], [4,2,0,0,0,0,0,0,0,0,0,0]) = 17040
N(5h+12f, 43, [0,0,0,1,0,0,0,0,0,0,0,0], [4,0,0,1,0,0,0,0,0,0,0,0]) = 5712
N(5h+12f, 43, [0,0,0,1,0,0,0,0,0,0,0,0], [3,1,1,0,0,0,0,0,0,0,0,0]) = 33864
N(5h+12f, 43, [0,0,0,1,0,0,0,0,0,0,0,0], [3,0,0,0,1,0,0,0,0,0,0,0]) = 5680
N(5h+12f, 43, [0,0,0,1,0,0,0,0,0,0,0,0], [2,3,0,0,0,0,0,0,0,0,0,0]) = 22304
N(5h+12f, 43, [0,0,0,1,0,0,0,0,0,0,0,0], [2,1,0,1,0,0,0,0,0,0,0,0]) = 26880
N(5h+12f, 43, [0,0,0,1,0,0,0,0,0,0,0,0], [2,0,2,0,0,0,0,0,0,0,0,0]) = 15120
N(5h+12f, 43, [0,0,0,1,0,0,0,0,0,0,0,0], [2,0,0,0,0,1,0,0,0,0,0,0]) = 5076
N(5h+12f, 43, [0,0,0,1,0,0,0,0,0,0,0,0], [1,2,1,0,0,0,0,0,0,0,0,0]) = 39744
N(5h+12f, 43, [0,0,0,1,0,0,0,0,0,0,0,0], [1,1,0,0,1,0,0,0,0,0,0,0]) = 16620
N(5h+12f, 43, [0,0,0,1,0,0,0,0,0,0,0,0], [1,0,1,1,0,0,0,0,0,0,0,0]) = 19944
N(5h+12f, 43, [0,0,0,1,0,0,0,0,0,0,0,0], [1,0,0,0,0,0,1,0,0,0,0,0]) = 3906
N(5h+12f, 43, [0,0,0,1,0,0,0,0,0,0,0,0], [0,4,0,0,0,0,0,0,0,0,0,0]) = 4352
N(5h+12f, 43, [0,0,0,1,0,0,0,0,0,0,0,0], [0,2,0,1,0,0,0,0,0,0,0,0]) = 13056
N(5h+12f, 43, [0,0,0,1,0,0,0,0,0,0,0,0], [0,1,2,0,0,0,0,0,0,0,0,0]) = 14688
N(5h+12f, 43, [0,0,0,1,0,0,0,0,0,0,0,0], [0,1,0,0,0,1,0,0,0,0,0,0]) = 6528
N(5h+12f, 43, [0,0,0,1,0,0,0,0,0,0,0,0], [0,0,1,0,1,0,0,0,0,0,0,0]) = 8160
N(5h+12f, 43, [0,0,0,1,0,0,0,0,0,0,0,0], [0,0,0,2,0,0,0,0,0,0,0,0]) = 4352
N(5h+12f, 43, [0,0,0,1,0,0,0,0,0,0,0,0], [0,0,0,0,0,0,0,1,0,0,0,0]) = 2176
N(5h+12f, 43, [3,0,0,0,0,0,0,0,0,0,0,0], [9,0,0,0,0,0,0,0,0,0,0,0]) = 296
N(5h+12f, 43, [3,0,0,0,0,0,0,0,0,0,0,0], [7,1,0,0,0,0,0,0,0,0,0,0]) = 4680
N(5h+12f, 43, [3,0,0,0,0,0,0,0,0,0,0,0], [6,0,1,0,0,0,0,0,0,0,0,0]) = 6117
N(5h+12f, 43, [3,0,0,0,0,0,0,0,0,0,0,0], [5,2,0,0,0,0,0,0,0,0,0,0]) = 24240
N(5h+12f, 43, [3,0,0,0,0,0,0,0,0,0,0,0], [5,0,0,1,0,0,0,0,0,0,0,0]) = 6960
N(5h+12f, 43, [3,0,0,0,0,0,0,0,0,0,0,0], [4,1,1,0,0,0,0,0,0,0,0,0]) = 51660
N(5h+12f, 43, [3,0,0,0,0,0,0,0,0,0,0,0], [4,0,0,0,1,0,0,0,0,0,0,0]) = 7215
N(5h+12f, 43, [3,0,0,0,0,0,0,0,0,0,0,0], [3,3,0,0,0,0,0,0,0,0,0,0]) = 45440
N(5h+12f, 43, [3,0,0,0,0,0,0,0,0,0,0,0], [3,1,0,1,0,0,0,0,0,0,0,0]) = 45632
N(5h+12f, 43, [3,0,0,0,0,0,0,0,0,0,0,0], [3,0,2,0,0,0,0,0,0,0,0,0]) = 25668
N(5h+12f, 43, [3,0,0,0,0,0,0,0,0,0,0,0], [3,0,0,0,0,1,0,0,0,0,0,0]) = 6888
N(5h+12f, 43, [3,0,0,0,0,0,0,0,0,0,0,0], [2,2,1,0,0,0,0,0,0,0,0,0]) = 101448
N(5h+12f, 43, [3,0,0,0,0,0,0,0,0,0,0,0], [2,1,0,0,1,0,0,0,0,0,0,0]) = 33960
N(5h+12f, 43, [3,0,0,0,0,0,0,0,0,0,0,0], [2,0,1,1,0,0,0,0,0,0,0,0]) = 40752
N(5h+12f, 43, [3,0,0,0,0,0,0,0,0,0,0,0], [2,0,0,0,0,0,1,0,0,0,0,0]) = 5985
N(5h+12f, 43, [3,0,0,0,0,0,0,0,0,0,0,0], [1,4,0,0,0,0,0,0,0,0,0,0]) = 22272
N(5h+12f, 43, [3,0,0,0,0,0,0,0,0,0,0,0], [1,2,0,1,0,0,0,0,0,0,0,0]) = 53568
N(5h+12f, 43, [3,0,0,0,0,0,0,0,0,0,0,0], [1,1,2,0,0,0,0,0,0,0,0,0]) = 60264
N(5h+12f, 43, [3,0,0,0,0,0,0,0,0,0,0,0], [1,1,0,0,0,1,0,0,0,0,0,0]) = 20160
N(5h+12f, 43, [3,0,0,0,0,0,0,0,0,0,0,0], [1,0,1,0,1,0,0,0,0,0,0,0]) = 25200
N(5h+12f, 43, [3,0,0,0,0,0,0,0,0,0,0,0], [1,0,0,2,0,0,0,0,0,0,0,0]) = 13440
N(5h+12f, 43, [3,0,0,0,0,0,0,0,0,0,0,0], [1,0,0,0,0,0,0,1,0,0,0,0]) = 4512
N(5h+12f, 43, [3,0,0,0,0,0,0,0,0,0,0,0], [0,3,1,0,0,0,0,0,0,0,0,0]) = 26400
N(5h+12f, 43, [3,0,0,0,0,0,0,0,0,0,0,0], [0,2,0,0,1,0,0,0,0,0,0,0]) = 16500
N(5h+12f, 43, [3,0,0,0,0,0,0,0,0,0,0,0], [0,1,1,1,0,0,0,0,0,0,0,0]) = 39600
N(5h+12f, 43, [3,0,0,0,0,0,0,0,0,0,0,0], [0,1,0,0,0,0,1,0,0,0,0,0]) = 7700
N(5h+12f, 43, [3,0,0,0,0,0,0,0,0,0,0,0], [0,0,3,0,0,0,0,0,0,0,0,0]) = 7425
N(5h+12f, 43, [3,0,0,0,0,0,0,0,0,0,0,0], [0,0,1,0,0,1,0,0,0,0,0,0]) = 9900
N(5h+12f, 43, [3,0,0,0,0,0,0,0,0,0,0,0], [0,0,0,1,1,0,0,0,0,0,0,0]) = 11000
N(5h+12f, 43, [3,0,0,0,0,0,0,0,0,0,0,0], [0,0,0,0,0,0,0,0,1,0,0,0]) = 2475
N(5h+12f, 43, [1,1,0,0,0,0,0,0,0,0,0,0], [9,0,0,0,0,0,0,0,0,0,0,0]) = 294
N(5h+12f, 43, [1,1,0,0,0,0,0,0,0,0,0,0], [7,1,0,0,0,0,0,0,0,0,0,0]) = 4648
N(5h+12f, 43, [1,1,0,0,0,0,0,0,0,0,0,0], [6,0,1,0,0,0,0,0,0,0,0,0]) = 6075
N(5h+12f, 43, [1,1,0,0,0,0,0,0,0,0,0,0], [5,2,0,0,0,0,0,0,0,0,0,0]) = 24072
N(5h+12f, 43, [1,1,0,0,0,0,0,0,0,0,0,0], [5,0,0,1,0,0,0,0,0,0,0,0]) = 6912
N(5h+12f, 43, [1,1,0,0,0,0,0,0,0,0,0,0], [4,1,1,0,0,0,0,0,0,0,0,0]) = 51300
N(5h+12f, 43, [1,1,0,0,0,0,0,0,0,0,0,0], [4,0,0,0,1,0,0,0,0,0,0,0]) = 7165
N(5h+12f, 43, [1,1,0,0,0,0,0,0,0,0,0,0], [3,3,0,0,0,0,0,0,0,0,0,0]) = 45120
N(5h+12f, 43, [1,1,0,0,0,0,0,0,0,0,0,0], [3,1,0,1,0,0,0,0,0,0,0,0]) = 45312
N(5h+12f, 43, [1,1,0,0,0,0,0,0,0,0,0,0], [3,0,2,0,0,0,0,0,0,0,0,0]) = 25488
N(5h+12f, 43, [1,1,0,0,0,0,0,0,0,0,0,0], [3,0,0,0,0,1,0,0,0,0,0,0]) = 6840
N(5h+12f, 43, [1,1,0,0,0,0,0,0,0,0,0,0], [2,2,1,0,0,0,0,0,0,0,0,0]) = 100728
N(5h+12f, 43, [1,1,0,0,0,0,0,0,0,0,0,0], [2,1,0,0,1,0,0,0,0,0,0,0]) = 33720
N(5h+12f, 43, [1,1,0,0,0,0,0,0,0,0,0,0], [2,0,1,1,0,0,0,0,0,0,0,0]) = 40464
N(5h+12f, 43, [1,1,0,0,0,0,0,0,0,0,0,0], [2,0,0,0,0,0,1,0,0,0,0,0]) = 5943
N(5h+12f, 43, [1,1,0,0,0,0,0,0,0,0,0,0], [1,4,0,0,0,0,0,0,0,0,0,0]) = 22112
N(5h+12f, 43, [1,1,0,0,0,0,0,0,0,0,0,0], [1,2,0,1,0,0,0,0,0,0,0,0]) = 53184
N(5h+12f, 43, [1,1,0,0,0,0,0,0,0,0,0,0], [1,1,2,0,0,0,0,0,0,0,0,0]) = 59832
N(5h+12f, 43, [1,1,0,0,0,0,0,0,0,0,0,0], [1,1,0,0,0,1,0,0,0,0,0,0]) = 20016
N(5h+12f, 43, [1,1,0,0,0,0,0,0,0,0,0,0], [1,0,1,0,1,0,0,0,0,0,0,0]) = 25020
N(5h+12f, 43, [1,1,0,0,0,0,0,0,0,0,0,0], [1,0,0,2,0,0,0,0,0,0,0,0]) = 13344
N(5h+12f, 43, [1,1,0,0,0,0,0,0,0,0,0,0], [1,0,0,0,0,0,0,1,0,0,0,0]) = 4480
N(5h+12f, 43, [1,1,0,0,0,0,0,0,0,0,0,0], [0,3,1,0,0,0,0,0,0,0,0,0]) = 26208
N(5h+12f, 43, [1,1,0,0,0,0,0,0,0,0,0,0], [0,2,0,0,1,0,0,0,0,0,0,0]) = 16380
N(5h+12f, 43, [1,1,0,0,0,0,0,0,0,0,0,0], [0,1,1,1,0,0,0,0,0,0,0,0]) = 39312
N(5h+12f, 43, [1,1,0,0,0,0,0,0,0,0,0,0], [0,1,0,0,0,0,1,0,0,0,0,0]) = 7644
N(5h+12f, 43, [1,1,0,0,0,0,0,0,0,0,0,0], [0,0,3,0,0,0,0,0,0,0,0,0]) = 7371
N(5h+12f, 43, [1,1,0,0,0,0,0,0,0,0,0,0], [0,0,1,0,0,1,0,0,0,0,0,0]) = 9828
N(5h+12f, 43, [1,1,0,0,0,0,0,0,0,0,0,0], [0,0,0,1,1,0,0,0,0,0,0,0]) = 10920
N(5h+12f, 43, [1,1,0,0,0,0,0,0,0,0,0,0], [0,0,0,0,0,0,0,0,1,0,0,0]) = 2457
N(5h+12f, 43, [0,0,1,0,0,0,0,0,0,0,0,0], [9,0,0,0,0,0,0,0,0,0,0,0]) = 293
N(5h+12f, 43, [0,0,1,0,0,0,0,0,0,0,0,0], [7,1,0,0,0,0,0,0,0,0,0,0]) = 4632
N(5h+12f, 43, [0,0,1,0,0,0,0,0,0,0,0,0], [6,0,1,0,0,0,0,0,0,0,0,0]) = 6054
N(5h+12f, 43, [0,0,1,0,0,0,0,0,0,0,0,0], [5,2,0,0,0,0,0,0,0,0,0,0]) = 23988
N(5h+12f, 43, [0,0,1,0,0,0,0,0,0,0,0,0], [5,0,0,1,0,0,0,0,0,0,0,0]) = 6888
N(5h+12f, 43, [0,0,1,0,0,0,0,0,0,0,0,0], [4,1,1,0,0,0,0,0,0,0,0,0]) = 51120
N(5h+12f, 43, [0,0,1,0,0,0,0,0,0,0,0,0], [4,0,0,0,1,0,0,0,0,0,0,0]) = 7140
N(5h+12f, 43, [0,0,1,0,0,0,0,0,0,0,0,0], [3,3,0,0,0,0,0,0,0,0,0,0]) = 44960
N(5h+12f, 43, [0,0,1,0,0,0,0,0,0,0,0,0], [3,1,0,1,0,0,0,0,0,0,0,0]) = 45152
N(5h+12f, 43, [0,0,1,0,0,0,0,0,0,0,0,0], [3,0,2,0,0,0,0,0,0,0,0,0]) = 25398
N(5h+12f, 43, [0,0,1,0,0,0,0,0,0,0,0,0], [3,0,0,0,0,1,0,0,0,0,0,0]) = 6816
N(5h+12f, 43, [0,0,1,0,0,0,0,0,0,0,0,0], [2,2,1,0,0,0,0,0,0,0,0,0]) = 100368
N(5h+12f, 43, [0,0,1,0,0,0,0,0,0,0,0,0], [2,1,0,0,1,0,0,0,0,0,0,0]) = 33600
N(5h+12f, 43, [0,0,1,0,0,0,0,0,0,0,0,0], [2,0,1,1,0,0,0,0,0,0,0,0]) = 40320
N(5h+12f, 43, [0,0,1,0,0,0,0,0,0,0,0,0], [2,0,0,0,0,0,1,0,0,0,0,0]) = 5922
N(5h+12f, 43, [0,0,1,0,0,0,0,0,0,0,0,0], [1,4,0,0,0,0,0,0,0,0,0,0]) = 22032
N(5h+12f, 43, [0,0,1,0,0,0,0,0,0,0,0,0], [1,2,0,1,0,0,0,0,0,0,0,0]) = 52992
N(5h+12f, 43, [0,0,1,0,0,0,0,0,0,0,0,0], [1,1,2,0,0,0,0,0,0,0,0,0]) = 59616
N(5h+12f, 43, [0,0,1,0,0,0,0,0,0,0,0,0], [1,1,0,0,0,1,0,0,0,0,0,0]) = 19944
N(5h+12f, 43, [0,0,1,0,0,0,0,0,0,0,0,0], [1,0,1,0,1,0,0,0,0,0,0,0]) = 24930
N(5h+12f, 43, [0,0,1,0,0,0,0,0,0,0,0,0], [1,0,0,2,0,0,0,0,0,0,0,0]) = 13296
N(5h+12f, 43, [0,0,1,0,0,0,0,0,0,0,0,0], [1,0,0,0,0,0,0,1,0,0,0,0]) = 4464
N(5h+12f, 43, [0,0,1,0,0,0,0,0,0,0,0,0], [0,3,1,0,0,0,0,0,0,0,0,0]) = 26112
N(5h+12f, 43, [0,0,1,0,0,0,0,0,0,0,0,0], [0,2,0,0,1,0,0,0,0,0,0,0]) = 16320
N(5h+12f, 43, [0,0,1,0,0,0,0,0,0,0,0,0], [0,1,1,1,0,0,0,0,0,0,0,0]) = 39168
N(5h+12f, 43, [0,0,1,0,0,0,0,0,0,0,0,0], [0,1,0,0,0,0,1,0,0,0,0,0]) = 7616
N(5h+12f, 43, [0,0,1,0,0,0,0,0,0,0,0,0], [0,0,3,0,0,0,0,0,0,0,0,0]) = 7344
N(5h+12f, 43, [0,0,1,0,0,0,0,0,0,0,0,0], [0,0,1,0,0,1,0,0,0,0,0,0]) = 9792
N(5h+12f, 43, [0,0,1,0,0,0,0,0,0,0,0,0], [0,0,0,1,1,0,0,0,0,0,0,0]) = 10880
N(5h+12f, 43, [0,0,1,0,0,0,0,0,0,0,0,0], [0,0,0,0,0,0,0,0,1,0,0,0]) = 2448
N(5h+12f, 43, [2,0,0,0,0,0,0,0,0,0,0,0], [10,0,0,0,0,0,0,0,0,0,0,0]) = 296
N(5h+12f, 43, [2,0,0,0,0,0,0,0,0,0,0,0], [8,1,0,0,0,0,0,0,0,0,0,0]) = 5268
N(5h+12f, 43, [2,0,0,0,0,0,0,0,0,0,0,0], [7,0,1,0,0,0,0,0,0,0,0,0]) = 6996
N(5h+12f, 43, [2,0,0,0,0,0,0,0,0,0,0,0], [6,2,0,0,0,0,0,0,0,0,0,0]) = 32368
N(5h+12f, 43, [2,0,0,0,0,0,0,0,0,0,0,0], [6,0,0,1,0,0,0,0,0,0,0,0]) = 8128
N(5h+12f, 43, [2,0,0,0,0,0,0,0,0,0,0,0], [5,1,1,0,0,0,0,0,0,0,0,0]) = 72468
N(5h+12f, 43, [2,0,0,0,0,0,0,0,0,0,0,0], [5,0,0,0,1,0,0,0,0,0,0,0]) = 8670
N(5h+12f, 43, [2,0,0,0,0,0,0,0,0,0,0,0], [4,3,0,0,0,0,0,0,0,0,0,0]) = 79760
N(5h+12f, 43, [2,0,0,0,0,0,0,0,0,0,0,0], [4,1,0,1,0,0,0,0,0,0,0,0]) = 68640
N(5h+12f, 43, [2,0,0,0,0,0,0,0,0,0,0,0], [4,0,2,0,0,0,0,0,0,0,0,0]) = 38610
N(5h+12f, 43, [2,0,0,0,0,0,0,0,0,0,0,0], [4,0,0,0,0,1,0,0,0,0,0,0]) = 8628
N(5h+12f, 43, [2,0,0,0,0,0,0,0,0,0,0,0], [3,2,1,0,0,0,0,0,0,0,0,0]) = 203760
N(5h+12f, 43, [2,0,0,0,0,0,0,0,0,0,0,0], [3,1,0,0,1,0,0,0,0,0,0,0]) = 56840
N(5h+12f, 43, [2,0,0,0,0,0,0,0,0,0,0,0], [3,0,1,1,0,0,0,0,0,0,0,0]) = 68208
N(5h+12f, 43, [2,0,0,0,0,0,0,0,0,0,0,0], [3,0,0,0,0,0,1,0,0,0,0,0]) = 8008
N(5h+12f, 43, [2,0,0,0,0,0,0,0,0,0,0,0], [2,4,0,0,0,0,0,0,0,0,0,0]) = 67200
N(5h+12f, 43, [2,0,0,0,0,0,0,0,0,0,0,0], [2,2,0,1,0,0,0,0,0,0,0,0]) = 134784
N(5h+12f, 43, [2,0,0,0,0,0,0,0,0,0,0,0], [2,1,2,0,0,0,0,0,0,0,0,0]) = 151632
N(5h+12f, 43, [2,0,0,0,0,0,0,0,0,0,0,0], [2,1,0,0,0,1,0,0,0,0,0,0]) = 40608
N(5h+12f, 43, [2,0,0,0,0,0,0,0,0,0,0,0], [2,0,1,0,1,0,0,0,0,0,0,0]) = 50760
N(5h+12f, 43, [2,0,0,0,0,0,0,0,0,0,0,0], [2,0,0,2,0,0,0,0,0,0,0,0]) = 27072
N(5h+12f, 43, [2,0,0,0,0,0,0,0,0,0,0,0], [2,0,0,0,0,0,0,1,0,0,0,0]) = 6816
N(5h+12f, 43, [2,0,0,0,0,0,0,0,0,0,0,0], [1,3,1,0,0,0,0,0,0,0,0,0]) = 133152
N(5h+12f, 43, [2,0,0,0,0,0,0,0,0,0,0,0], [1,2,0,0,1,0,0,0,0,0,0,0]) = 66720
N(5h+12f, 43, [2,0,0,0,0,0,0,0,0,0,0,0], [1,1,1,1,0,0,0,0,0,0,0,0]) = 160128
N(5h+12f, 43, [2,0,0,0,0,0,0,0,0,0,0,0], [1,1,0,0,0,0,1,0,0,0,0,0]) = 23436
N(5h+12f, 43, [2,0,0,0,0,0,0,0,0,0,0,0], [1,0,3,0,0,0,0,0,0,0,0,0]) = 30024
N(5h+12f, 43, [2,0,0,0,0,0,0,0,0,0,0,0], [1,0,1,0,0,1,0,0,0,0,0,0]) = 30132
N(5h+12f, 43, [2,0,0,0,0,0,0,0,0,0,0,0], [1,0,0,1,1,0,0,0,0,0,0,0]) = 33480
N(5h+12f, 43, [2,0,0,0,0,0,0,0,0,0,0,0], [1,0,0,0,0,0,0,0,1,0,0,0]) = 5058
N(5h+12f, 43, [2,0,0,0,0,0,0,0,0,0,0,0], [0,5,0,0,0,0,0,0,0,0,0,0]) = 8768
N(5h+12f, 43, [2,0,0,0,0,0,0,0,0,0,0,0], [0,3,0,1,0,0,0,0,0,0,0,0]) = 35072
N(5h+12f, 43, [2,0,0,0,0,0,0,0,0,0,0,0], [0,2,2,0,0,0,0,0,0,0,0,0]) = 59184
N(5h+12f, 43, [2,0,0,0,0,0,0,0,0,0,0,0], [0,2,0,0,0,1,0,0,0,0,0,0]) = 19728
N(5h+12f, 43, [2,0,0,0,0,0,0,0,0,0,0,0], [0,1,1,0,1,0,0,0,0,0,0,0]) = 49320
N(5h+12f, 43, [2,0,0,0,0,0,0,0,0,0,0,0], [0,1,0,2,0,0,0,0,0,0,0,0]) = 26304
N(5h+12f, 43, [2,0,0,0,0,0,0,0,0,0,0,0], [0,1,0,0,0,0,0,1,0,0,0,0]) = 8768
N(5h+12f, 43, [2,0,0,0,0,0,0,0,0,0,0,0], [0,0,2,1,0,0,0,0,0,0,0,0]) = 29592
N(5h+12f, 43, [2,0,0,0,0,0,0,0,0,0,0,0], [0,0,1,0,0,0,1,0,0,0,0,0]) = 11508
N(5h+12f, 43, [2,0,0,0,0,0,0,0,0,0,0,0], [0,0,0,1,0,1,0,0,0,0,0,0]) = 13152
N(5h+12f, 43, [2,0,0,0,0,0,0,0,0,0,0,0], [0,0,0,0,2,0,0,0,0,0,0,0]) = 6850
N(5h+12f, 43, [2,0,0,0,0,0,0,0,0,0,0,0], [0,0,0,0,0,0,0,0,0,1,0,0]) = 2740
N(5h+12f, 43, [0,1,0,0,0,0,0,0,0,0,0,0], [10,0,0,0,0,0,0,0,0,0,0,0]) = 294
N(5h+12f, 43, [0,1,0,0,0,0,0,0,0,0,0,0], [8,1,0,0,0,0,0,0,0,0,0,0]) = 5232
N(5h+12f, 43, [0,1,0,0,0,0,0,0,0,0,0,0], [7,0,1,0,0,0,0,0,0,0,0,0]) = 6948
N(5h+12f, 43, [0,1,0,0,0,0,0,0,0,0,0,0], [6,2,0,0,0,0,0,0,0,0,0,0]) = 32144
N(5h+12f, 43, [0,1,0,0,0,0,0,0,0,0,0,0], [6,0,0,1,0,0,0,0,0,0,0,0]) = 8072
N(5h+12f, 43, [0,1,0,0,0,0,0,0,0,0,0,0], [5,1,1,0,0,0,0,0,0,0,0,0]) = 71964
N(5h+12f, 43, [0,1,0,0,0,0,0,0,0,0,0,0], [5,0,0,0,1,0,0,0,0,0,0,0]) = 8610
N(5h+12f, 43, [0,1,0,0,0,0,0,0,0,0,0,0], [4,3,0,0,0,0,0,0,0,0,0,0]) = 79200
N(5h+12f, 43, [0,1,0,0,0,0,0,0,0,0,0,0], [4,1,0,1,0,0,0,0,0,0,0,0]) = 68160
N(5h+12f, 43, [0,1,0,0,0,0,0,0,0,0,0,0], [4,0,2,0,0,0,0,0,0,0,0,0]) = 38340
N(5h+12f, 43, [0,1,0,0,0,0,0,0,0,0,0,0], [4,0,0,0,0,1,0,0,0,0,0,0]) = 8568
N(5h+12f, 43, [0,1,0,0,0,0,0,0,0,0,0,0], [3,2,1,0,0,0,0,0,0,0,0,0]) = 202320
N(5h+12f, 43, [0,1,0,0,0,0,0,0,0,0,0,0], [3,1,0,0,1,0,0,0,0,0,0,0]) = 56440
N(5h+12f, 43, [0,1,0,0,0,0,0,0,0,0,0,0], [3,0,1,1,0,0,0,0,0,0,0,0]) = 67728
N(5h+12f, 43, [0,1,0,0,0,0,0,0,0,0,0,0], [3,0,0,0,0,0,1,0,0,0,0,0]) = 7952
N(5h+12f, 43, [0,1,0,0,0,0,0,0,0,0,0,0], [2,4,0,0,0,0,0,0,0,0,0,0]) = 66720
N(5h+12f, 43, [0,1,0,0,0,0,0,0,0,0,0,0], [2,2,0,1,0,0,0,0,0,0,0,0]) = 133824
N(5h+12f, 43, [0,1,0,0,0,0,0,0,0,0,0,0], [2,1,2,0,0,0,0,0,0,0,0,0]) = 150552
N(5h+12f, 43, [0,1,0,0,0,0,0,0,0,0,0,0], [2,1,0,0,0,1,0,0,0,0,0,0]) = 40320
N(5h+12f, 43, [0,1,0,0,0,0,0,0,0,0,0,0], [2,0,1,0,1,0,0,0,0,0,0,0]) = 50400
N(5h+12f, 43, [0,1,0,0,0,0,0,0,0,0,0,0], [2,0,0,2,0,0,0,0,0,0,0,0]) = 26880
N(5h+12f, 43, [0,1,0,0,0,0,0,0,0,0,0,0], [2,0,0,0,0,0,0,1,0,0,0,0]) = 6768
N(5h+12f, 43, [0,1,0,0,0,0,0,0,0,0,0,0], [1,3,1,0,0,0,0,0,0,0,0,0]) = 132192
N(5h+12f, 43, [0,1,0,0,0,0,0,0,0,0,0,0], [1,2,0,0,1,0,0,0,0,0,0,0]) = 66240
N(5h+12f, 43, [0,1,0,0,0,0,0,0,0,0,0,0], [1,1,1,1,0,0,0,0,0,0,0,0]) = 158976
N(5h+12f, 43, [0,1,0,0,0,0,0,0,0,0,0,0], [1,1,0,0,0,0,1,0,0,0,0,0]) = 23268
N(5h+12f, 43, [0,1,0,0,0,0,0,0,0,0,0,0], [1,0,3,0,0,0,0,0,0,0,0,0]) = 29808
N(5h+12f, 43, [0,1,0,0,0,0,0,0,0,0,0,0], [1,0,1,0,0,1,0,0,0,0,0,0]) = 29916
N(5h+12f, 43, [0,1,0,0,0,0,0,0,0,0,0,0], [1,0,0,1,1,0,0,0,0,0,0,0]) = 33240
N(5h+12f, 43, [0,1,0,0,0,0,0,0,0,0,0,0], [1,0,0,0,0,0,0,0,1,0,0,0]) = 5022
N(5h+12f, 43, [0,1,0,0,0,0,0,0,0,0,0,0], [0,5,0,0,0,0,0,0,0,0,0,0]) = 8704
N(5h+12f, 43, [0,1,0,0,0,0,0,0,0,0,0,0], [0,3,0,1,0,0,0,0,0,0,0,0]) = 34816
N(5h+12f, 43, [0,1,0,0,0,0,0,0,0,0,0,0], [0,2,2,0,0,0,0,0,0,0,0,0]) = 58752
N(5h+12f, 43, [0,1,0,0,0,0,0,0,0,0,0,0], [0,2,0,0,0,1,0,0,0,0,0,0]) = 19584
N(5h+12f, 43, [0,1,0,0,0,0,0,0,0,0,0,0], [0,1,1,0,1,0,0,0,0,0,0,0]) = 48960
N(5h+12f, 43, [0,1,0,0,0,0,0,0,0,0,0,0], [0,1,0,2,0,0,0,0,0,0,0,0]) = 26112
N(5h+12f, 43, [0,1,0,0,0,0,0,0,0,0,0,0], [0,1,0,0,0,0,0,1,0,0,0,0]) = 8704
N(5h+12f, 43, [0,1,0,0,0,0,0,0,0,0,0,0], [0,0,2,1,0,0,0,0,0,0,0,0]) = 29376
N(5h+12f, 43, [0,1,0,0,0,0,0,0,0,0,0,0], [0,0,1,0,0,0,1,0,0,0,0,0]) = 11424
N(5h+12f, 43, [0,1,0,0,0,0,0,0,0,0,0,0], [0,0,0,1,0,1,0,0,0,0,0,0]) = 13056
N(5h+12f, 43, [0,1,0,0,0,0,0,0,0,0,0,0], [0,0,0,0,2,0,0,0,0,0,0,0]) = 6800
N(5h+12f, 43, [0,1,0,0,0,0,0,0,0,0,0,0], [0,0,0,0,0,0,0,0,0,1,0,0]) = 2720
N(5h+12f, 43, [1,0,0,0,0,0,0,0,0,0,0,0], [11,0,0,0,0,0,0,0,0,0,0,0]) = 296
N(5h+12f, 43, [1,0,0,0,0,0,0,0,0,0,0,0], [9,1,0,0,0,0,0,0,0,0,0,0]) = 5856
N(5h+12f, 43, [1,0,0,0,0,0,0,0,0,0,0,0], [8,0,1,0,0,0,0,0,0,0,0,0]) = 7875
N(5h+12f, 43, [1,0,0,0,0,0,0,0,0,0,0,0], [7,2,0,0,0,0,0,0,0,0,0,0]) = 41664
N(5h+12f, 43, [1,0,0,0,0,0,0,0,0,0,0,0], [7,0,0,1,0,0,0,0,0,0,0,0]) = 9296
N(5h+12f, 43, [1,0,0,0,0,0,0,0,0,0,0,0], [6,1,1,0,0,0,0,0,0,0,0,0]) = 96768
N(5h+12f, 43, [1,0,0,0,0,0,0,0,0,0,0,0], [6,0,0,0,1,0,0,0,0,0,0,0]) = 10125
N(5h+12f, 43, [1,0,0,0,0,0,0,0,0,0,0,0], [5,3,0,0,0,0,0,0,0,0,0,0]) = 127904
N(5h+12f, 43, [1,0,0,0,0,0,0,0,0,0,0,0], [5,1,0,1,0,0,0,0,0,0,0,0]) = 96288
N(5h+12f, 43, [1,0,0,0,0,0,0,0,0,0,0,0], [5,0,2,0,0,0,0,0,0,0,0,0]) = 54162
N(5h+12f, 43, [1,0,0,0,0,0,0,0,0,0,0,0], [5,0,0,0,0,1,0,0,0,0,0,0]) = 10368
N(5h+12f, 43, [1,0,0,0,0,0,0,0,0,0,0,0], [4,2,1,0,0,0,0,0,0,0,0,0]) = 357660
N(5h+12f, 43, [1,0,0,0,0,0,0,0,0,0,0,0], [4,1,0,0,1,0,0,0,0,0,0,0]) = 85500
N(5h+12f, 43, [1,0,0,0,0,0,0,0,0,0,0,0], [4,0,1,1,0,0,0,0,0,0,0,0]) = 102600
N(5h+12f, 43, [1,0,0,0,0,0,0,0,0,0,0,0], [4,0,0,0,0,0,1,0,0,0,0,0]) = 10031
N(5h+12f, 43, [1,0,0,0,0,0,0,0,0,0,0,0], [3,4,0,0,0,0,0,0,0,0,0,0]) = 157440
N(5h+12f, 43, [1,0,0,0,0,0,0,0,0,0,0,0], [3,2,0,1,0,0,0,0,0,0,0,0]) = 270720
N(5h+12f, 43, [1,0,0,0,0,0,0,0,0,0,0,0], [3,1,2,0,0,0,0,0,0,0,0,0]) = 304560
N(5h+12f, 43, [1,0,0,0,0,0,0,0,0,0,0,0], [3,1,0,0,0,1,0,0,0,0,0,0]) = 67968
N(5h+12f, 43, [1,0,0,0,0,0,0,0,0,0,0,0], [3,0,1,0,1,0,0,0,0,0,0,0]) = 84960
N(5h+12f, 43, [1,0,0,0,0,0,0,0,0,0,0,0], [3,0,0,2,0,0,0,0,0,0,0,0]) = 45312
N(5h+12f, 43, [1,0,0,0,0,0,0,0,0,0,0,0], [3,0,0,0,0,0,0,1,0,0,0,0]) = 9120
N(5h+12f, 43, [1,0,0,0,0,0,0,0,0,0,0,0], [2,3,1,0,0,0,0,0,0,0,0,0]) = 401760
N(5h+12f, 43, [1,0,0,0,0,0,0,0,0,0,0,0], [2,2,0,0,1,0,0,0,0,0,0,0]) = 167880
N(5h+12f, 43, [1,0,0,0,0,0,0,0,0,0,0,0], [2,1,1,1,0,0,0,0,0,0,0,0]) = 402912
N(5h+12f, 43, [1,0,0,0,0,0,0,0,0,0,0,0], [2,1,0,0,0,0,1,0,0,0,0,0]) = 47208
N(5h+12f, 43, [1,0,0,0,0,0,0,0,0,0,0,0], [2,0,3,0,0,0,0,0,0,0,0,0]) = 75546
N(5h+12f, 43, [1,0,0,0,0,0,0,0,0,0,0,0], [2,0,1,0,0,1,0,0,0,0,0,0]) = 60696
N(5h+12f, 43, [1,0,0,0,0,0,0,0,0,0,0,0], [2,0,0,1,1,0,0,0,0,0,0,0]) = 67440
N(5h+12f, 43, [1,0,0,0,0,0,0,0,0,0,0,0], [2,0,0,0,0,0,0,0,1,0,0,0]) = 7641
N(5h+12f, 43, [1,0,0,0,0,0,0,0,0,0,0,0], [1,5,0,0,0,0,0,0,0,0,0,0]) = 52992
N(5h+12f, 43, [1,0,0,0,0,0,0,0,0,0,0,0], [1,3,0,1,0,0,0,0,0,0,0,0]) = 176896
N(5h+12f, 43, [1,0,0,0,0,0,0,0,0,0,0,0], [1,2,2,0,0,0,0,0,0,0,0,0]) = 298512
N(5h+12f, 43, [1,0,0,0,0,0,0,0,0,0,0,0], [1,2,0,0,0,1,0,0,0,0,0,0]) = 79776
N(5h+12f, 43, [1,0,0,0,0,0,0,0,0,0,0,0], [1,1,1,0,1,0,0,0,0,0,0,0]) = 199440
N(5h+12f, 43, [1,0,0,0,0,0,0,0,0,0,0,0], [1,1,0,2,0,0,0,0,0,0,0,0]) = 106368
N(5h+12f, 43, [1,0,0,0,0,0,0,0,0,0,0,0], [1,1,0,0,0,0,0,1,0,0,0,0]) = 26688
N(5h+12f, 43, [1,0,0,0,0,0,0,0,0,0,0,0], [1,0,2,1,0,0,0,0,0,0,0,0]) = 119664
N(5h+12f, 43, [1,0,0,0,0,0,0,0,0,0,0,0], [1,0,1,0,0,0,1,0,0,0,0,0]) = 35028
N(5h+12f, 43, [1,0,0,0,0,0,0,0,0,0,0,0], [1,0,0,1,0,1,0,0,0,0,0,0]) = 40032
N(5h+12f, 43, [1,0,0,0,0,0,0,0,0,0,0,0], [1,0,0,0,2,0,0,0,0,0,0,0]) = 20850
N(5h+12f, 43, [1,0,0,0,0,0,0,0,0,0,0,0], [1,0,0,0,0,0,0,0,0,1,0,0]) = 5600
N(5h+12f, 43, [1,0,0,0,0,0,0,0,0,0,0,0], [0,4,1,0,0,0,0,0,0,0,0,0]) = 65520
N(5h+12f, 43, [1,0,0,0,0,0,0,0,0,0,0,0], [0,3,0,0,1,0,0,0,0,0,0,0]) = 43680
N(5h+12f, 43, [1,0,0,0,0,0,0,0,0,0,0,0], [0,2,1,1,0,0,0,0,0,0,0,0]) = 157248
N(5h+12f, 43, [1,0,0,0,0,0,0,0,0,0,0,0], [0,2,0,0,0,0,1,0,0,0,0,0]) = 22932
N(5h+12f, 43, [1,0,0,0,0,0,0,0,0,0,0,0], [0,1,3,0,0,0,0,0,0,0,0,0]) = 58968
N(5h+12f, 43, [1,0,0,0,0,0,0,0,0,0,0,0], [0,1,1,0,0,1,0,0,0,0,0,0]) = 58968
N(5h+12f, 43, [1,0,0,0,0,0,0,0,0,0,0,0], [0,1,0,1,1,0,0,0,0,0,0,0]) = 65520
N(5h+12f, 43, [1,0,0,0,0,0,0,0,0,0,0,0], [0,1,0,0,0,0,0,0,1,0,0,0]) = 9828
N(5h+12f, 43, [1,0,0,0,0,0,0,0,0,0,0,0], [0,0,2,0,1,0,0,0,0,0,0,0]) = 36855
N(5h+12f, 43, [1,0,0,0,0,0,0,0,0,0,0,0], [0,0,1,2,0,0,0,0,0,0,0,0]) = 39312
N(5h+12f, 43, [1,0,0,0,0,0,0,0,0,0,0,0], [0,0,1,0,0,0,0,1,0,0,0,0]) = 13104
N(5h+12f, 43, [1,0,0,0,0,0,0,0,0,0,0,0], [0,0,0,1,0,0,1,0,0,0,0,0]) = 15288
N(5h+12f, 43, [1,0,0,0,0,0,0,0,0,0,0,0], [0,0,0,0,1,1,0,0,0,0,0,0]) = 16380
N(5h+12f, 43, [1,0,0,0,0,0,0,0,0,0,0,0], [0,0,0,0,0,0,0,0,0,0,1,0]) = 3003
N(5h+12f, 43, [0,0,0,0,0,0,0,0,0,0,0,0], [12,0,0,0,0,0,0,0,0,0,0,0]) = 296
N(5h+12f, 43, [0,0,0,0,0,0,0,0,0,0,0,0], [10,1,0,0,0,0,0,0,0,0,0,0]) = 6444
N(5h+12f, 43, [0,0,0,0,0,0,0,0,0,0,0,0], [9,0,1,0,0,0,0,0,0,0,0,0]) = 8754
N(5h+12f, 43, [0,0,0,0,0,0,0,0,0,0,0,0], [8,2,0,0,0,0,0,0,0,0,0,0]) = 52128
N(5h+12f, 43, [0,0,0,0,0,0,0,0,0,0,0,0], [8,0,0,1,0,0,0,0,0,0,0,0]) = 10464
N(5h+12f, 43, [0,0,0,0,0,0,0,0,0,0,0,0], [7,1,1,0,0,0,0,0,0,0,0,0]) = 124560
N(5h+12f, 43, [0,0,0,0,0,0,0,0,0,0,0,0], [7,0,0,0,1,0,0,0,0,0,0,0]) = 11580
N(5h+12f, 43, [0,0,0,0,0,0,0,0,0,0,0,0], [6,3,0,0,0,0,0,0,0,0,0,0]) = 192192
N(5h+12f, 43, [0,0,0,0,0,0,0,0,0,0,0,0], [6,1,0,1,0,0,0,0,0,0,0,0]) = 128576
N(5h+12f, 43, [0,0,0,0,0,0,0,0,0,0,0,0], [6,0,2,0,0,0,0,0,0,0,0,0]) = 72324
N(5h+12f, 43, [0,0,0,0,0,0,0,0,0,0,0,0], [6,0,0,0,0,1,0,0,0,0,0,0]) = 12108
N(5h+12f, 43, [0,0,0,0,0,0,0,0,0,0,0,0], [5,2,1,0,0,0,0,0,0,0,0,0]) = 573552
N(5h+12f, 43, [0,0,0,0,0,0,0,0,0,0,0,0], [5,1,0,0,1,0,0,0,0,0,0,0]) = 119940
N(5h+12f, 43, [0,0,0,0,0,0,0,0,0,0,0,0], [5,0,1,1,0,0,0,0,0,0,0,0]) = 143928
N(5h+12f, 43, [0,0,0,0,0,0,0,0,0,0,0,0], [5,0,0,0,0,0,1,0,0,0,0,0]) = 12054
N(5h+12f, 43, [0,0,0,0,0,0,0,0,0,0,0,0], [4,4,0,0,0,0,0,0,0,0,0,0]) = 315840
N(5h+12f, 43, [0,0,0,0,0,0,0,0,0,0,0,0], [4,2,0,1,0,0,0,0,0,0,0,0]) = 475200
N(5h+12f, 43, [0,0,0,0,0,0,0,0,0,0,0,0], [4,1,2,0,0,0,0,0,0,0,0,0]) = 534600
N(5h+12f, 43, [0,0,0,0,0,0,0,0,0,0,0,0], [4,1,0,0,0,1,0,0,0,0,0,0]) = 102240
N(5h+12f, 43, [0,0,0,0,0,0,0,0,0,0,0,0], [4,0,1,0,1,0,0,0,0,0,0,0]) = 127800
N(5h+12f, 43, [0,0,0,0,0,0,0,0,0,0,0,0], [4,0,0,2,0,0,0,0,0,0,0,0]) = 68160
N(5h+12f, 43, [0,0,0,0,0,0,0,0,0,0,0,0], [4,0,0,0,0,0,0,1,0,0,0,0]) = 11424
N(5h+12f, 43, [0,0,0,0,0,0,0,0,0,0,0,0], [3,3,1,0,0,0,0,0,0,0,0,0]) = 941280
N(5h+12f, 43, [0,0,0,0,0,0,0,0,0,0,0,0], [3,2,0,0,1,0,0,0,0,0,0,0]) = 337200
N(5h+12f, 43, [0,0,0,0,0,0,0,0,0,0,0,0], [3,1,1,1,0,0,0,0,0,0,0,0]) = 809280
N(5h+12f, 43, [0,0,0,0,0,0,0,0,0,0,0,0], [3,1,0,0,0,0,1,0,0,0,0,0]) = 79016
N(5h+12f, 43, [0,0,0,0,0,0,0,0,0,0,0,0], [3,0,3,0,0,0,0,0,0,0,0,0]) = 151740
N(5h+12f, 43, [0,0,0,0,0,0,0,0,0,0,0,0], [3,0,1,0,0,1,0,0,0,0,0,0]) = 101592
N(5h+12f, 43, [0,0,0,0,0,0,0,0,0,0,0,0], [3,0,0,1,1,0,0,0,0,0,0,0]) = 112880
N(5h+12f, 43, [0,0,0,0,0,0,0,0,0,0,0,0], [3,0,0,0,0,0,0,0,1,0,0,0]) = 10224
N(5h+12f, 43, [0,0,0,0,0,0,0,0,0,0,0,0], [2,5,0,0,0,0,0,0,0,0,0,0]) = 186432
N(5h+12f, 43, [0,0,0,0,0,0,0,0,0,0,0,0], [2,3,0,1,0,0,0,0,0,0,0,0]) = 533760
N(5h+12f, 43, [0,0,0,0,0,0,0,0,0,0,0,0], [2,2,2,0,0,0,0,0,0,0,0,0]) = 900720
N(5h+12f, 43, [0,0,0,0,0,0,0,0,0,0,0,0], [2,2,0,0,0,1,0,0,0,0,0,0]) = 200736
N(5h+12f, 43, [0,0,0,0,0,0,0,0,0,0,0,0], [2,1,1,0,1,0,0,0,0,0,0,0]) = 501840
N(5h+12f, 43, [0,0,0,0,0,0,0,0,0,0,0,0], [2,1,0,2,0,0,0,0,0,0,0,0]) = 267648
N(5h+12f, 43, [0,0,0,0,0,0,0,0,0,0,0,0], [2,1,0,0,0,0,0,1,0,0,0,0]) = 53760
N(5h+12f, 43, [0,0,0,0,0,0,0,0,0,0,0,0], [2,0,2,1,0,0,0,0,0,0,0,0]) = 301104
N(5h+12f, 43, [0,0,0,0,0,0,0,0,0,0,0,0], [2,0,1,0,0,0,1,0,0,0,0,0]) = 70560
N(5h+12f, 43, [0,0,0,0,0,0,0,0,0,0,0,0], [2,0,0,1,0,1,0,0,0,0,0,0]) = 80640
N(5h+12f, 43, [0,0,0,0,0,0,0,0,0,0,0,0], [2,0,0,0,2,0,0,0,0,0,0,0]) = 42000
N(5h+12f, 43, [0,0,0,0,0,0,0,0,0,0,0,0], [2,0,0,0,0,0,0,0,0,1,0,0]) = 8460
N(5h+12f, 43, [0,0,0,0,0,0,0,0,0,0,0,0], [1,4,1,0,0,0,0,0,0,0,0,0]) = 396000
N(5h+12f, 43, [0,0,0,0,0,0,0,0,0,0,0,0], [1,3,0,0,1,0,0,0,0,0,0,0]) = 220320
N(5h+12f, 43, [0,0,0,0,0,0,0,0,0,0,0,0], [1,2,1,1,0,0,0,0,0,0,0,0]) = 793152
N(5h+12f, 43, [0,0,0,0,0,0,0,0,0,0,0,0], [1,2,0,0,0,0,1,0,0,0,0,0]) = 92736
N(5h+12f, 43, [0,0,0,0,0,0,0,0,0,0,0,0], [1,1,3,0,0,0,0,0,0,0,0,0]) = 297432
N(5h+12f, 43, [0,0,0,0,0,0,0,0,0,0,0,0], [1,1,1,0,0,1,0,0,0,0,0,0]) = 238464
N(5h+12f, 43, [0,0,0,0,0,0,0,0,0,0,0,0], [1,1,0,1,1,0,0,0,0,0,0,0]) = 264960
N(5h+12f, 43, [0,0,0,0,0,0,0,0,0,0,0,0], [1,1,0,0,0,0,0,0,1,0,0,0]) = 29916
N(5h+12f, 43, [0,0,0,0,0,0,0,0,0,0,0,0], [1,0,2,0,1,0,0,0,0,0,0,0]) = 149040
N(5h+12f, 43, [0,0,0,0,0,0,0,0,0,0,0,0], [1,0,1,2,0,0,0,0,0,0,0,0]) = 158976
N(5h+12f, 43, [0,0,0,0,0,0,0,0,0,0,0,0], [1,0,1,0,0,0,0,1,0,0,0,0]) = 39888
N(5h+12f, 43, [0,0,0,0,0,0,0,0,0,0,0,0], [1,0,0,1,0,0,1,0,0,0,0,0]) = 46536
N(5h+12f, 43, [0,0,0,0,0,0,0,0,0,0,0,0], [1,0,0,0,1,1,0,0,0,0,0,0]) = 49860
N(5h+12f, 43, [0,0,0,0,0,0,0,0,0,0,0,0], [1,0,0,0,0,0,0,0,0,0,1,0]) = 6138
N(5h+12f, 43, [0,0,0,0,0,0,0,0,0,0,0,0], [0,6,0,0,0,0,0,0,0,0,0,0]) = 17408
N(5h+12f, 43, [0,0,0,0,0,0,0,0,0,0,0,0], [0,4,0,1,0,0,0,0,0,0,0,0]) = 87040
N(5h+12f, 43, [0,0,0,0,0,0,0,0,0,0,0,0], [0,3,2,0,0,0,0,0,0,0,0,0]) = 195840
N(5h+12f, 43, [0,0,0,0,0,0,0,0,0,0,0,0], [0,3,0,0,0,1,0,0,0,0,0,0]) = 52224
N(5h+12f, 43, [0,0,0,0,0,0,0,0,0,0,0,0], [0,2,1,0,1,0,0,0,0,0,0,0]) = 195840
N(5h+12f, 43, [0,0,0,0,0,0,0,0,0,0,0,0], [0,2,0,2,0,0,0,0,0,0,0,0]) = 104448
N(5h+12f, 43, [0,0,0,0,0,0,0,0,0,0,0,0], [0,2,0,0,0,0,0,1,0,0,0,0]) = 26112
N(5h+12f, 43, [0,0,0,0,0,0,0,0,0,0,0,0], [0,1,2,1,0,0,0,0,0,0,0,0]) = 235008
N(5h+12f, 43, [0,0,0,0,0,0,0,0,0,0,0,0], [0,1,1,0,0,0,1,0,0,0,0,0]) = 68544
N(5h+12f, 43, [0,0,0,0,0,0,0,0,0,0,0,0], [0,1,0,1,0,1,0,0,0,0,0,0]) = 78336
N(5h+12f, 43, [0,0,0,0,0,0,0,0,0,0,0,0], [0,1,0,0,2,0,0,0,0,0,0,0]) = 40800
N(5h+12f, 43, [0,0,0,0,0,0,0,0,0,0,0,0], [0,1,0,0,0,0,0,0,0,1,0,0]) = 10880
N(5h+12f, 43, [0,0,0,0,0,0,0,0,0,0,0,0], [0,0,4,0,0,0,0,0,0,0,0,0]) = 22032
N(5h+12f, 43, [0,0,0,0,0,0,0,0,0,0,0,0], [0,0,2,0,0,1,0,0,0,0,0,0]) = 44064
N(5h+12f, 43, [0,0,0,0,0,0,0,0,0,0,0,0], [0,0,1,1,1,0,0,0,0,0,0,0]) = 97920
N(5h+12f, 43, [0,0,0,0,0,0,0,0,0,0,0,0], [0,0,1,0,0,0,0,0,1,0,0,0]) = 14688
N(5h+12f, 43, [0,0,0,0,0,0,0,0,0,0,0,0], [0,0,0,3,0,0,0,0,0,0,0,0]) = 17408
N(5h+12f, 43, [0,0,0,0,0,0,0,0,0,0,0,0], [0,0,0,1,0,0,0,1,0,0,0,0]) = 17408
N(5h+12f, 43, [0,0,0,0,0,0,0,0,0,0,0,0], [0,0,0,0,1,0,1,0,0,0,0,0]) = 19040
N(5h+12f, 43, [0,0,0,0,0,0,0,0,0,0,0,0], [0,0,0,0,0,2,0,0,0,0,0,0]) = 9792
N(5h+12f, 43, [0,0,0,0,0,0,0,0,0,0,0,0], [0,0,0,0,0,0,0,0,0,0,0,1]) = 3264
