N(O(11), 10, [11,0,0,0,0,0,0,0,0,0,0,0,0], [0,0,0,0,0,0,0,0,0,0,0,0,0]) = 132440893876686654
N(O(11), 10, [9,1,0,0,0,0,0,0,0,0,0,0,0], [0,0,0,0,0,0,0,0,0,0,0,0,0]) = 121089533021986862
N(O(11), 10, [8,0,1,0,0,0,0,0,0,0,0,0,0], [0,0,0,0,0,0,0,0,0,0,0,0,0]) = 115436622968041368
N(O(11), 10, [7,2,0,0,0,0,0,0,0,0,0,0,0], [0,0,0,0,0,0,0,0,0,0,0,0,0]) = 110615507174347834
N(O(11), 10, [7,0,0,1,0,0,0,0,0,0,0,0,0], [0,0,0,0,0,0,0,0,0,0,0,0,0]) = 110207199662099488
N(O(11), 10, [6,1,1,0,0,0,0,0,0,0,0,0,0], [0,0,0,0,0,0,0,0,0,0,0,0,0]) = 105399895482719258
N(O(11), 10, [6,0,0,0,1,0,0,0,0,0,0,0,0], [0,0,0,0,0,0,0,0,0,0,0,0,0]) = 105195969536854459
N(O(11), 10, [5,3,0,0,0,0,0,0,0,0,0,0,0], [0,0,0,0,0,0,0,0,0,0,0,0,0]) = 100958464110033090
N(O(11), 10, [5,1,0,1,0,0,0,0,0,0,0,0,0], [0,0,0,0,0,0,0,0,0,0,0,0,0]) = 100578507205365992
N(O(11), 10, [5,0,2,0,0,0,0,0,0,0,0,0,0], [0,0,0,0,0,0,0,0,0,0,0,0,0]) = 100402249539347808
N(O(11), 10, [5,0,0,0,0,1,0,0,0,0,0,0,0], [0,0,0,0,0,0,0,0,0,0,0,0,0]) = 100388529119269362
N(O(11), 10, [4,2,1,0,0,0,0,0,0,0,0,0,0], [0,0,0,0,0,0,0,0,0,0,0,0,0]) = 96150045233063392
N(O(11), 10, [4,1,0,0,1,0,0,0,0,0,0,0,0], [0,0,0,0,0,0,0,0,0,0,0,0,0]) = 95960282843285737
N(O(11), 10, [4,0,1,1,0,0,0,0,0,0,0,0,0], [0,0,0,0,0,0,0,0,0,0,0,0,0]) = 95784229867019518
N(O(11), 10, [4,0,0,0,0,0,1,0,0,0,0,0,0], [0,0,0,0,0,0,0,0,0,0,0,0,0]) = 95777375282342537
N(O(11), 10, [3,4,0,0,0,0,0,0,0,0,0,0,0], [0,0,0,0,0,0,0,0,0,0,0,0,0]) = 92061686397682310
N(O(11), 10, [3,2,0,1,0,0,0,0,0,0,0,0,0], [0,0,0,0,0,0,0,0,0,0,0,0,0]) = 91708356789578220
N(O(11), 10, [3,1,2,0,0,0,0,0,0,0,0,0,0], [0,0,0,0,0,0,0,0,0,0,0,0,0]) = 91544574573669392
N(O(11), 10, [3,1,0,0,0,1,0,0,0,0,0,0,0], [0,0,0,0,0,0,0,0,0,0,0,0,0]) = 91531692339110078
N(O(11), 10, [3,0,1,0,1,0,0,0,0,0,0,0,0], [0,0,0,0,0,0,0,0,0,0,0,0,0]) = 91361877085842403
N(O(11), 10, [3,0,0,2,0,0,0,0,0,0,0,0,0], [0,0,0,0,0,0,0,0,0,0,0,0,0]) = 91355843816978154
N(O(11), 10, [3,0,0,0,0,0,0,1,0,0,0,0,0], [0,0,0,0,0,0,0,0,0,0,0,0,0]) = 91355435970671346
N(O(11), 10, [2,3,1,0,0,0,0,0,0,0,0,0,0], [0,0,0,0,0,0,0,0,0,0,0,0,0]) = 87632169155678514
N(O(11), 10, [2,2,0,0,1,0,0,0,0,0,0,0,0], [0,0,0,0,0,0,0,0,0,0,0,0,0]) = 87455709170849899
N(O(11), 10, [2,1,1,1,0,0,0,0,0,0,0,0,0], [0,0,0,0,0,0,0,0,0,0,0,0,0]) = 87292120892856716
N(O(11), 10, [2,1,0,0,0,0,1,0,0,0,0,0,0], [0,0,0,0,0,0,0,0,0,0,0,0,0]) = 87285685157300067
N(O(11), 10, [2,0,3,0,0,0,0,0,0,0,0,0,0], [0,0,0,0,0,0,0,0,0,0,0,0,0]) = 87134560968611790
N(O(11), 10, [2,0,1,0,0,1,0,0,0,0,0,0,0], [0,0,0,0,0,0,0,0,0,0,0,0,0]) = 87122097108705318
N(O(11), 10, [2,0,0,1,1,0,0,0,0,0,0,0,0], [0,0,0,0,0,0,0,0,0,0,0,0,0]) = 87116068982248993
N(O(11), 10, [2,0,0,0,0,0,0,0,1,0,0,0,0], [0,0,0,0,0,0,0,0,0,0,0,0,0]) = 87115865178752781
N(O(11), 10, [1,5,0,0,0,0,0,0,0,0,0,0,0], [0,0,0,0,0,0,0,0,0,0,0,0,0]) = 83871903799356838
N(O(11), 10, [1,3,0,1,0,0,0,0,0,0,0,0,0], [0,0,0,0,0,0,0,0,0,0,0,0,0]) = 83543567938651628
N(O(11), 10, [1,2,2,0,0,0,0,0,0,0,0,0,0], [0,0,0,0,0,0,0,0,0,0,0,0,0]) = 83391488271438148
N(O(11), 10, [1,2,0,0,0,1,0,0,0,0,0,0,0], [0,0,0,0,0,0,0,0,0,0,0,0,0]) = 83379400349556958
N(O(11), 10, [1,1,1,0,1,0,0,0,0,0,0,0,0], [0,0,0,0,0,0,0,0,0,0,0,0,0]) = 83221663343908903
N(O(11), 10, [1,1,0,2,0,0,0,0,0,0,0,0,0], [0,0,0,0,0,0,0,0,0,0,0,0,0]) = 83216005782077226
N(O(11), 10, [1,1,0,0,0,0,0,1,0,0,0,0,0], [0,0,0,0,0,0,0,0,0,0,0,0,0]) = 83215619385022402
N(O(11), 10, [1,0,2,1,0,0,0,0,0,0,0,0,0], [0,0,0,0,0,0,0,0,0,0,0,0,0]) = 83064291987821698
N(O(11), 10, [1,0,1,0,0,0,1,0,0,0,0,0,0], [0,0,0,0,0,0,0,0,0,0,0,0,0]) = 83058065317853612
N(O(11), 10, [1,0,0,1,0,1,0,0,0,0,0,0,0], [0,0,0,0,0,0,0,0,0,0,0,0,0]) = 83052225044887244
N(O(11), 10, [1,0,0,0,2,0,0,0,0,0,0,0,0], [0,0,0,0,0,0,0,0,0,0,0,0,0]) = 83052042331752264
N(O(11), 10, [1,0,0,0,0,0,0,0,0,1,0,0,0], [0,0,0,0,0,0,0,0,0,0,0,0,0]) = 83052031846386618
N(O(11), 10, [0,4,1,0,0,0,0,0,0,0,0,0,0], [0,0,0,0,0,0,0,0,0,0,0,0,0]) = 79794717684901400
N(O(11), 10, [0,3,0,0,1,0,0,0,0,0,0,0,0], [0,0,0,0,0,0,0,0,0,0,0,0,0]) = 79630743817518505
N(O(11), 10, [0,2,1,1,0,0,0,0,0,0,0,0,0], [0,0,0,0,0,0,0,0,0,0,0,0,0]) = 79478847806501646
N(O(11), 10, [0,2,0,0,0,0,1,0,0,0,0,0,0], [0,0,0,0,0,0,0,0,0,0,0,0,0]) = 79472808992071041
N(O(11), 10, [0,1,3,0,0,0,0,0,0,0,0,0,0], [0,0,0,0,0,0,0,0,0,0,0,0,0]) = 79332604661098820
N(O(11), 10, [0,1,1,0,0,1,0,0,0,0,0,0,0], [0,0,0,0,0,0,0,0,0,0,0,0,0]) = 79320913202398808
N(O(11), 10, [0,1,0,1,1,0,0,0,0,0,0,0,0], [0,0,0,0,0,0,0,0,0,0,0,0,0]) = 79315260556077387
N(O(11), 10, [0,1,0,0,0,0,0,0,1,0,0,0,0], [0,0,0,0,0,0,0,0,0,0,0,0,0]) = 79315067473049495
N(O(11), 10, [0,0,2,0,1,0,0,0,0,0,0,0,0], [0,0,0,0,0,0,0,0,0,0,0,0,0]) = 79169200233756898
N(O(11), 10, [0,0,1,2,0,0,0,0,0,0,0,0,0], [0,0,0,0,0,0,0,0,0,0,0,0,0]) = 79163730191173476
N(O(11), 10, [0,0,1,0,0,0,0,1,0,0,0,0,0], [0,0,0,0,0,0,0,0,0,0,0,0,0]) = 79163354506433736
N(O(11), 10, [0,0,0,1,0,0,1,0,0,0,0,0,0], [0,0,0,0,0,0,0,0,0,0,0,0,0]) = 79157701862112143
N(O(11), 10, [0,0,0,0,1,1,0,0,0,0,0,0,0], [0,0,0,0,0,0,0,0,0,0,0,0,0]) = 79157519260373512
N(O(11), 10, [0,0,0,0,0,0,0,0,0,0,1,0,0], [0,0,0,0,0,0,0,0,0,0,0,0,0]) = 79157514019742274
N(O(11), 10, [10,0,0,0,0,0,0,0,0,0,0,0,0], [1,0,0,0,0,0,0,0,0,0,0,0,0]) = 183238476001453140
N(O(11), 10, [8,1,0,0,0,0,0,0,0,0,0,0,0], [1,0,0,0,0,0,0,0,0,0,0,0,0]) = 168287604123167270
N(O(11), 10, [7,0,1,0,0,0,0,0,0,0,0,0,0], [1,0,0,0,0,0,0,0,0,0,0,0,0]) = 160840054266444489
N(O(11), 10, [6,2,0,0,0,0,0,0,0,0,0,0,0], [1,0,0,0,0,0,0,0,0,0,0,0,0]) = 154438261401787552
N(O(11), 10, [6,0,0,1,0,0,0,0,0,0,0,0,0], [1,0,0,0,0,0,0,0,0,0,0,0,0]) = 153924677701318424
N(O(11), 10, [5,1,1,0,0,0,0,0,0,0,0,0,0], [1,0,0,0,0,0,0,0,0,0,0,0,0]) = 147539872250762291
N(O(11), 10, [5,0,0,0,1,0,0,0,0,0,0,0,0], [1,0,0,0,0,0,0,0,0,0,0,0,0]) = 147283347288721465
N(O(11), 10, [4,3,0,0,0,0,0,0,0,0,0,0,0], [1,0,0,0,0,0,0,0,0,0,0,0,0]) = 141618063493170066
N(O(11), 10, [4,1,0,1,0,0,0,0,0,0,0,0,0], [1,0,0,0,0,0,0,0,0,0,0,0,0]) = 141138533486402058
N(O(11), 10, [4,0,2,0,0,0,0,0,0,0,0,0,0], [1,0,0,0,0,0,0,0,0,0,0,0,0]) = 140915262767490738
N(O(11), 10, [4,0,0,0,0,1,0,0,0,0,0,0,0], [1,0,0,0,0,0,0,0,0,0,0,0,0]) = 140898768886134876
N(O(11), 10, [3,2,1,0,0,0,0,0,0,0,0,0,0], [1,0,0,0,0,0,0,0,0,0,0,0,0]) = 135232722218700589
N(O(11), 10, [3,1,0,0,1,0,0,0,0,0,0,0,0], [1,0,0,0,0,0,0,0,0,0,0,0,0]) = 134993210893666045
N(O(11), 10, [3,0,1,1,0,0,0,0,0,0,0,0,0], [1,0,0,0,0,0,0,0,0,0,0,0,0]) = 134770181055692105
N(O(11), 10, [3,0,0,0,0,0,1,0,0,0,0,0,0], [1,0,0,0,0,0,0,0,0,0,0,0,0]) = 134761940446533836
N(O(11), 10, [2,4,0,0,0,0,0,0,0,0,0,0,0], [1,0,0,0,0,0,0,0,0,0,0,0,0]) = 129758802740345292
N(O(11), 10, [2,2,0,1,0,0,0,0,0,0,0,0,0], [1,0,0,0,0,0,0,0,0,0,0,0,0]) = 129311343873802340
N(O(11), 10, [2,1,2,0,0,0,0,0,0,0,0,0,0], [1,0,0,0,0,0,0,0,0,0,0,0,0]) = 129103143827463008
N(O(11), 10, [2,1,0,0,0,1,0,0,0,0,0,0,0], [1,0,0,0,0,0,0,0,0,0,0,0,0]) = 129087614830189206
N(O(11), 10, [2,0,1,0,1,0,0,0,0,0,0,0,0], [1,0,0,0,0,0,0,0,0,0,0,0,0]) = 128872120326286594
N(O(11), 10, [2,0,0,2,0,0,0,0,0,0,0,0,0], [1,0,0,0,0,0,0,0,0,0,0,0,0]) = 128864825613436764
N(O(11), 10, [2,0,0,0,0,0,0,1,0,0,0,0,0], [1,0,0,0,0,0,0,0,0,0,0,0,0]) = 128864355829892532
N(O(11), 10, [1,3,1,0,0,0,0,0,0,0,0,0,0], [1,0,0,0,0,0,0,0,0,0,0,0,0]) = 123852481574045535
N(O(11), 10, [1,2,0,0,1,0,0,0,0,0,0,0,0], [1,0,0,0,0,0,0,0,0,0,0,0,0]) = 123628993156070957
N(O(11), 10, [1,1,1,1,0,0,0,0,0,0,0,0,0], [1,0,0,0,0,0,0,0,0,0,0,0,0]) = 123421021860718455
N(O(11), 10, [1,1,0,0,0,0,1,0,0,0,0,0,0], [1,0,0,0,0,0,0,0,0,0,0,0,0]) = 123413263429293292
N(O(11), 10, [1,0,3,0,0,0,0,0,0,0,0,0,0], [1,0,0,0,0,0,0,0,0,0,0,0,0]) = 123220339721519397
N(O(11), 10, [1,0,1,0,0,1,0,0,0,0,0,0,0], [1,0,0,0,0,0,0,0,0,0,0,0,0]) = 123205292386986159
N(O(11), 10, [1,0,0,1,1,0,0,0,0,0,0,0,0], [1,0,0,0,0,0,0,0,0,0,0,0,0]) = 123198003481637379
N(O(11), 10, [1,0,0,0,0,0,0,0,1,0,0,0,0], [1,0,0,0,0,0,0,0,0,0,0,0,0]) = 123197768719720251
N(O(11), 10, [0,5,0,0,0,0,0,0,0,0,0,0,0], [1,0,0,0,0,0,0,0,0,0,0,0,0]) = 118796240834922846
N(O(11), 10, [0,3,0,1,0,0,0,0,0,0,0,0,0], [1,0,0,0,0,0,0,0,0,0,0,0,0]) = 118378969847325494
N(O(11), 10, [0,2,2,0,0,0,0,0,0,0,0,0,0], [1,0,0,0,0,0,0,0,0,0,0,0,0]) = 118184947396449910
N(O(11), 10, [0,2,0,0,0,1,0,0,0,0,0,0,0], [1,0,0,0,0,0,0,0,0,0,0,0,0]) = 118170334730064912
N(O(11), 10, [0,1,1,0,1,0,0,0,0,0,0,0,0], [1,0,0,0,0,0,0,0,0,0,0,0,0]) = 117969452230285516
N(O(11), 10, [0,1,0,2,0,0,0,0,0,0,0,0,0], [1,0,0,0,0,0,0,0,0,0,0,0,0]) = 117962591934729246
N(O(11), 10, [0,1,0,0,0,0,0,1,0,0,0,0,0], [1,0,0,0,0,0,0,0,0,0,0,0,0]) = 117962145899279486
N(O(11), 10, [0,0,2,1,0,0,0,0,0,0,0,0,0], [1,0,0,0,0,0,0,0,0,0,0,0,0]) = 117768992783656718
N(O(11), 10, [0,0,1,0,0,0,1,0,0,0,0,0,0], [1,0,0,0,0,0,0,0,0,0,0,0,0]) = 117761475051532430
N(O(11), 10, [0,0,0,1,0,1,0,0,0,0,0,0,0], [1,0,0,0,0,0,0,0,0,0,0,0,0]) = 117754403354802956
N(O(11), 10, [0,0,0,0,2,0,0,0,0,0,0,0,0], [1,0,0,0,0,0,0,0,0,0,0,0,0]) = 117754191951498940
N(O(11), 10, [0,0,0,0,0,0,0,0,0,1,0,0,0], [1,0,0,0,0,0,0,0,0,0,0,0,0]) = 117754180337105786
N(O(11), 10, [9,0,0,0,0,0,0,0,0,0,0,0,0], [2,0,0,0,0,0,0,0,0,0,0,0,0]) = 191584549480920867
N(O(11), 10, [9,0,0,0,0,0,0,0,0,0,0,0,0], [0,1,0,0,0,0,0,0,0,0,0,0,0]) = 245522150391138042
N(O(11), 10, [7,1,0,0,0,0,0,0,0,0,0,0,0], [2,0,0,0,0,0,0,0,0,0,0,0,0]) = 176158029548402429
N(O(11), 10, [7,1,0,0,0,0,0,0,0,0,0,0,0], [0,1,0,0,0,0,0,0,0,0,0,0,0]) = 224364766189135386
N(O(11), 10, [6,0,1,0,0,0,0,0,0,0,0,0,0], [2,0,0,0,0,0,0,0,0,0,0,0,0]) = 168473107219893195
N(O(11), 10, [6,0,1,0,0,0,0,0,0,0,0,0,0], [0,1,0,0,0,0,0,0,0,0,0,0,0]) = 213829099919181786
N(O(11), 10, [5,2,0,0,0,0,0,0,0,0,0,0,0], [2,0,0,0,0,0,0,0,0,0,0,0,0]) = 161856093618445587
N(O(11), 10, [5,2,0,0,0,0,0,0,0,0,0,0,0], [0,1,0,0,0,0,0,0,0,0,0,0,0]) = 204852643618380442
N(O(11), 10, [5,0,0,1,0,0,0,0,0,0,0,0,0], [2,0,0,0,0,0,0,0,0,0,0,0,0]) = 161331584566668977
N(O(11), 10, [5,0,0,1,0,0,0,0,0,0,0,0,0], [0,1,0,0,0,0,0,0,0,0,0,0,0]) = 204087379597688202
N(O(11), 10, [4,1,1,0,0,0,0,0,0,0,0,0,0], [2,0,0,0,0,0,0,0,0,0,0,0,0]) = 154731844435258283
N(O(11), 10, [4,1,1,0,0,0,0,0,0,0,0,0,0], [0,1,0,0,0,0,0,0,0,0,0,0,0]) = 195137002602456954
N(O(11), 10, [4,0,0,0,1,0,0,0,0,0,0,0,0], [2,0,0,0,0,0,0,0,0,0,0,0,0]) = 154469859293074617
N(O(11), 10, [4,0,0,0,1,0,0,0,0,0,0,0,0], [0,1,0,0,0,0,0,0,0,0,0,0,0]) = 194754804117527452
N(O(11), 10, [3,3,0,0,0,0,0,0,0,0,0,0,0], [2,0,0,0,0,0,0,0,0,0,0,0,0]) = 148605435099860925
N(O(11), 10, [3,3,0,0,0,0,0,0,0,0,0,0,0], [0,1,0,0,0,0,0,0,0,0,0,0,0]) = 186871836169576506
N(O(11), 10, [3,1,0,1,0,0,0,0,0,0,0,0,0], [2,0,0,0,0,0,0,0,0,0,0,0,0]) = 148115420887731727
N(O(11), 10, [3,1,0,1,0,0,0,0,0,0,0,0,0], [0,1,0,0,0,0,0,0,0,0,0,0,0]) = 186160071355200554
N(O(11), 10, [3,0,2,0,0,0,0,0,0,0,0,0,0], [2,0,0,0,0,0,0,0,0,0,0,0,0]) = 147887123651686203
N(O(11), 10, [3,0,2,0,0,0,0,0,0,0,0,0,0], [0,1,0,0,0,0,0,0,0,0,0,0,0]) = 185830073632651602
N(O(11), 10, [3,0,0,0,0,1,0,0,0,0,0,0,0], [2,0,0,0,0,0,0,0,0,0,0,0,0]) = 147870414185979969
N(O(11), 10, [3,0,0,0,0,1,0,0,0,0,0,0,0], [0,1,0,0,0,0,0,0,0,0,0,0,0]) = 185804189655967878
N(O(11), 10, [2,2,1,0,0,0,0,0,0,0,0,0,0], [2,0,0,0,0,0,0,0,0,0,0,0,0]) = 142005285486336999
N(O(11), 10, [2,2,1,0,0,0,0,0,0,0,0,0,0], [0,1,0,0,0,0,0,0,0,0,0,0,0]) = 177919382470592410
N(O(11), 10, [2,1,0,0,1,0,0,0,0,0,0,0,0], [2,0,0,0,0,0,0,0,0,0,0,0,0]) = 141760534491319409
N(O(11), 10, [2,1,0,0,1,0,0,0,0,0,0,0,0], [0,1,0,0,0,0,0,0,0,0,0,0,0]) = 177563911061239476
N(O(11), 10, [2,0,1,1,0,0,0,0,0,0,0,0,0], [2,0,0,0,0,0,0,0,0,0,0,0,0]) = 141532480507305461
N(O(11), 10, [2,0,1,1,0,0,0,0,0,0,0,0,0], [0,1,0,0,0,0,0,0,0,0,0,0,0]) = 177234302533790106
N(O(11), 10, [2,0,0,0,0,0,1,0,0,0,0,0,0], [2,0,0,0,0,0,0,0,0,0,0,0,0]) = 141524132136574346
N(O(11), 10, [2,0,0,0,0,0,1,0,0,0,0,0,0], [0,1,0,0,0,0,0,0,0,0,0,0,0]) = 177221371328822956
N(O(11), 10, [1,4,0,0,0,0,0,0,0,0,0,0,0], [2,0,0,0,0,0,0,0,0,0,0,0,0]) = 136336953276712803
N(O(11), 10, [1,4,0,0,0,0,0,0,0,0,0,0,0], [0,1,0,0,0,0,0,0,0,0,0,0,0]) = 170315310471192250
N(O(11), 10, [1,2,0,1,0,0,0,0,0,0,0,0,0], [2,0,0,0,0,0,0,0,0,0,0,0,0]) = 135879437259389681
N(O(11), 10, [1,2,0,1,0,0,0,0,0,0,0,0,0], [0,1,0,0,0,0,0,0,0,0,0,0,0]) = 169653768716787530
N(O(11), 10, [1,1,2,0,0,0,0,0,0,0,0,0,0], [2,0,0,0,0,0,0,0,0,0,0,0,0]) = 135666417303108851
N(O(11), 10, [1,1,2,0,0,0,0,0,0,0,0,0,0], [0,1,0,0,0,0,0,0,0,0,0,0,0]) = 169347289432007754
N(O(11), 10, [1,1,0,0,0,1,0,0,0,0,0,0,0], [2,0,0,0,0,0,0,0,0,0,0,0,0]) = 135650679641568537
N(O(11), 10, [1,1,0,0,0,1,0,0,0,0,0,0,0], [0,1,0,0,0,0,0,0,0,0,0,0,0]) = 169322998522877494
N(O(11), 10, [1,0,1,0,1,0,0,0,0,0,0,0,0], [2,0,0,0,0,0,0,0,0,0,0,0,0]) = 135430264295218815
N(O(11), 10, [1,0,1,0,1,0,0,0,0,0,0,0,0], [0,1,0,0,0,0,0,0,0,0,0,0,0]) = 169005149210305336
N(O(11), 10, [1,0,0,2,0,0,0,0,0,0,0,0,0], [2,0,0,0,0,0,0,0,0,0,0,0,0]) = 135422868649079971
N(O(11), 10, [1,0,0,2,0,0,0,0,0,0,0,0,0], [0,1,0,0,0,0,0,0,0,0,0,0,0]) = 168993778735204794
N(O(11), 10, [1,0,0,0,0,0,0,1,0,0,0,0,0], [2,0,0,0,0,0,0,0,0,0,0,0,0]) = 135422395466693821
N(O(11), 10, [1,0,0,0,0,0,0,1,0,0,0,0,0], [0,1,0,0,0,0,0,0,0,0,0,0,0]) = 168993003759850234
N(O(11), 10, [0,3,1,0,0,0,0,0,0,0,0,0,0], [2,0,0,0,0,0,0,0,0,0,0,0,0]) = 130226429305399119
N(O(11), 10, [0,3,1,0,0,0,0,0,0,0,0,0,0], [0,1,0,0,0,0,0,0,0,0,0,0,0]) = 162072656866922778
N(O(11), 10, [0,2,0,0,1,0,0,0,0,0,0,0,0], [2,0,0,0,0,0,0,0,0,0,0,0,0]) = 129997914683016857
N(O(11), 10, [0,2,0,0,1,0,0,0,0,0,0,0,0], [0,1,0,0,0,0,0,0,0,0,0,0,0]) = 161742275434988932
N(O(11), 10, [0,1,1,1,0,0,0,0,0,0,0,0,0], [2,0,0,0,0,0,0,0,0,0,0,0,0]) = 129785125788186085
N(O(11), 10, [0,1,1,1,0,0,0,0,0,0,0,0,0], [0,1,0,0,0,0,0,0,0,0,0,0,0]) = 161436164742658058
N(O(11), 10, [0,1,0,0,0,0,1,0,0,0,0,0,0], [2,0,0,0,0,0,0,0,0,0,0,0,0]) = 129777263054690240
N(O(11), 10, [0,1,0,0,0,0,1,0,0,0,0,0,0], [0,1,0,0,0,0,0,0,0,0,0,0,0]) = 161424029600620216
N(O(11), 10, [0,0,3,0,0,0,0,0,0,0,0,0,0], [2,0,0,0,0,0,0,0,0,0,0,0,0]) = 129579726954049029
N(O(11), 10, [0,0,3,0,0,0,0,0,0,0,0,0,0], [0,1,0,0,0,0,0,0,0,0,0,0,0]) = 161141415114413082
N(O(11), 10, [0,0,1,0,0,1,0,0,0,0,0,0,0], [2,0,0,0,0,0,0,0,0,0,0,0,0]) = 129564474413685915
N(O(11), 10, [0,0,1,0,0,1,0,0,0,0,0,0,0], [0,1,0,0,0,0,0,0,0,0,0,0,0]) = 161117919351490710
N(O(11), 10, [0,0,0,1,1,0,0,0,0,0,0,0,0], [2,0,0,0,0,0,0,0,0,0,0,0,0]) = 129557084604575617
N(O(11), 10, [0,0,0,1,1,0,0,0,0,0,0,0,0], [0,1,0,0,0,0,0,0,0,0,0,0,0]) = 161106558726500312
N(O(11), 10, [0,0,0,0,0,0,0,0,1,0,0,0,0], [2,0,0,0,0,0,0,0,0,0,0,0,0]) = 129556848143505069
N(O(11), 10, [0,0,0,0,0,0,0,0,1,0,0,0,0], [0,1,0,0,0,0,0,0,0,0,0,0,0]) = 161106171470030910
N(O(11), 10, [8,0,0,0,0,0,0,0,0,0,0,0,0], [3,0,0,0,0,0,0,0,0,0,0,0,0]) = 192340244658020287
N(O(11), 10, [8,0,0,0,0,0,0,0,0,0,0,0,0], [1,1,0,0,0,0,0,0,0,0,0,0,0]) = 582986520022410280
N(O(11), 10, [8,0,0,0,0,0,0,0,0,0,0,0,0], [0,0,1,0,0,0,0,0,0,0,0,0,0]) = 346465966660890066
N(O(11), 10, [6,1,0,0,0,0,0,0,0,0,0,0,0], [3,0,0,0,0,0,0,0,0,0,0,0,0]) = 176880298330972895
N(O(11), 10, [6,1,0,0,0,0,0,0,0,0,0,0,0], [1,1,0,0,0,0,0,0,0,0,0,0,0]) = 534087093420353208
N(O(11), 10, [6,1,0,0,0,0,0,0,0,0,0,0,0], [0,0,1,0,0,0,0,0,0,0,0,0,0]) = 316347356088286698
N(O(11), 10, [5,0,1,0,0,0,0,0,0,0,0,0,0], [3,0,0,0,0,0,0,0,0,0,0,0,0]) = 169178682405314074
N(O(11), 10, [5,0,1,0,0,0,0,0,0,0,0,0,0], [1,1,0,0,0,0,0,0,0,0,0,0,0]) = 509732999105018056
N(O(11), 10, [5,0,1,0,0,0,0,0,0,0,0,0,0], [0,0,1,0,0,0,0,0,0,0,0,0,0]) = 301350210483632103
N(O(11), 10, [4,2,0,0,0,0,0,0,0,0,0,0,0], [3,0,0,0,0,0,0,0,0,0,0,0,0]) = 162546139663208727
N(O(11), 10, [4,2,0,0,0,0,0,0,0,0,0,0,0], [1,1,0,0,0,0,0,0,0,0,0,0,0]) = 488892963458205096
N(O(11), 10, [4,2,0,0,0,0,0,0,0,0,0,0,0], [0,0,1,0,0,0,0,0,0,0,0,0,0]) = 288589759169714874
N(O(11), 10, [4,0,0,1,0,0,0,0,0,0,0,0,0], [3,0,0,0,0,0,0,0,0,0,0,0,0]) = 162021054916525323
N(O(11), 10, [4,0,0,1,0,0,0,0,0,0,0,0,0], [1,1,0,0,0,0,0,0,0,0,0,0,0]) = 487167805046108408
N(O(11), 10, [4,0,0,1,0,0,0,0,0,0,0,0,0], [0,0,1,0,0,0,0,0,0,0,0,0,0]) = 287492130476423994
N(O(11), 10, [3,1,1,0,0,0,0,0,0,0,0,0,0], [3,0,0,0,0,0,0,0,0,0,0,0,0]) = 155405798275503800
N(O(11), 10, [3,1,1,0,0,0,0,0,0,0,0,0,0], [1,1,0,0,0,0,0,0,0,0,0,0,0]) = 466385862113038860
N(O(11), 10, [3,1,1,0,0,0,0,0,0,0,0,0,0], [0,0,1,0,0,0,0,0,0,0,0,0,0]) = 274769330206858329
N(O(11), 10, [3,0,0,0,1,0,0,0,0,0,0,0,0], [3,0,0,0,0,0,0,0,0,0,0,0,0]) = 155143525358463837
N(O(11), 10, [3,0,0,0,1,0,0,0,0,0,0,0,0], [1,1,0,0,0,0,0,0,0,0,0,0,0]) = 465524223910488090
N(O(11), 10, [3,0,0,0,1,0,0,0,0,0,0,0,0], [0,0,1,0,0,0,0,0,0,0,0,0,0]) = 274221146476395771
N(O(11), 10, [2,3,0,0,0,0,0,0,0,0,0,0,0], [3,0,0,0,0,0,0,0,0,0,0,0,0]) = 149264428367024943
N(O(11), 10, [2,3,0,0,0,0,0,0,0,0,0,0,0], [1,1,0,0,0,0,0,0,0,0,0,0,0]) = 447153712694655096
N(O(11), 10, [2,3,0,0,0,0,0,0,0,0,0,0,0], [0,0,1,0,0,0,0,0,0,0,0,0,0]) = 263028452710134882
N(O(11), 10, [2,1,0,1,0,0,0,0,0,0,0,0,0], [3,0,0,0,0,0,0,0,0,0,0,0,0]) = 148773854727274023
N(O(11), 10, [2,1,0,1,0,0,0,0,0,0,0,0,0], [1,1,0,0,0,0,0,0,0,0,0,0,0]) = 445546222606974472
N(O(11), 10, [2,1,0,1,0,0,0,0,0,0,0,0,0], [0,0,1,0,0,0,0,0,0,0,0,0,0]) = 262008132084069690
N(O(11), 10, [2,0,2,0,0,0,0,0,0,0,0,0,0], [3,0,0,0,0,0,0,0,0,0,0,0,0]) = 148545285765907774
N(O(11), 10, [2,0,2,0,0,0,0,0,0,0,0,0,0], [1,1,0,0,0,0,0,0,0,0,0,0,0]) = 444799434197780968
N(O(11), 10, [2,0,2,0,0,0,0,0,0,0,0,0,0], [0,0,1,0,0,0,0,0,0,0,0,0,0]) = 261535367710143504
N(O(11), 10, [2,0,0,0,0,1,0,0,0,0,0,0,0], [3,0,0,0,0,0,0,0,0,0,0,0,0]) = 148528568311725324
N(O(11), 10, [2,0,0,0,0,1,0,0,0,0,0,0,0], [1,1,0,0,0,0,0,0,0,0,0,0,0]) = 444742479050433696
N(O(11), 10, [2,0,0,0,0,1,0,0,0,0,0,0,0], [0,0,1,0,0,0,0,0,0,0,0,0,0]) = 261497972812823868
N(O(11), 10, [1,2,1,0,0,0,0,0,0,0,0,0,0], [3,0,0,0,0,0,0,0,0,0,0,0,0]) = 142648771099932534
N(O(11), 10, [1,2,1,0,0,0,0,0,0,0,0,0,0], [1,1,0,0,0,0,0,0,0,0,0,0,0]) = 426368683049603664
N(O(11), 10, [1,2,1,0,0,0,0,0,0,0,0,0,0], [0,0,1,0,0,0,0,0,0,0,0,0,0]) = 250302576864028635
N(O(11), 10, [1,1,0,0,1,0,0,0,0,0,0,0,0], [3,0,0,0,0,0,0,0,0,0,0,0,0]) = 142403740462605655
N(O(11), 10, [1,1,0,0,1,0,0,0,0,0,0,0,0], [1,1,0,0,0,0,0,0,0,0,0,0,0]) = 425565831153433418
N(O(11), 10, [1,1,0,0,1,0,0,0,0,0,0,0,0], [0,0,1,0,0,0,0,0,0,0,0,0,0]) = 249793014192597333
N(O(11), 10, [1,0,1,1,0,0,0,0,0,0,0,0,0], [3,0,0,0,0,0,0,0,0,0,0,0,0]) = 142175414823691026
N(O(11), 10, [1,0,1,1,0,0,0,0,0,0,0,0,0], [1,1,0,0,0,0,0,0,0,0,0,0,0]) = 424819889558441288
N(O(11), 10, [1,0,1,1,0,0,0,0,0,0,0,0,0], [0,0,1,0,0,0,0,0,0,0,0,0,0]) = 249320815552467255
N(O(11), 10, [1,0,0,0,0,0,1,0,0,0,0,0,0], [3,0,0,0,0,0,0,0,0,0,0,0,0]) = 142167062459260247
N(O(11), 10, [1,0,0,0,0,0,1,0,0,0,0,0,0], [1,1,0,0,0,0,0,0,0,0,0,0,0]) = 424791434903617796
N(O(11), 10, [1,0,0,0,0,0,1,0,0,0,0,0,0], [0,0,1,0,0,0,0,0,0,0,0,0,0]) = 249302133884078202
N(O(11), 10, [0,4,0,0,0,0,0,0,0,0,0,0,0], [3,0,0,0,0,0,0,0,0,0,0,0,0]) = 136966030714524655
N(O(11), 10, [0,4,0,0,0,0,0,0,0,0,0,0,0], [1,1,0,0,0,0,0,0,0,0,0,0,0]) = 408633776840597288
N(O(11), 10, [0,4,0,0,0,0,0,0,0,0,0,0,0], [0,0,1,0,0,0,0,0,0,0,0,0,0]) = 239508774401109378
N(O(11), 10, [0,2,0,1,0,0,0,0,0,0,0,0,0], [3,0,0,0,0,0,0,0,0,0,0,0,0]) = 136507971203353979
N(O(11), 10, [0,2,0,1,0,0,0,0,0,0,0,0,0], [1,1,0,0,0,0,0,0,0,0,0,0,0]) = 407136911766916504
N(O(11), 10, [0,2,0,1,0,0,0,0,0,0,0,0,0], [0,0,1,0,0,0,0,0,0,0,0,0,0]) = 238560995494300866
N(O(11), 10, [0,1,2,0,0,0,0,0,0,0,0,0,0], [3,0,0,0,0,0,0,0,0,0,0,0,0]) = 136294687324074932
N(O(11), 10, [0,1,2,0,0,0,0,0,0,0,0,0,0], [1,1,0,0,0,0,0,0,0,0,0,0,0]) = 406442009768013432
N(O(11), 10, [0,1,2,0,0,0,0,0,0,0,0,0,0], [0,0,1,0,0,0,0,0,0,0,0,0,0]) = 238122184645395048
N(O(11), 10, [0,1,0,0,0,1,0,0,0,0,0,0,0], [3,0,0,0,0,0,0,0,0,0,0,0,0]) = 136278941838622918
N(O(11), 10, [0,1,0,0,0,1,0,0,0,0,0,0,0], [1,1,0,0,0,0,0,0,0,0,0,0,0]) = 406388480666472032
N(O(11), 10, [0,1,0,0,0,1,0,0,0,0,0,0,0], [0,0,1,0,0,0,0,0,0,0,0,0,0]) = 238087107046195944
N(O(11), 10, [0,0,1,0,1,0,0,0,0,0,0,0,0], [3,0,0,0,0,0,0,0,0,0,0,0,0]) = 136058258738533749
N(O(11), 10, [0,0,1,0,1,0,0,0,0,0,0,0,0], [1,1,0,0,0,0,0,0,0,0,0,0,0]) = 405668482268300166
N(O(11), 10, [0,0,1,0,1,0,0,0,0,0,0,0,0], [0,0,1,0,0,0,0,0,0,0,0,0,0]) = 237631885162648773
N(O(11), 10, [0,0,0,2,0,0,0,0,0,0,0,0,0], [3,0,0,0,0,0,0,0,0,0,0,0,0]) = 136050859261644455
N(O(11), 10, [0,0,0,2,0,0,0,0,0,0,0,0,0], [1,1,0,0,0,0,0,0,0,0,0,0,0]) = 405643384928400072
N(O(11), 10, [0,0,0,2,0,0,0,0,0,0,0,0,0], [0,0,1,0,0,0,0,0,0,0,0,0,0]) = 237615473469968946
N(O(11), 10, [0,0,0,0,0,0,0,1,0,0,0,0,0], [3,0,0,0,0,0,0,0,0,0,0,0,0]) = 136050385998052915
N(O(11), 10, [0,0,0,0,0,0,0,1,0,0,0,0,0], [1,1,0,0,0,0,0,0,0,0,0,0,0]) = 405641717726012456
N(O(11), 10, [0,0,0,0,0,0,0,1,0,0,0,0,0], [0,0,1,0,0,0,0,0,0,0,0,0,0]) = 237614346369129762
N(O(11), 10, [7,0,0,0,0,0,0,0,0,0,0,0,0], [4,0,0,0,0,0,0,0,0,0,0,0,0]) = 192380888490639261
N(O(11), 10, [7,0,0,0,0,0,0,0,0,0,0,0,0], [2,1,0,0,0,0,0,0,0,0,0,0,0]) = 935396973527988266
N(O(11), 10, [7,0,0,0,0,0,0,0,0,0,0,0,0], [1,0,1,0,0,0,0,0,0,0,0,0,0]) = 829018391808943272
N(O(11), 10, [7,0,0,0,0,0,0,0,0,0,0,0,0], [0,2,0,0,0,0,0,0,0,0,0,0,0]) = 448749895692158096
N(O(11), 10, [7,0,0,0,0,0,0,0,0,0,0,0,0], [0,0,0,1,0,0,0,0,0,0,0,0,0]) = 440834394888541384
N(O(11), 10, [5,1,0,0,0,0,0,0,0,0,0,0,0], [4,0,0,0,0,0,0,0,0,0,0,0,0]) = 176919610756864771
N(O(11), 10, [5,1,0,0,0,0,0,0,0,0,0,0,0], [2,1,0,0,0,0,0,0,0,0,0,0,0]) = 857890252884737646
N(O(11), 10, [5,1,0,0,0,0,0,0,0,0,0,0,0], [1,0,1,0,0,0,0,0,0,0,0,0,0]) = 758997935472459984
N(O(11), 10, [5,1,0,0,0,0,0,0,0,0,0,0,0], [0,2,0,0,0,0,0,0,0,0,0,0,0]) = 409724825502059744
N(O(11), 10, [5,1,0,0,0,0,0,0,0,0,0,0,0], [0,0,0,1,0,0,0,0,0,0,0,0,0]) = 402319371399131224
N(O(11), 10, [4,0,1,0,0,0,0,0,0,0,0,0,0], [4,0,0,0,0,0,0,0,0,0,0,0,0]) = 169217329560476706
N(O(11), 10, [4,0,1,0,0,0,0,0,0,0,0,0,0], [2,1,0,0,0,0,0,0,0,0,0,0,0]) = 819285950376920066
N(O(11), 10, [4,0,1,0,0,0,0,0,0,0,0,0,0], [1,0,1,0,0,0,0,0,0,0,0,0,0]) = 724126312103463444
N(O(11), 10, [4,0,1,0,0,0,0,0,0,0,0,0,0], [0,2,0,0,0,0,0,0,0,0,0,0,0]) = 390293131297706936
N(O(11), 10, [4,0,1,0,0,0,0,0,0,0,0,0,0], [0,0,0,1,0,0,0,0,0,0,0,0,0]) = 383142135336616288
N(O(11), 10, [3,2,0,0,0,0,0,0,0,0,0,0,0], [4,0,0,0,0,0,0,0,0,0,0,0,0]) = 162584154109205789
N(O(11), 10, [3,2,0,0,0,0,0,0,0,0,0,0,0], [2,1,0,0,0,0,0,0,0,0,0,0,0]) = 786191480213869938
N(O(11), 10, [3,2,0,0,0,0,0,0,0,0,0,0,0], [1,0,1,0,0,0,0,0,0,0,0,0,0]) = 694317630189717000
N(O(11), 10, [3,2,0,0,0,0,0,0,0,0,0,0,0], [0,2,0,0,0,0,0,0,0,0,0,0,0]) = 373762412030175888
N(O(11), 10, [3,2,0,0,0,0,0,0,0,0,0,0,0], [0,0,0,1,0,0,0,0,0,0,0,0,0]) = 366838525376639944
N(O(11), 10, [3,0,0,1,0,0,0,0,0,0,0,0,0], [4,0,0,0,0,0,0,0,0,0,0,0,0]) = 162059053225951843
N(O(11), 10, [3,0,0,1,0,0,0,0,0,0,0,0,0], [2,1,0,0,0,0,0,0,0,0,0,0,0]) = 783486246808692394
N(O(11), 10, [3,0,0,1,0,0,0,0,0,0,0,0,0], [1,0,1,0,0,0,0,0,0,0,0,0,0]) = 691832358008162628
N(O(11), 10, [3,0,0,1,0,0,0,0,0,0,0,0,0], [0,2,0,0,0,0,0,0,0,0,0,0,0]) = 372338869633318784
N(O(11), 10, [3,0,0,1,0,0,0,0,0,0,0,0,0], [0,0,0,1,0,0,0,0,0,0,0,0,0]) = 365428468997483688
N(O(11), 10, [2,1,1,0,0,0,0,0,0,0,0,0,0], [4,0,0,0,0,0,0,0,0,0,0,0,0]) = 155443164158445730
N(O(11), 10, [2,1,1,0,0,0,0,0,0,0,0,0,0], [2,1,0,0,0,0,0,0,0,0,0,0,0]) = 750482418051163122
N(O(11), 10, [2,1,1,0,0,0,0,0,0,0,0,0,0], [1,0,1,0,0,0,0,0,0,0,0,0,0]) = 662107837453443510
N(O(11), 10, [2,1,1,0,0,0,0,0,0,0,0,0,0], [0,2,0,0,0,0,0,0,0,0,0,0,0]) = 355857105690599864
N(O(11), 10, [2,1,1,0,0,0,0,0,0,0,0,0,0], [0,0,0,1,0,0,0,0,0,0,0,0,0]) = 349173459729631360
N(O(11), 10, [2,0,0,0,1,0,0,0,0,0,0,0,0], [4,0,0,0,0,0,0,0,0,0,0,0,0]) = 155180883174077396
N(O(11), 10, [2,0,0,0,1,0,0,0,0,0,0,0,0], [2,1,0,0,0,0,0,0,0,0,0,0,0]) = 749131254577373866
N(O(11), 10, [2,0,0,0,1,0,0,0,0,0,0,0,0], [1,0,1,0,0,0,0,0,0,0,0,0,0]) = 660866573221432602
N(O(11), 10, [2,0,0,0,1,0,0,0,0,0,0,0,0], [0,2,0,0,0,0,0,0,0,0,0,0,0]) = 355146156488884316
N(O(11), 10, [2,0,0,0,1,0,0,0,0,0,0,0,0], [0,0,0,1,0,0,0,0,0,0,0,0,0]) = 348469249843249344
N(O(11), 10, [1,3,0,0,0,0,0,0,0,0,0,0,0], [4,0,0,0,0,0,0,0,0,0,0,0,0]) = 149301177661930371
N(O(11), 10, [1,3,0,0,0,0,0,0,0,0,0,0,0], [2,1,0,0,0,0,0,0,0,0,0,0,0]) = 719912034665481318
N(O(11), 10, [1,3,0,0,0,0,0,0,0,0,0,0,0], [1,0,1,0,0,0,0,0,0,0,0,0,0]) = 634614383994478728
N(O(11), 10, [1,3,0,0,0,0,0,0,0,0,0,0,0], [0,2,0,0,0,0,0,0,0,0,0,0,0]) = 340648587901519456
N(O(11), 10, [1,3,0,0,0,0,0,0,0,0,0,0,0], [0,0,0,1,0,0,0,0,0,0,0,0,0]) = 334179134655323992
N(O(11), 10, [1,1,0,1,0,0,0,0,0,0,0,0,0], [4,0,0,0,0,0,0,0,0,0,0,0,0]) = 148810588176967421
N(O(11), 10, [1,1,0,1,0,0,0,0,0,0,0,0,0], [2,1,0,0,0,0,0,0,0,0,0,0,0]) = 717389466937026566
N(O(11), 10, [1,1,0,1,0,0,0,0,0,0,0,0,0], [1,0,1,0,0,0,0,0,0,0,0,0,0]) = 632299664707670688
N(O(11), 10, [1,1,0,1,0,0,0,0,0,0,0,0,0], [0,2,0,0,0,0,0,0,0,0,0,0,0]) = 339325491932222704
N(O(11), 10, [1,1,0,1,0,0,0,0,0,0,0,0,0], [0,0,0,1,0,0,0,0,0,0,0,0,0]) = 332868881667557720
N(O(11), 10, [1,0,2,0,0,0,0,0,0,0,0,0,0], [4,0,0,0,0,0,0,0,0,0,0,0,0]) = 148582011436760748
N(O(11), 10, [1,0,2,0,0,0,0,0,0,0,0,0,0], [2,1,0,0,0,0,0,0,0,0,0,0,0]) = 716216616287139440
N(O(11), 10, [1,0,2,0,0,0,0,0,0,0,0,0,0], [1,0,1,0,0,0,0,0,0,0,0,0,0]) = 631224844391805240
N(O(11), 10, [1,0,2,0,0,0,0,0,0,0,0,0,0], [0,2,0,0,0,0,0,0,0,0,0,0,0]) = 338712527284142816
N(O(11), 10, [1,0,2,0,0,0,0,0,0,0,0,0,0], [0,0,0,1,0,0,0,0,0,0,0,0,0]) = 332262024372591304
N(O(11), 10, [1,0,0,0,0,1,0,0,0,0,0,0,0], [4,0,0,0,0,0,0,0,0,0,0,0,0]) = 148565293838812752
N(O(11), 10, [1,0,0,0,0,1,0,0,0,0,0,0,0], [2,1,0,0,0,0,0,0,0,0,0,0,0]) = 716128185341779740
N(O(11), 10, [1,0,0,0,0,1,0,0,0,0,0,0,0], [1,0,1,0,0,0,0,0,0,0,0,0,0]) = 631142307254847282
N(O(11), 10, [1,0,0,0,0,1,0,0,0,0,0,0,0], [0,2,0,0,0,0,0,0,0,0,0,0,0]) = 338663945314159048
N(O(11), 10, [1,0,0,0,0,1,0,0,0,0,0,0,0], [0,0,0,1,0,0,0,0,0,0,0,0,0]) = 332213756538063496
N(O(11), 10, [0,2,1,0,0,0,0,0,0,0,0,0,0], [4,0,0,0,0,0,0,0,0,0,0,0,0]) = 142684888240485110
N(O(11), 10, [0,2,1,0,0,0,0,0,0,0,0,0,0], [2,1,0,0,0,0,0,0,0,0,0,0,0]) = 686904342734732514
N(O(11), 10, [0,2,1,0,0,0,0,0,0,0,0,0,0], [1,0,1,0,0,0,0,0,0,0,0,0,0]) = 604885297239527976
N(O(11), 10, [0,2,1,0,0,0,0,0,0,0,0,0,0], [0,2,0,0,0,0,0,0,0,0,0,0,0]) = 324162894666374712
N(O(11), 10, [0,2,1,0,0,0,0,0,0,0,0,0,0], [0,0,0,1,0,0,0,0,0,0,0,0,0]) = 317920136584938688
N(O(11), 10, [0,1,0,0,1,0,0,0,0,0,0,0,0], [4,0,0,0,0,0,0,0,0,0,0,0,0]) = 142439849681501996
N(O(11), 10, [0,1,0,0,1,0,0,0,0,0,0,0,0], [2,1,0,0,0,0,0,0,0,0,0,0,0]) = 685644438793913646
N(O(11), 10, [0,1,0,0,1,0,0,0,0,0,0,0,0], [1,0,1,0,0,0,0,0,0,0,0,0,0]) = 603729239310805824
N(O(11), 10, [0,1,0,0,1,0,0,0,0,0,0,0,0], [0,2,0,0,0,0,0,0,0,0,0,0,0]) = 323502125573295244
N(O(11), 10, [0,1,0,0,1,0,0,0,0,0,0,0,0], [0,0,0,1,0,0,0,0,0,0,0,0,0]) = 317265785402928624
N(O(11), 10, [0,0,1,1,0,0,0,0,0,0,0,0,0], [4,0,0,0,0,0,0,0,0,0,0,0,0]) = 142211516264689648
N(O(11), 10, [0,0,1,1,0,0,0,0,0,0,0,0,0], [2,1,0,0,0,0,0,0,0,0,0,0,0]) = 684472897084279954
N(O(11), 10, [0,0,1,1,0,0,0,0,0,0,0,0,0], [1,0,1,0,0,0,0,0,0,0,0,0,0]) = 602655652808013732
N(O(11), 10, [0,0,1,1,0,0,0,0,0,0,0,0,0], [0,2,0,0,0,0,0,0,0,0,0,0,0]) = 322889898111134072
N(O(11), 10, [0,0,1,1,0,0,0,0,0,0,0,0,0], [0,0,0,1,0,0,0,0,0,0,0,0,0]) = 316659661825784448
N(O(11), 10, [0,0,0,0,0,0,1,0,0,0,0,0,0], [4,0,0,0,0,0,0,0,0,0,0,0,0]) = 142203163828379626
N(O(11), 10, [0,0,0,0,0,0,1,0,0,0,0,0,0], [2,1,0,0,0,0,0,0,0,0,0,0,0]) = 684428716725012792
N(O(11), 10, [0,0,0,0,0,0,1,0,0,0,0,0,0], [1,0,1,0,0,0,0,0,0,0,0,0,0]) = 602614417825240827
N(O(11), 10, [0,0,0,0,0,0,1,0,0,0,0,0,0], [0,2,0,0,0,0,0,0,0,0,0,0,0]) = 322865627751202236
N(O(11), 10, [0,0,0,0,0,0,1,0,0,0,0,0,0], [0,0,0,1,0,0,0,0,0,0,0,0,0]) = 316635548478146880
N(O(11), 10, [6,0,0,0,0,0,0,0,0,0,0,0,0], [5,0,0,0,0,0,0,0,0,0,0,0,0]) = 192382201764156441
N(O(11), 10, [6,0,0,0,0,0,0,0,0,0,0,0,0], [3,1,0,0,0,0,0,0,0,0,0,0,0]) = 1289162623065951048
N(O(11), 10, [6,0,0,0,0,0,0,0,0,0,0,0,0], [2,0,1,0,0,0,0,0,0,0,0,0,0]) = 1334440257017837583
N(O(11), 10, [6,0,0,0,0,0,0,0,0,0,0,0,0], [1,2,0,0,0,0,0,0,0,0,0,0,0]) = 1516927323118279856
N(O(11), 10, [6,0,0,0,0,0,0,0,0,0,0,0,0], [1,0,0,1,0,0,0,0,0,0,0,0,0]) = 1056533966674362408
N(O(11), 10, [6,0,0,0,0,0,0,0,0,0,0,0,0], [0,1,1,0,0,0,0,0,0,0,0,0,0]) = 1274183240420988648
N(O(11), 10, [6,0,0,0,0,0,0,0,0,0,0,0,0], [0,0,0,0,1,0,0,0,0,0,0,0,0]) = 525980005619493750
N(O(11), 10, [4,1,0,0,0,0,0,0,0,0,0,0,0], [5,0,0,0,0,0,0,0,0,0,0,0,0]) = 176920894136242745
N(O(11), 10, [4,1,0,0,0,0,0,0,0,0,0,0,0], [3,1,0,0,0,0,0,0,0,0,0,0,0]) = 1182987457248304212
N(O(11), 10, [4,1,0,0,0,0,0,0,0,0,0,0,0], [2,0,1,0,0,0,0,0,0,0,0,0,0]) = 1223195940519896253
N(O(11), 10, [4,1,0,0,0,0,0,0,0,0,0,0,0], [1,2,0,0,0,0,0,0,0,0,0,0,0]) = 1387513900931211864
N(O(11), 10, [4,1,0,0,0,0,0,0,0,0,0,0,0], [1,0,0,1,0,0,0,0,0,0,0,0,0]) = 966874338854244408
N(O(11), 10, [4,1,0,0,0,0,0,0,0,0,0,0,0], [0,1,1,0,0,0,0,0,0,0,0,0,0]) = 1162591715181399024
N(O(11), 10, [4,1,0,0,0,0,0,0,0,0,0,0,0], [0,0,0,0,1,0,0,0,0,0,0,0,0]) = 479801566358058260
N(O(11), 10, [3,0,1,0,0,0,0,0,0,0,0,0,0], [5,0,0,0,0,0,0,0,0,0,0,0,0]) = 169218597997372593
N(O(11), 10, [3,0,1,0,0,0,0,0,0,0,0,0,0], [3,1,0,0,0,0,0,0,0,0,0,0,0]) = 1130102408068083798
N(O(11), 10, [3,0,1,0,0,0,0,0,0,0,0,0,0], [2,0,1,0,0,0,0,0,0,0,0,0,0]) = 1167790118910780594
N(O(11), 10, [3,0,1,0,0,0,0,0,0,0,0,0,0], [1,2,0,0,0,0,0,0,0,0,0,0,0]) = 1323067958018972756
N(O(11), 10, [3,0,1,0,0,0,0,0,0,0,0,0,0], [1,0,0,1,0,0,0,0,0,0,0,0,0]) = 922223679339746664
N(O(11), 10, [3,0,1,0,0,0,0,0,0,0,0,0,0], [0,1,1,0,0,0,0,0,0,0,0,0,0]) = 1107030050629487586
N(O(11), 10, [3,0,1,0,0,0,0,0,0,0,0,0,0], [0,0,0,0,1,0,0,0,0,0,0,0,0]) = 456809534675643105
N(O(11), 10, [2,2,0,0,0,0,0,0,0,0,0,0,0], [5,0,0,0,0,0,0,0,0,0,0,0,0]) = 162585408072283729
N(O(11), 10, [2,2,0,0,0,0,0,0,0,0,0,0,0], [3,1,0,0,0,0,0,0,0,0,0,0,0]) = 1084725136452861152
N(O(11), 10, [2,2,0,0,0,0,0,0,0,0,0,0,0], [2,0,1,0,0,0,0,0,0,0,0,0,0]) = 1120335888055411251
N(O(11), 10, [2,2,0,0,0,0,0,0,0,0,0,0,0], [1,2,0,0,0,0,0,0,0,0,0,0,0]) = 1268072895761128048
N(O(11), 10, [2,2,0,0,0,0,0,0,0,0,0,0,0], [1,0,0,1,0,0,0,0,0,0,0,0,0]) = 884084707561941640
N(O(11), 10, [2,2,0,0,0,0,0,0,0,0,0,0,0], [0,1,1,0,0,0,0,0,0,0,0,0,0]) = 1059816203356940136
N(O(11), 10, [2,2,0,0,0,0,0,0,0,0,0,0,0], [0,0,0,0,1,0,0,0,0,0,0,0,0]) = 437278692365124850
N(O(11), 10, [2,0,0,1,0,0,0,0,0,0,0,0,0], [5,0,0,0,0,0,0,0,0,0,0,0,0]) = 162060306956226885
N(O(11), 10, [2,0,0,1,0,0,0,0,0,0,0,0,0], [3,1,0,0,0,0,0,0,0,0,0,0,0]) = 1081038754644773000
N(O(11), 10, [2,0,0,1,0,0,0,0,0,0,0,0,0], [2,0,1,0,0,0,0,0,0,0,0,0,0]) = 1116432200219639727
N(O(11), 10, [2,0,0,1,0,0,0,0,0,0,0,0,0], [1,2,0,0,0,0,0,0,0,0,0,0,0]) = 1263434372263166808
N(O(11), 10, [2,0,0,1,0,0,0,0,0,0,0,0,0], [1,0,0,1,0,0,0,0,0,0,0,0,0]) = 880888577824012456
N(O(11), 10, [2,0,0,1,0,0,0,0,0,0,0,0,0], [0,1,1,0,0,0,0,0,0,0,0,0,0]) = 1055720321835591000
N(O(11), 10, [2,0,0,1,0,0,0,0,0,0,0,0,0], [0,0,0,0,1,0,0,0,0,0,0,0,0]) = 435580491342831430
N(O(11), 10, [1,1,1,0,0,0,0,0,0,0,0,0,0], [5,0,0,0,0,0,0,0,0,0,0,0,0]) = 155444403417931253
N(O(11), 10, [1,1,1,0,0,0,0,0,0,0,0,0,0], [3,1,0,0,0,0,0,0,0,0,0,0,0]) = 1035784697012137866
N(O(11), 10, [1,1,1,0,0,0,0,0,0,0,0,0,0], [2,0,1,0,0,0,0,0,0,0,0,0,0]) = 1069109455616211972
N(O(11), 10, [1,1,1,0,0,0,0,0,0,0,0,0,0], [1,2,0,0,0,0,0,0,0,0,0,0,0]) = 1208597485064515884
N(O(11), 10, [1,1,1,0,0,0,0,0,0,0,0,0,0], [1,0,0,1,0,0,0,0,0,0,0,0,0]) = 842858340459202440
N(O(11), 10, [1,1,1,0,0,0,0,0,0,0,0,0,0], [0,1,1,0,0,0,0,0,0,0,0,0,0]) = 1008648153303375342
N(O(11), 10, [1,1,1,0,0,0,0,0,0,0,0,0,0], [0,0,0,0,1,0,0,0,0,0,0,0,0]) = 416108460416619365
N(O(11), 10, [1,0,0,0,1,0,0,0,0,0,0,0,0], [5,0,0,0,0,0,0,0,0,0,0,0,0]) = 155182122317166456
N(O(11), 10, [1,0,0,0,1,0,0,0,0,0,0,0,0], [3,1,0,0,0,0,0,0,0,0,0,0,0]) = 1033943471702018588
N(O(11), 10, [1,0,0,0,1,0,0,0,0,0,0,0,0], [2,0,1,0,0,0,0,0,0,0,0,0,0]) = 1067159732001990693
N(O(11), 10, [1,0,0,0,1,0,0,0,0,0,0,0,0], [1,2,0,0,0,0,0,0,0,0,0,0,0]) = 1206280831607616096
N(O(11), 10, [1,0,0,0,1,0,0,0,0,0,0,0,0], [1,0,0,1,0,0,0,0,0,0,0,0,0]) = 841262056897851968
N(O(11), 10, [1,0,0,0,1,0,0,0,0,0,0,0,0], [0,1,1,0,0,0,0,0,0,0,0,0,0]) = 1006602607066016088
N(O(11), 10, [1,0,0,0,1,0,0,0,0,0,0,0,0], [0,0,0,0,1,0,0,0,0,0,0,0,0]) = 415260355316195200
N(O(11), 10, [0,3,0,0,0,0,0,0,0,0,0,0,0], [5,0,0,0,0,0,0,0,0,0,0,0,0]) = 149302402681802025
N(O(11), 10, [0,3,0,0,0,0,0,0,0,0,0,0,0], [3,1,0,0,0,0,0,0,0,0,0,0,0]) = 993848772347553516
N(O(11), 10, [0,3,0,0,0,0,0,0,0,0,0,0,0], [2,0,1,0,0,0,0,0,0,0,0,0,0]) = 1025296004435354745
N(O(11), 10, [0,3,0,0,0,0,0,0,0,0,0,0,0], [1,2,0,0,0,0,0,0,0,0,0,0,0]) = 1157919111629310008
N(O(11), 10, [0,3,0,0,0,0,0,0,0,0,0,0,0], [1,0,0,1,0,0,0,0,0,0,0,0,0]) = 807695794556576088
N(O(11), 10, [0,3,0,0,0,0,0,0,0,0,0,0,0], [0,1,1,0,0,0,0,0,0,0,0,0,0]) = 965236632345630672
N(O(11), 10, [0,3,0,0,0,0,0,0,0,0,0,0,0], [0,0,0,0,1,0,0,0,0,0,0,0,0]) = 398153860127345040
N(O(11), 10, [0,1,0,1,0,0,0,0,0,0,0,0,0], [5,0,0,0,0,0,0,0,0,0,0,0,0]) = 148811812966369001
N(O(11), 10, [0,1,0,1,0,0,0,0,0,0,0,0,0], [3,1,0,0,0,0,0,0,0,0,0,0,0]) = 990410084486309060
N(O(11), 10, [0,1,0,1,0,0,0,0,0,0,0,0,0], [2,0,1,0,0,0,0,0,0,0,0,0,0]) = 1021657373889417801
N(O(11), 10, [0,1,0,1,0,0,0,0,0,0,0,0,0], [1,2,0,0,0,0,0,0,0,0,0,0,0]) = 1153602284599446976
N(O(11), 10, [0,1,0,1,0,0,0,0,0,0,0,0,0], [1,0,0,1,0,0,0,0,0,0,0,0,0]) = 804720029606204600
N(O(11), 10, [0,1,0,1,0,0,0,0,0,0,0,0,0], [0,1,1,0,0,0,0,0,0,0,0,0,0]) = 961431597707830704
N(O(11), 10, [0,1,0,1,0,0,0,0,0,0,0,0,0], [0,0,0,0,1,0,0,0,0,0,0,0,0]) = 396576443742425900
N(O(11), 10, [0,0,2,0,0,0,0,0,0,0,0,0,0], [5,0,0,0,0,0,0,0,0,0,0,0,0]) = 148583236112083731
N(O(11), 10, [0,0,2,0,0,0,0,0,0,0,0,0,0], [3,1,0,0,0,0,0,0,0,0,0,0,0]) = 988810665529063632
N(O(11), 10, [0,0,2,0,0,0,0,0,0,0,0,0,0], [2,0,1,0,0,0,0,0,0,0,0,0,0]) = 1019966356722170640
N(O(11), 10, [0,0,2,0,0,0,0,0,0,0,0,0,0], [1,2,0,0,0,0,0,0,0,0,0,0,0]) = 1151599515503172284
N(O(11), 10, [0,0,2,0,0,0,0,0,0,0,0,0,0], [1,0,0,1,0,0,0,0,0,0,0,0,0]) = 803338775553360840
N(O(11), 10, [0,0,2,0,0,0,0,0,0,0,0,0,0], [0,1,1,0,0,0,0,0,0,0,0,0,0]) = 959669726903268228
N(O(11), 10, [0,0,2,0,0,0,0,0,0,0,0,0,0], [0,0,0,0,1,0,0,0,0,0,0,0,0]) = 395846142092747400
N(O(11), 10, [0,0,0,0,0,1,0,0,0,0,0,0,0], [5,0,0,0,0,0,0,0,0,0,0,0,0]) = 148566518512979295
N(O(11), 10, [0,0,0,0,0,1,0,0,0,0,0,0,0], [3,1,0,0,0,0,0,0,0,0,0,0,0]) = 988690743606375936
N(O(11), 10, [0,0,0,0,0,1,0,0,0,0,0,0,0], [2,0,1,0,0,0,0,0,0,0,0,0,0]) = 1019838061959348984
N(O(11), 10, [0,0,0,0,0,1,0,0,0,0,0,0,0], [1,2,0,0,0,0,0,0,0,0,0,0,0]) = 1151443875323892020
N(O(11), 10, [0,0,0,0,0,1,0,0,0,0,0,0,0], [1,0,0,1,0,0,0,0,0,0,0,0,0]) = 803232150000895104
N(O(11), 10, [0,0,0,0,0,1,0,0,0,0,0,0,0], [0,1,1,0,0,0,0,0,0,0,0,0,0]) = 959529084412424424
N(O(11), 10, [0,0,0,0,0,1,0,0,0,0,0,0,0], [0,0,0,0,1,0,0,0,0,0,0,0,0]) = 395787737225049750
N(O(11), 10, [5,0,0,0,0,0,0,0,0,0,0,0,0], [6,0,0,0,0,0,0,0,0,0,0,0,0]) = 192382226548654495
N(O(11), 10, [5,0,0,0,0,0,0,0,0,0,0,0,0], [4,1,0,0,0,0,0,0,0,0,0,0,0]) = 1643001987651000400
N(O(11), 10, [5,0,0,0,0,0,0,0,0,0,0,0,0], [3,0,1,0,0,0,0,0,0,0,0,0,0]) = 1841976399235591431
N(O(11), 10, [5,0,0,0,0,0,0,0,0,0,0,0,0], [2,2,0,0,0,0,0,0,0,0,0,0,0]) = 3232708012111814748
N(O(11), 10, [5,0,0,0,0,0,0,0,0,0,0,0,0], [2,0,0,1,0,0,0,0,0,0,0,0,0]) = 1701860352454320740
N(O(11), 10, [5,0,0,0,0,0,0,0,0,0,0,0,0], [1,1,1,0,0,0,0,0,0,0,0,0,0]) = 4321378245669790608
N(O(11), 10, [5,0,0,0,0,0,0,0,0,0,0,0,0], [1,0,0,0,1,0,0,0,0,0,0,0,0]) = 1262396759131889010
N(O(11), 10, [5,0,0,0,0,0,0,0,0,0,0,0,0], [0,3,0,0,0,0,0,0,0,0,0,0,0]) = 819449680262724328
N(O(11), 10, [5,0,0,0,0,0,0,0,0,0,0,0,0], [0,1,0,1,0,0,0,0,0,0,0,0,0]) = 1620988287332375200
N(O(11), 10, [5,0,0,0,0,0,0,0,0,0,0,0,0], [0,0,2,0,0,0,0,0,0,0,0,0,0]) = 904050646148563920
N(O(11), 10, [5,0,0,0,0,0,0,0,0,0,0,0,0], [0,0,0,0,0,1,0,0,0,0,0,0,0]) = 602331178179250596
N(O(11), 10, [3,1,0,0,0,0,0,0,0,0,0,0,0], [6,0,0,0,0,0,0,0,0,0,0,0,0]) = 176920918562707023
N(O(11), 10, [3,1,0,0,0,0,0,0,0,0,0,0,0], [4,1,0,0,0,0,0,0,0,0,0,0,0]) = 1508155906231103320
N(O(11), 10, [3,1,0,0,0,0,0,0,0,0,0,0,0], [3,0,1,0,0,0,0,0,0,0,0,0,0]) = 1689413428631410863
N(O(11), 10, [3,1,0,0,0,0,0,0,0,0,0,0,0], [2,2,0,0,0,0,0,0,0,0,0,0,0]) = 2959897041248351244
N(O(11), 10, [3,1,0,0,0,0,0,0,0,0,0,0,0], [2,0,0,1,0,0,0,0,0,0,0,0,0]) = 1559336068943102764
N(O(11), 10, [3,1,0,0,0,0,0,0,0,0,0,0,0], [1,1,1,0,0,0,0,0,0,0,0,0,0]) = 3950384696055967908
N(O(11), 10, [3,1,0,0,0,0,0,0,0,0,0,0,0], [1,0,0,0,1,0,0,0,0,0,0,0,0]) = 1154767637490031780
N(O(11), 10, [3,1,0,0,0,0,0,0,0,0,0,0,0], [0,3,0,0,0,0,0,0,0,0,0,0,0]) = 747524852709558728
N(O(11), 10, [3,1,0,0,0,0,0,0,0,0,0,0,0], [0,1,0,1,0,0,0,0,0,0,0,0,0]) = 1478317361692415872
N(O(11), 10, [3,1,0,0,0,0,0,0,0,0,0,0,0], [0,0,2,0,0,0,0,0,0,0,0,0,0]) = 824308004966771070
N(O(11), 10, [3,1,0,0,0,0,0,0,0,0,0,0,0], [0,0,0,0,0,1,0,0,0,0,0,0,0]) = 549190157400916716
N(O(11), 10, [2,0,1,0,0,0,0,0,0,0,0,0,0], [6,0,0,0,0,0,0,0,0,0,0,0,0]) = 169218622244839933
N(O(11), 10, [2,0,1,0,0,0,0,0,0,0,0,0,0], [4,1,0,0,0,0,0,0,0,0,0,0,0]) = 1440988875996044428
N(O(11), 10, [2,0,1,0,0,0,0,0,0,0,0,0,0], [3,0,1,0,0,0,0,0,0,0,0,0,0]) = 1613426068635229098
N(O(11), 10, [2,0,1,0,0,0,0,0,0,0,0,0,0], [2,2,0,0,0,0,0,0,0,0,0,0,0]) = 2824032972343618296
N(O(11), 10, [2,0,1,0,0,0,0,0,0,0,0,0,0], [2,0,0,1,0,0,0,0,0,0,0,0,0]) = 1488353647419308276
N(O(11), 10, [2,0,1,0,0,0,0,0,0,0,0,0,0], [1,1,1,0,0,0,0,0,0,0,0,0,0]) = 3765644160869579670
N(O(11), 10, [2,0,1,0,0,0,0,0,0,0,0,0,0], [1,0,0,0,1,0,0,0,0,0,0,0,0]) = 1101170152768188810
N(O(11), 10, [2,0,1,0,0,0,0,0,0,0,0,0,0], [0,3,0,0,0,0,0,0,0,0,0,0,0]) = 711714239725762360
N(O(11), 10, [2,0,1,0,0,0,0,0,0,0,0,0,0], [0,1,0,1,0,0,0,0,0,0,0,0,0]) = 1407284154800309776
N(O(11), 10, [2,0,1,0,0,0,0,0,0,0,0,0,0], [0,0,2,0,0,0,0,0,0,0,0,0,0]) = 784606117300927929
N(O(11), 10, [2,0,1,0,0,0,0,0,0,0,0,0,0], [0,0,0,0,0,1,0,0,0,0,0,0,0]) = 522732585969811560
N(O(11), 10, [1,2,0,0,0,0,0,0,0,0,0,0,0], [6,0,0,0,0,0,0,0,0,0,0,0,0]) = 162585432143880803
N(O(11), 10, [1,2,0,0,0,0,0,0,0,0,0,0,0], [4,1,0,0,0,0,0,0,0,0,0,0,0]) = 1383327630257313024
N(O(11), 10, [1,2,0,0,0,0,0,0,0,0,0,0,0], [3,0,1,0,0,0,0,0,0,0,0,0,0]) = 1548282292943067759
N(O(11), 10, [1,2,0,0,0,0,0,0,0,0,0,0,0], [2,2,0,0,0,0,0,0,0,0,0,0,0]) = 2707897141685331372
N(O(11), 10, [1,2,0,0,0,0,0,0,0,0,0,0,0], [2,0,0,1,0,0,0,0,0,0,0,0,0]) = 1427602502175081492
N(O(11), 10, [1,2,0,0,0,0,0,0,0,0,0,0,0], [1,1,1,0,0,0,0,0,0,0,0,0,0]) = 3608151151855993560
N(O(11), 10, [1,2,0,0,0,0,0,0,0,0,0,0,0], [1,0,0,0,1,0,0,0,0,0,0,0,0]) = 1055423674410425050
N(O(11), 10, [1,2,0,0,0,0,0,0,0,0,0,0,0], [0,3,0,0,0,0,0,0,0,0,0,0,0]) = 681297203851106952
N(O(11), 10, [1,2,0,0,0,0,0,0,0,0,0,0,0], [0,1,0,1,0,0,0,0,0,0,0,0,0]) = 1346973369081135200
N(O(11), 10, [1,2,0,0,0,0,0,0,0,0,0,0,0], [0,0,2,0,0,0,0,0,0,0,0,0,0]) = 750907744592451408
N(O(11), 10, [1,2,0,0,0,0,0,0,0,0,0,0,0], [0,0,0,0,0,1,0,0,0,0,0,0,0]) = 500276405368137996
N(O(11), 10, [1,0,0,1,0,0,0,0,0,0,0,0,0], [6,0,0,0,0,0,0,0,0,0,0,0,0]) = 162060331026267273
N(O(11), 10, [1,0,0,1,0,0,0,0,0,0,0,0,0], [4,1,0,0,0,0,0,0,0,0,0,0,0]) = 1378660069467928072
N(O(11), 10, [1,0,0,1,0,0,0,0,0,0,0,0,0], [3,0,1,0,0,0,0,0,0,0,0,0,0]) = 1542958536268907895
N(O(11), 10, [1,0,0,1,0,0,0,0,0,0,0,0,0], [2,2,0,0,0,0,0,0,0,0,0,0,0]) = 2698213482711543108
N(O(11), 10, [1,0,0,1,0,0,0,0,0,0,0,0,0], [2,0,0,1,0,0,0,0,0,0,0,0,0]) = 1422580097989524884
N(O(11), 10, [1,0,0,1,0,0,0,0,0,0,0,0,0], [1,1,1,0,0,0,0,0,0,0,0,0,0]) = 3594779451268834608
N(O(11), 10, [1,0,0,1,0,0,0,0,0,0,0,0,0], [1,0,0,0,1,0,0,0,0,0,0,0,0]) = 1051570525012796040
N(O(11), 10, [1,0,0,1,0,0,0,0,0,0,0,0,0], [0,3,0,0,0,0,0,0,0,0,0,0,0]) = 678651011908456792
N(O(11), 10, [1,0,0,1,0,0,0,0,0,0,0,0,0], [0,1,0,1,0,0,0,0,0,0,0,0,0]) = 1341712903174344896
N(O(11), 10, [1,0,0,1,0,0,0,0,0,0,0,0,0], [0,0,2,0,0,0,0,0,0,0,0,0,0]) = 747962460654996258
N(O(11), 10, [1,0,0,1,0,0,0,0,0,0,0,0,0], [0,0,0,0,0,1,0,0,0,0,0,0,0]) = 498313353539177280
N(O(11), 10, [0,1,1,0,0,0,0,0,0,0,0,0,0], [6,0,0,0,0,0,0,0,0,0,0,0,0]) = 155444427312114633
N(O(11), 10, [0,1,1,0,0,0,0,0,0,0,0,0,0], [4,1,0,0,0,0,0,0,0,0,0,0,0]) = 1321154610831948436
N(O(11), 10, [0,1,1,0,0,0,0,0,0,0,0,0,0], [3,0,1,0,0,0,0,0,0,0,0,0,0]) = 1477993608327849342
N(O(11), 10, [0,1,1,0,0,0,0,0,0,0,0,0,0], [2,2,0,0,0,0,0,0,0,0,0,0,0]) = 2582406345479391312
N(O(11), 10, [0,1,1,0,0,0,0,0,0,0,0,0,0], [2,0,0,1,0,0,0,0,0,0,0,0,0]) = 1361998888706436268
N(O(11), 10, [0,1,1,0,0,0,0,0,0,0,0,0,0], [1,1,1,0,0,0,0,0,0,0,0,0,0]) = 3437744907050637654
N(O(11), 10, [0,1,1,0,0,0,0,0,0,0,0,0,0], [1,0,0,0,1,0,0,0,0,0,0,0,0]) = 1005955737633685000
N(O(11), 10, [0,1,1,0,0,0,0,0,0,0,0,0,0], [0,3,0,0,0,0,0,0,0,0,0,0,0]) = 648325817080302440
N(O(11), 10, [0,1,1,0,0,0,0,0,0,0,0,0,0], [0,1,0,1,0,0,0,0,0,0,0,0,0]) = 1281584956736414032
N(O(11), 10, [0,1,1,0,0,0,0,0,0,0,0,0,0], [0,0,2,0,0,0,0,0,0,0,0,0,0]) = 714366567763672293
N(O(11), 10, [0,1,1,0,0,0,0,0,0,0,0,0,0], [0,0,0,0,0,1,0,0,0,0,0,0,0]) = 475925482437471516
N(O(11), 10, [0,0,0,0,1,0,0,0,0,0,0,0,0], [6,0,0,0,0,0,0,0,0,0,0,0,0]) = 155182146210571500
N(O(11), 10, [0,0,0,0,1,0,0,0,0,0,0,0,0], [4,1,0,0,0,0,0,0,0,0,0,0,0]) = 1318823308398177540
N(O(11), 10, [0,0,0,0,1,0,0,0,0,0,0,0,0], [3,0,1,0,0,0,0,0,0,0,0,0,0]) = 1475334598952172666
N(O(11), 10, [0,0,0,0,1,0,0,0,0,0,0,0,0], [2,2,0,0,0,0,0,0,0,0,0,0,0]) = 2577569884131395148
N(O(11), 10, [0,0,0,0,1,0,0,0,0,0,0,0,0], [2,0,0,1,0,0,0,0,0,0,0,0,0]) = 1359490440407449680
N(O(11), 10, [0,0,0,0,1,0,0,0,0,0,0,0,0], [1,1,1,0,0,0,0,0,0,0,0,0,0]) = 3431066662447341138
N(O(11), 10, [0,0,0,0,1,0,0,0,0,0,0,0,0], [1,0,0,0,1,0,0,0,0,0,0,0,0]) = 1004031331137744135
N(O(11), 10, [0,0,0,0,1,0,0,0,0,0,0,0,0], [0,3,0,0,0,0,0,0,0,0,0,0,0]) = 647004278892115208
N(O(11), 10, [0,0,0,0,1,0,0,0,0,0,0,0,0], [0,1,0,1,0,0,0,0,0,0,0,0,0]) = 1278957830305299560
N(O(11), 10, [0,0,0,0,1,0,0,0,0,0,0,0,0], [0,0,2,0,0,0,0,0,0,0,0,0,0]) = 712895669314047990
N(O(11), 10, [0,0,0,0,1,0,0,0,0,0,0,0,0], [0,0,0,0,0,1,0,0,0,0,0,0,0]) = 474945118784848536
N(O(11), 10, [4,0,0,0,0,0,0,0,0,0,0,0,0], [7,0,0,0,0,0,0,0,0,0,0,0,0]) = 192382226804193330
N(O(11), 10, [4,0,0,0,0,0,0,0,0,0,0,0,0], [5,1,0,0,0,0,0,0,0,0,0,0,0]) = 1996843777999869602
N(O(11), 10, [4,0,0,0,0,0,0,0,0,0,0,0,0], [4,0,1,0,0,0,0,0,0,0,0,0,0]) = 2349628389632858199
N(O(11), 10, [4,0,0,0,0,0,0,0,0,0,0,0,0], [3,2,0,0,0,0,0,0,0,0,0,0,0]) = 5598682931061311212
N(O(11), 10, [4,0,0,0,0,0,0,0,0,0,0,0,0], [3,0,0,1,0,0,0,0,0,0,0,0,0]) = 2349944573256481040
N(O(11), 10, [4,0,0,0,0,0,0,0,0,0,0,0,0], [2,1,1,0,0,0,0,0,0,0,0,0,0]) = 9225627982803567720
N(O(11), 10, [4,0,0,0,0,0,0,0,0,0,0,0,0], [2,0,0,0,1,0,0,0,0,0,0,0,0]) = 2034746056202892255
N(O(11), 10, [4,0,0,0,0,0,0,0,0,0,0,0,0], [1,3,0,0,0,0,0,0,0,0,0,0,0]) = 3594477484266585432
N(O(11), 10, [4,0,0,0,0,0,0,0,0,0,0,0,0], [1,1,0,1,0,0,0,0,0,0,0,0,0]) = 5503408187101354080
N(O(11), 10, [4,0,0,0,0,0,0,0,0,0,0,0,0], [1,0,2,0,0,0,0,0,0,0,0,0,0]) = 3076429583513951919
N(O(11), 10, [4,0,0,0,0,0,0,0,0,0,0,0,0], [1,0,0,0,0,1,0,0,0,0,0,0,0]) = 1447723791737875020
N(O(11), 10, [4,0,0,0,0,0,0,0,0,0,0,0,0], [0,2,1,0,0,0,0,0,0,0,0,0,0]) = 3496062825617478288
N(O(11), 10, [4,0,0,0,0,0,0,0,0,0,0,0,0], [0,1,0,0,1,0,0,0,0,0,0,0,0]) = 1933377153692305660
N(O(11), 10, [4,0,0,0,0,0,0,0,0,0,0,0,0], [0,0,1,1,0,0,0,0,0,0,0,0,0]) = 2299394928381665736
N(O(11), 10, [4,0,0,0,0,0,0,0,0,0,0,0,0], [0,0,0,0,0,0,1,0,0,0,0,0,0]) = 670441627033012450
N(O(11), 10, [2,1,0,0,0,0,0,0,0,0,0,0,0], [7,0,0,0,0,0,0,0,0,0,0,0,0]) = 176920918816208728
N(O(11), 10, [2,1,0,0,0,0,0,0,0,0,0,0,0], [5,1,0,0,0,0,0,0,0,0,0,0,0]) = 1833326724433508922
N(O(11), 10, [2,1,0,0,0,0,0,0,0,0,0,0,0], [4,0,1,0,0,0,0,0,0,0,0,0,0]) = 2155742922805339593
N(O(11), 10, [2,1,0,0,0,0,0,0,0,0,0,0,0], [3,2,0,0,0,0,0,0,0,0,0,0,0]) = 5129347318561858308
N(O(11), 10, [2,1,0,0,0,0,0,0,0,0,0,0,0], [3,0,0,1,0,0,0,0,0,0,0,0,0]) = 2154431488975223112
N(O(11), 10, [2,1,0,0,0,0,0,0,0,0,0,0,0], [2,1,1,0,0,0,0,0,0,0,0,0,0]) = 8442503731226090232
N(O(11), 10, [2,1,0,0,0,0,0,0,0,0,0,0,0], [2,0,0,0,1,0,0,0,0,0,0,0,0]) = 1863570310544175395
N(O(11), 10, [2,1,0,0,0,0,0,0,0,0,0,0,0], [1,3,0,0,0,0,0,0,0,0,0,0,0]) = 3283670646348279016
N(O(11), 10, [2,1,0,0,0,0,0,0,0,0,0,0,0], [1,1,0,1,0,0,0,0,0,0,0,0,0]) = 5028671669095001920
N(O(11), 10, [2,1,0,0,0,0,0,0,0,0,0,0,0], [1,0,2,0,0,0,0,0,0,0,0,0,0]) = 2810631518367896673
N(O(11), 10, [2,1,0,0,0,0,0,0,0,0,0,0,0], [1,0,0,0,0,1,0,0,0,0,0,0,0]) = 1323715846620015744
N(O(11), 10, [2,1,0,0,0,0,0,0,0,0,0,0,0], [0,2,1,0,0,0,0,0,0,0,0,0,0]) = 3187203725128756968
N(O(11), 10, [2,1,0,0,0,0,0,0,0,0,0,0,0], [0,1,0,0,1,0,0,0,0,0,0,0,0]) = 1762376940418758080
N(O(11), 10, [2,1,0,0,0,0,0,0,0,0,0,0,0], [0,0,1,1,0,0,0,0,0,0,0,0,0]) = 2095552907983805544
N(O(11), 10, [2,1,0,0,0,0,0,0,0,0,0,0,0], [0,0,0,0,0,0,1,0,0,0,0,0,0]) = 610999796156599486
N(O(11), 10, [1,0,1,0,0,0,0,0,0,0,0,0,0], [7,0,0,0,0,0,0,0,0,0,0,0,0]) = 169218622497323097
N(O(11), 10, [1,0,1,0,0,0,0,0,0,0,0,0,0], [5,1,0,0,0,0,0,0,0,0,0,0,0]) = 1751877684880472546
N(O(11), 10, [1,0,1,0,0,0,0,0,0,0,0,0,0], [4,0,1,0,0,0,0,0,0,0,0,0,0]) = 2059172104635480597
N(O(11), 10, [1,0,1,0,0,0,0,0,0,0,0,0,0], [3,2,0,0,0,0,0,0,0,0,0,0,0]) = 4895602370753127868
N(O(11), 10, [1,0,1,0,0,0,0,0,0,0,0,0,0], [3,0,0,1,0,0,0,0,0,0,0,0,0]) = 2057055307830579500
N(O(11), 10, [1,0,1,0,0,0,0,0,0,0,0,0,0], [2,1,1,0,0,0,0,0,0,0,0,0,0]) = 8052512925840526494
N(O(11), 10, [1,0,1,0,0,0,0,0,0,0,0,0,0], [2,0,0,0,1,0,0,0,0,0,0,0,0]) = 1778321474837787840
N(O(11), 10, [1,0,1,0,0,0,0,0,0,0,0,0,0], [1,3,0,0,0,0,0,0,0,0,0,0,0]) = 3128909211958772208
N(O(11), 10, [1,0,1,0,0,0,0,0,0,0,0,0,0], [1,1,0,1,0,0,0,0,0,0,0,0,0]) = 4792280395790659488
N(O(11), 10, [1,0,1,0,0,0,0,0,0,0,0,0,0], [1,0,2,0,0,0,0,0,0,0,0,0,0]) = 2678280651510037749
N(O(11), 10, [1,0,1,0,0,0,0,0,0,0,0,0,0], [1,0,0,0,0,1,0,0,0,0,0,0,0]) = 1261964340527766726
N(O(11), 10, [1,0,1,0,0,0,0,0,0,0,0,0,0], [0,2,1,0,0,0,0,0,0,0,0,0,0]) = 3033433889793015504
N(O(11), 10, [1,0,1,0,0,0,0,0,0,0,0,0,0], [0,1,0,0,1,0,0,0,0,0,0,0,0]) = 1677242667263956150
N(O(11), 10, [1,0,1,0,0,0,0,0,0,0,0,0,0], [0,0,1,1,0,0,0,0,0,0,0,0,0]) = 1994069335782531756
N(O(11), 10, [1,0,1,0,0,0,0,0,0,0,0,0,0], [0,0,0,0,0,0,1,0,0,0,0,0,0]) = 581406457279916506
N(O(11), 10, [0,2,0,0,0,0,0,0,0,0,0,0,0], [7,0,0,0,0,0,0,0,0,0,0,0,0]) = 162585432395353154
N(O(11), 10, [0,2,0,0,0,0,0,0,0,0,0,0,0], [5,1,0,0,0,0,0,0,0,0,0,0,0]) = 1681932437660290194
N(O(11), 10, [0,2,0,0,0,0,0,0,0,0,0,0,0], [4,0,1,0,0,0,0,0,0,0,0,0,0]) = 1976336959345955379
N(O(11), 10, [0,2,0,0,0,0,0,0,0,0,0,0,0], [3,2,0,0,0,0,0,0,0,0,0,0,0]) = 4695594690743346444
N(O(11), 10, [0,2,0,0,0,0,0,0,0,0,0,0,0], [3,0,0,1,0,0,0,0,0,0,0,0,0]) = 1973634388098562816
N(O(11), 10, [0,2,0,0,0,0,0,0,0,0,0,0,0], [2,1,1,0,0,0,0,0,0,0,0,0,0]) = 7719456193779634632
N(O(11), 10, [0,2,0,0,0,0,0,0,0,0,0,0,0], [2,0,0,0,1,0,0,0,0,0,0,0,0]) = 1705413248415028895
N(O(11), 10, [0,2,0,0,0,0,0,0,0,0,0,0,0], [1,3,0,0,0,0,0,0,0,0,0,0,0]) = 2997135429201366200
N(O(11), 10, [0,2,0,0,0,0,0,0,0,0,0,0,0], [1,1,0,1,0,0,0,0,0,0,0,0,0]) = 4590912607087685280
N(O(11), 10, [0,2,0,0,0,0,0,0,0,0,0,0,0], [1,0,2,0,0,0,0,0,0,0,0,0,0]) = 2565563637337728255
N(O(11), 10, [0,2,0,0,0,0,0,0,0,0,0,0,0], [1,0,0,0,0,1,0,0,0,0,0,0,0]) = 1209298413982673580
N(O(11), 10, [0,2,0,0,0,0,0,0,0,0,0,0,0], [0,2,1,0,0,0,0,0,0,0,0,0,0]) = 2902961950015112304
N(O(11), 10, [0,2,0,0,0,0,0,0,0,0,0,0,0], [0,1,0,0,1,0,0,0,0,0,0,0,0]) = 1605019097805760060
N(O(11), 10, [0,2,0,0,0,0,0,0,0,0,0,0,0], [0,0,1,1,0,0,0,0,0,0,0,0,0]) = 1908004392183230280
N(O(11), 10, [0,2,0,0,0,0,0,0,0,0,0,0,0], [0,0,0,0,0,0,1,0,0,0,0,0,0]) = 556309662998893594
N(O(11), 10, [0,0,0,1,0,0,0,0,0,0,0,0,0], [7,0,0,0,0,0,0,0,0,0,0,0,0]) = 162060331277735768
N(O(11), 10, [0,0,0,1,0,0,0,0,0,0,0,0,0], [5,1,0,0,0,0,0,0,0,0,0,0,0]) = 1676283697439999258
N(O(11), 10, [0,0,0,1,0,0,0,0,0,0,0,0,0], [4,0,1,0,0,0,0,0,0,0,0,0,0]) = 1969593086744366559
N(O(11), 10, [0,0,0,1,0,0,0,0,0,0,0,0,0], [3,2,0,0,0,0,0,0,0,0,0,0,0]) = 4679033656046956948
N(O(11), 10, [0,0,0,1,0,0,0,0,0,0,0,0,0], [3,0,0,1,0,0,0,0,0,0,0,0,0]) = 1966783536146130480
N(O(11), 10, [0,0,0,1,0,0,0,0,0,0,0,0,0], [2,1,1,0,0,0,0,0,0,0,0,0,0]) = 7691512895149076784
N(O(11), 10, [0,0,0,1,0,0,0,0,0,0,0,0,0], [2,0,0,0,1,0,0,0,0,0,0,0,0]) = 1699355948625165635
N(O(11), 10, [0,0,0,1,0,0,0,0,0,0,0,0,0], [1,3,0,0,0,0,0,0,0,0,0,0,0]) = 2985855583198916504
N(O(11), 10, [0,0,0,1,0,0,0,0,0,0,0,0,0], [1,1,0,1,0,0,0,0,0,0,0,0,0]) = 4573726503925997760
N(O(11), 10, [0,0,0,1,0,0,0,0,0,0,0,0,0], [1,0,2,0,0,0,0,0,0,0,0,0,0]) = 2555929420105680585
N(O(11), 10, [0,0,0,1,0,0,0,0,0,0,0,0,0], [1,0,0,0,0,1,0,0,0,0,0,0,0]) = 1204839773902124424
N(O(11), 10, [0,0,0,1,0,0,0,0,0,0,0,0,0], [0,2,1,0,0,0,0,0,0,0,0,0,0]) = 2891532891073725000
N(O(11), 10, [0,0,0,1,0,0,0,0,0,0,0,0,0], [0,1,0,0,1,0,0,0,0,0,0,0,0]) = 1598685681493451320
N(O(11), 10, [0,0,0,1,0,0,0,0,0,0,0,0,0], [0,0,1,1,0,0,0,0,0,0,0,0,0]) = 1900440879808407048
N(O(11), 10, [0,0,0,1,0,0,0,0,0,0,0,0,0], [0,0,0,0,0,0,1,0,0,0,0,0,0]) = 554103913089174882
N(O(11), 10, [3,0,0,0,0,0,0,0,0,0,0,0,0], [8,0,0,0,0,0,0,0,0,0,0,0,0]) = 192382226805467274
N(O(11), 10, [3,0,0,0,0,0,0,0,0,0,0,0,0], [6,1,0,0,0,0,0,0,0,0,0,0,0]) = 2350685615139214320
N(O(11), 10, [3,0,0,0,0,0,0,0,0,0,0,0,0], [5,0,1,0,0,0,0,0,0,0,0,0,0]) = 2857284183638795442
N(O(11), 10, [3,0,0,0,0,0,0,0,0,0,0,0,0], [4,2,0,0,0,0,0,0,0,0,0,0,0]) = 8614994743568760012
N(O(11), 10, [3,0,0,0,0,0,0,0,0,0,0,0,0], [4,0,0,1,0,0,0,0,0,0,0,0,0]) = 2998180786171715052
N(O(11), 10, [3,0,0,0,0,0,0,0,0,0,0,0,0], [3,1,1,0,0,0,0,0,0,0,0,0,0]) = 15994762064337873360
N(O(11), 10, [3,0,0,0,0,0,0,0,0,0,0,0,0], [3,0,0,0,1,0,0,0,0,0,0,0,0]) = 2810463683003311620
N(O(11), 10, [3,0,0,0,0,0,0,0,0,0,0,0,0], [2,3,0,0,0,0,0,0,0,0,0,0,0]) = 9514271566807236720
N(O(11), 10, [3,0,0,0,0,0,0,0,0,0,0,0,0], [2,1,0,1,0,0,0,0,0,0,0,0,0]) = 11756025312260383776
N(O(11), 10, [3,0,0,0,0,0,0,0,0,0,0,0,0], [2,0,2,0,0,0,0,0,0,0,0,0,0]) = 6579799940267697519
N(O(11), 10, [3,0,0,0,0,0,0,0,0,0,0,0,0], [2,0,0,0,0,1,0,0,0,0,0,0,0]) = 2334946276858579950
N(O(11), 10, [3,0,0,0,0,0,0,0,0,0,0,0,0], [1,2,1,0,0,0,0,0,0,0,0,0,0]) = 15366036091842187956
N(O(11), 10, [3,0,0,0,0,0,0,0,0,0,0,0,0], [1,1,0,0,1,0,0,0,0,0,0,0,0]) = 6570533548240509210
N(O(11), 10, [3,0,0,0,0,0,0,0,0,0,0,0,0], [1,0,1,1,0,0,0,0,0,0,0,0,0]) = 7833395398452393816
N(O(11), 10, [3,0,0,0,0,0,0,0,0,0,0,0,0], [1,0,0,0,0,0,1,0,0,0,0,0,0]) = 1613775210160986222
N(O(11), 10, [3,0,0,0,0,0,0,0,0,0,0,0,0], [0,4,0,0,0,0,0,0,0,0,0,0,0]) = 1495049705425189392
N(O(11), 10, [3,0,0,0,0,0,0,0,0,0,0,0,0], [0,2,0,1,0,0,0,0,0,0,0,0,0]) = 4445990201930362912
N(O(11), 10, [3,0,0,0,0,0,0,0,0,0,0,0,0], [0,1,2,0,0,0,0,0,0,0,0,0,0]) = 4969706161835791530
N(O(11), 10, [3,0,0,0,0,0,0,0,0,0,0,0,0], [0,1,0,0,0,1,0,0,0,0,0,0,0]) = 2213205452741368716
N(O(11), 10, [3,0,0,0,0,0,0,0,0,0,0,0,0], [0,0,1,0,1,0,0,0,0,0,0,0,0]) = 2741534336413567650
N(O(11), 10, [3,0,0,0,0,0,0,0,0,0,0,0,0], [0,0,0,2,0,0,0,0,0,0,0,0,0]) = 1461713875992419808
N(O(11), 10, [3,0,0,0,0,0,0,0,0,0,0,0,0], [0,0,0,0,0,0,0,1,0,0,0,0,0]) = 730843487766006432
N(O(11), 10, [1,1,0,0,0,0,0,0,0,0,0,0,0], [8,0,0,0,0,0,0,0,0,0,0,0,0]) = 176920918817478296
N(O(11), 10, [1,1,0,0,0,0,0,0,0,0,0,0,0], [6,1,0,0,0,0,0,0,0,0,0,0,0]) = 2158497588735147440
N(O(11), 10, [1,1,0,0,0,0,0,0,0,0,0,0,0], [5,0,1,0,0,0,0,0,0,0,0,0,0]) = 2622076133072892624
N(O(11), 10, [1,1,0,0,0,0,0,0,0,0,0,0,0], [4,2,0,0,0,0,0,0,0,0,0,0,0]) = 7896002579121527796
N(O(11), 10, [1,1,0,0,0,0,0,0,0,0,0,0,0], [4,0,0,1,0,0,0,0,0,0,0,0,0]) = 2749673841694462396
N(O(11), 10, [1,1,0,0,0,0,0,0,0,0,0,0,0], [3,1,1,0,0,0,0,0,0,0,0,0,0]) = 14646422408215533228
N(O(11), 10, [1,1,0,0,0,0,0,0,0,0,0,0,0], [3,0,0,0,1,0,0,0,0,0,0,0,0]) = 2575589012865256570
N(O(11), 10, [1,1,0,0,0,0,0,0,0,0,0,0,0], [2,3,0,0,0,0,0,0,0,0,0,0,0]) = 8699464929762667200
N(O(11), 10, [1,1,0,0,0,0,0,0,0,0,0,0,0], [2,1,0,1,0,0,0,0,0,0,0,0,0]) = 10753434541231101504
N(O(11), 10, [1,1,0,0,0,0,0,0,0,0,0,0,0], [2,0,2,0,0,0,0,0,0,0,0,0,0]) = 6017959885237810263
N(O(11), 10, [1,1,0,0,0,0,0,0,0,0,0,0,0], [2,0,0,0,0,1,0,0,0,0,0,0,0]) = 2137619924474218242
N(O(11), 10, [1,1,0,0,0,0,0,0,0,0,0,0,0], [1,2,1,0,0,0,0,0,0,0,0,0,0]) = 14029298484089814972
N(O(11), 10, [1,1,0,0,0,0,0,0,0,0,0,0,0], [1,1,0,0,1,0,0,0,0,0,0,0,0]) = 6001053445022363570
N(O(11), 10, [1,1,0,0,0,0,0,0,0,0,0,0,0], [1,0,1,1,0,0,0,0,0,0,0,0,0]) = 7153326588210799704
N(O(11), 10, [1,1,0,0,0,0,0,0,0,0,0,0,0], [1,0,0,0,0,0,1,0,0,0,0,0,0]) = 1474892640163869850
N(O(11), 10, [1,1,0,0,0,0,0,0,0,0,0,0,0], [0,4,0,0,0,0,0,0,0,0,0,0,0]) = 1362594407708249360
N(O(11), 10, [1,1,0,0,0,0,0,0,0,0,0,0,0], [0,2,0,1,0,0,0,0,0,0,0,0,0]) = 4051248705903329504
N(O(11), 10, [1,1,0,0,0,0,0,0,0,0,0,0,0], [0,1,2,0,0,0,0,0,0,0,0,0,0]) = 4527759949108716762
N(O(11), 10, [1,1,0,0,0,0,0,0,0,0,0,0,0], [0,1,0,0,0,1,0,0,0,0,0,0,0]) = 2016490801877235948
N(O(11), 10, [1,1,0,0,0,0,0,0,0,0,0,0,0], [0,0,1,0,1,0,0,0,0,0,0,0,0]) = 2497290452217462960
N(O(11), 10, [1,1,0,0,0,0,0,0,0,0,0,0,0], [0,0,0,2,0,0,0,0,0,0,0,0,0]) = 1331475526672693920
N(O(11), 10, [1,1,0,0,0,0,0,0,0,0,0,0,0], [0,0,0,0,0,0,0,1,0,0,0,0,0]) = 665724955080807488
N(O(11), 10, [0,0,1,0,0,0,0,0,0,0,0,0,0], [8,0,0,0,0,0,0,0,0,0,0,0,0]) = 169218622498590477
N(O(11), 10, [0,0,1,0,0,0,0,0,0,0,0,0,0], [6,1,0,0,0,0,0,0,0,0,0,0,0]) = 2062766539518551844
N(O(11), 10, [0,0,1,0,0,0,0,0,0,0,0,0,0], [5,0,1,0,0,0,0,0,0,0,0,0,0]) = 2504921812985460966
N(O(11), 10, [0,0,1,0,0,0,0,0,0,0,0,0,0], [4,2,0,0,0,0,0,0,0,0,0,0,0]) = 7537911592461968820
N(O(11), 10, [0,0,1,0,0,0,0,0,0,0,0,0,0], [4,0,0,1,0,0,0,0,0,0,0,0,0]) = 2625901372900679172
N(O(11), 10, [0,0,1,0,0,0,0,0,0,0,0,0,0], [3,1,1,0,0,0,0,0,0,0,0,0,0]) = 13974932139150140634
N(O(11), 10, [0,0,1,0,0,0,0,0,0,0,0,0,0], [3,0,0,0,1,0,0,0,0,0,0,0,0]) = 2458612768538485845
N(O(11), 10, [0,0,1,0,0,0,0,0,0,0,0,0,0], [2,3,0,0,0,0,0,0,0,0,0,0,0]) = 8293721902961168592
N(O(11), 10, [0,0,1,0,0,0,0,0,0,0,0,0,0], [2,1,0,1,0,0,0,0,0,0,0,0,0]) = 10254169761578370048
N(O(11), 10, [0,0,1,0,0,0,0,0,0,0,0,0,0], [2,0,2,0,0,0,0,0,0,0,0,0,0]) = 5738179721697764271
N(O(11), 10, [0,0,1,0,0,0,0,0,0,0,0,0,0], [2,0,0,0,0,1,0,0,0,0,0,0,0]) = 2039351187014656572
N(O(11), 10, [0,0,1,0,0,0,0,0,0,0,0,0,0], [1,2,1,0,0,0,0,0,0,0,0,0,0]) = 13363722250459164720
N(O(11), 10, [0,0,1,0,0,0,0,0,0,0,0,0,0], [1,1,0,0,1,0,0,0,0,0,0,0,0]) = 5717496553888359660
N(O(11), 10, [0,0,1,0,0,0,0,0,0,0,0,0,0], [1,0,1,1,0,0,0,0,0,0,0,0,0]) = 6814708273693306548
N(O(11), 10, [0,0,1,0,0,0,0,0,0,0,0,0,0], [1,0,0,0,0,0,1,0,0,0,0,0,0]) = 1405736782642851036
N(O(11), 10, [0,0,1,0,0,0,0,0,0,0,0,0,0], [0,4,0,0,0,0,0,0,0,0,0,0,0]) = 1296651634166622096
N(O(11), 10, [0,0,1,0,0,0,0,0,0,0,0,0,0], [0,2,0,1,0,0,0,0,0,0,0,0,0]) = 3854729505929488768
N(O(11), 10, [0,0,1,0,0,0,0,0,0,0,0,0,0], [0,1,2,0,0,0,0,0,0,0,0,0,0]) = 4307742316250787834
N(O(11), 10, [0,0,1,0,0,0,0,0,0,0,0,0,0], [0,1,0,0,0,1,0,0,0,0,0,0,0]) = 1918558480987565772
N(O(11), 10, [0,0,1,0,0,0,0,0,0,0,0,0,0], [0,0,1,0,1,0,0,0,0,0,0,0,0]) = 2375697852096083625
N(O(11), 10, [0,0,1,0,0,0,0,0,0,0,0,0,0], [0,0,0,2,0,0,0,0,0,0,0,0,0]) = 1266638647305589824
N(O(11), 10, [0,0,1,0,0,0,0,0,0,0,0,0,0], [0,0,0,0,0,0,0,1,0,0,0,0,0]) = 633306836052094464
N(O(11), 10, [2,0,0,0,0,0,0,0,0,0,0,0,0], [9,0,0,0,0,0,0,0,0,0,0,0,0]) = 192382226805469706
N(O(11), 10, [2,0,0,0,0,0,0,0,0,0,0,0,0], [7,1,0,0,0,0,0,0,0,0,0,0,0]) = 2704527452771666368
N(O(11), 10, [2,0,0,0,0,0,0,0,0,0,0,0,0], [6,0,1,0,0,0,0,0,0,0,0,0,0]) = 3364940050373355414
N(O(11), 10, [2,0,0,0,0,0,0,0,0,0,0,0,0], [5,2,0,0,0,0,0,0,0,0,0,0,0]) = 12281648192435937120
N(O(11), 10, [2,0,0,0,0,0,0,0,0,0,0,0,0], [5,0,0,1,0,0,0,0,0,0,0,0,0]) = 3646422013996662576
N(O(11), 10, [2,0,0,0,0,0,0,0,0,0,0,0,0], [4,1,1,0,0,0,0,0,0,0,0,0,0]) = 24629214537936982830
N(O(11), 10, [2,0,0,0,0,0,0,0,0,0,0,0,0], [4,0,0,0,1,0,0,0,0,0,0,0,0]) = 3586368098873734125
N(O(11), 10, [2,0,0,0,0,0,0,0,0,0,0,0,0], [3,3,0,0,0,0,0,0,0,0,0,0,0]) = 19772966203931214776
N(O(11), 10, [2,0,0,0,0,0,0,0,0,0,0,0,0], [3,1,0,1,0,0,0,0,0,0,0,0,0]) = 20389043308790146960
N(O(11), 10, [2,0,0,0,0,0,0,0,0,0,0,0,0], [3,0,2,0,0,0,0,0,0,0,0,0,0]) = 11420078146173511353
N(O(11), 10, [2,0,0,0,0,0,0,0,0,0,0,0,0], [3,0,0,0,0,1,0,0,0,0,0,0,0]) = 3226117686728960166
N(O(11), 10, [2,0,0,0,0,0,0,0,0,0,0,0,0], [2,2,1,0,0,0,0,0,0,0,0,0,0]) = 40723142471325724068
N(O(11), 10, [2,0,0,0,0,0,0,0,0,0,0,0,0], [2,1,0,0,1,0,0,0,0,0,0,0,0]) = 14043330442215869010
N(O(11), 10, [2,0,0,0,0,0,0,0,0,0,0,0,0], [2,0,1,1,0,0,0,0,0,0,0,0,0]) = 16764185141589045168
N(O(11), 10, [2,0,0,0,0,0,0,0,0,0,0,0,0], [2,0,0,0,0,0,1,0,0,0,0,0,0]) = 2604444135117026321
N(O(11), 10, [2,0,0,0,0,0,0,0,0,0,0,0,0], [1,4,0,0,0,0,0,0,0,0,0,0,0]) = 8062390998121857504
N(O(11), 10, [2,0,0,0,0,0,0,0,0,0,0,0,0], [1,2,0,1,0,0,0,0,0,0,0,0,0]) = 19557071029173254784
N(O(11), 10, [2,0,0,0,0,0,0,0,0,0,0,0,0], [1,1,2,0,0,0,0,0,0,0,0,0,0]) = 21887901681180572286
N(O(11), 10, [2,0,0,0,0,0,0,0,0,0,0,0,0], [1,1,0,0,0,1,0,0,0,0,0,0,0]) = 7529092020284068908
N(O(11), 10, [2,0,0,0,0,0,0,0,0,0,0,0,0], [1,0,1,0,1,0,0,0,0,0,0,0,0]) = 9349377660825380250
N(O(11), 10, [2,0,0,0,0,0,0,0,0,0,0,0,0], [1,0,0,2,0,0,0,0,0,0,0,0,0]) = 4985268187288513984
N(O(11), 10, [2,0,0,0,0,0,0,0,0,0,0,0,0], [1,0,0,0,0,0,0,1,0,0,0,0,0]) = 1761758334405157856
N(O(11), 10, [2,0,0,0,0,0,0,0,0,0,0,0,0], [0,3,1,0,0,0,0,0,0,0,0,0,0]) = 8509550169434910072
N(O(11), 10, [2,0,0,0,0,0,0,0,0,0,0,0,0], [0,2,0,0,1,0,0,0,0,0,0,0,0]) = 5300484663281992400
N(O(11), 10, [2,0,0,0,0,0,0,0,0,0,0,0,0], [0,1,1,1,0,0,0,0,0,0,0,0,0]) = 12635839567711035600
N(O(11), 10, [2,0,0,0,0,0,0,0,0,0,0,0,0], [0,1,0,0,0,0,1,0,0,0,0,0,0]) = 2462549191614978872
N(O(11), 10, [2,0,0,0,0,0,0,0,0,0,0,0,0], [0,0,3,0,0,0,0,0,0,0,0,0,0]) = 2353818351902808384
N(O(11), 10, [2,0,0,0,0,0,0,0,0,0,0,0,0], [0,0,1,0,0,1,0,0,0,0,0,0,0]) = 3137185594786402584
N(O(11), 10, [2,0,0,0,0,0,0,0,0,0,0,0,0], [0,0,0,1,1,0,0,0,0,0,0,0,0]) = 3484668214587599880
N(O(11), 10, [2,0,0,0,0,0,0,0,0,0,0,0,0], [0,0,0,0,0,0,0,0,1,0,0,0,0]) = 784042786608779178
N(O(11), 10, [0,1,0,0,0,0,0,0,0,0,0,0,0], [9,0,0,0,0,0,0,0,0,0,0,0,0]) = 176920918817480726
N(O(11), 10, [0,1,0,0,0,0,0,0,0,0,0,0,0], [7,1,0,0,0,0,0,0,0,0,0,0,0]) = 2483668453525888308
N(O(11), 10, [0,1,0,0,0,0,0,0,0,0,0,0,0], [6,0,1,0,0,0,0,0,0,0,0,0,0]) = 3088409415009276654
N(O(11), 10, [0,1,0,0,0,0,0,0,0,0,0,0,0], [5,2,0,0,0,0,0,0,0,0,0,0,0]) = 11259867454442267280
N(O(11), 10, [0,1,0,0,0,0,0,0,0,0,0,0,0], [5,0,0,1,0,0,0,0,0,0,0,0,0]) = 3344921093559978336
N(O(11), 10, [0,1,0,0,0,0,0,0,0,0,0,0,0], [4,1,1,0,0,0,0,0,0,0,0,0,0]) = 22562560159403585934
N(O(11), 10, [0,1,0,0,0,0,0,0,0,0,0,0,0], [4,0,0,0,1,0,0,0,0,0,0,0,0]) = 3287788261272802025
N(O(11), 10, [0,1,0,0,0,0,0,0,0,0,0,0,0], [3,3,0,0,0,0,0,0,0,0,0,0,0]) = 18090654311249621208
N(O(11), 10, [0,1,0,0,0,0,0,0,0,0,0,0,0], [3,1,0,1,0,0,0,0,0,0,0,0,0]) = 18662343655373688016
N(O(11), 10, [0,1,0,0,0,0,0,0,0,0,0,0,0], [3,0,2,0,0,0,0,0,0,0,0,0,0]) = 10451940710221484649
N(O(11), 10, [0,1,0,0,0,0,0,0,0,0,0,0,0], [3,0,0,0,0,1,0,0,0,0,0,0,0]) = 2955293575505983974
N(O(11), 10, [0,1,0,0,0,0,0,0,0,0,0,0,0], [2,2,1,0,0,0,0,0,0,0,0,0,0]) = 37215429908087758212
N(O(11), 10, [0,1,0,0,0,0,0,0,0,0,0,0,0], [2,1,0,0,1,0,0,0,0,0,0,0,0]) = 12840102135822129030
N(O(11), 10, [0,1,0,0,0,0,0,0,0,0,0,0,0], [2,0,1,1,0,0,0,0,0,0,0,0,0]) = 15325952749887947040
N(O(11), 10, [0,1,0,0,0,0,0,0,0,0,0,0,0], [2,0,0,0,0,0,1,0,0,0,0,0,0]) = 2383333481546721165
N(O(11), 10, [0,1,0,0,0,0,0,0,0,0,0,0,0], [1,4,0,0,0,0,0,0,0,0,0,0,0]) = 7356865266111091680
N(O(11), 10, [0,1,0,0,0,0,0,0,0,0,0,0,0], [1,2,0,1,0,0,0,0,0,0,0,0,0]) = 17847483058476708384
N(O(11), 10, [0,1,0,0,0,0,0,0,0,0,0,0,0], [1,1,2,0,0,0,0,0,0,0,0,0,0]) = 19972121944936334202
N(O(11), 10, [0,1,0,0,0,0,0,0,0,0,0,0,0], [1,1,0,0,0,1,0,0,0,0,0,0,0]) = 6873418513841481684
N(O(11), 10, [0,1,0,0,0,0,0,0,0,0,0,0,0], [1,0,1,0,1,0,0,0,0,0,0,0,0]) = 8533803861672630060
N(O(11), 10, [0,1,0,0,0,0,0,0,0,0,0,0,0], [1,0,0,2,0,0,0,0,0,0,0,0,0]) = 4550355645097556576
N(O(11), 10, [0,1,0,0,0,0,0,0,0,0,0,0,0], [1,0,0,0,0,0,0,1,0,0,0,0,0]) = 1609422122275054512
N(O(11), 10, [0,1,0,0,0,0,0,0,0,0,0,0,0], [0,3,1,0,0,0,0,0,0,0,0,0,0]) = 7750901351271240792
N(O(11), 10, [0,1,0,0,0,0,0,0,0,0,0,0,0], [0,2,0,0,1,0,0,0,0,0,0,0,0]) = 4827548823478050880
N(O(11), 10, [0,1,0,0,0,0,0,0,0,0,0,0,0], [0,1,1,1,0,0,0,0,0,0,0,0,0]) = 11506490045407156368
N(O(11), 10, [0,1,0,0,0,0,0,0,0,0,0,0,0], [0,1,0,0,0,0,1,0,0,0,0,0,0]) = 2242587533202147852
N(O(11), 10, [0,1,0,0,0,0,0,0,0,0,0,0,0], [0,0,3,0,0,0,0,0,0,0,0,0,0]) = 2143099703291041422
N(O(11), 10, [0,1,0,0,0,0,0,0,0,0,0,0,0], [0,0,1,0,0,1,0,0,0,0,0,0,0]) = 2856299089589614836
N(O(11), 10, [0,1,0,0,0,0,0,0,0,0,0,0,0], [0,0,0,1,1,0,0,0,0,0,0,0,0]) = 3172634701984374080
N(O(11), 10, [0,1,0,0,0,0,0,0,0,0,0,0,0], [0,0,0,0,0,0,0,0,1,0,0,0,0]) = 713835607257449586
N(O(11), 10, [1,0,0,0,0,0,0,0,0,0,0,0,0], [10,0,0,0,0,0,0,0,0,0,0,0,0]) = 192382226805469707
N(O(11), 10, [1,0,0,0,0,0,0,0,0,0,0,0,0], [8,1,0,0,0,0,0,0,0,0,0,0,0]) = 3058369290406622978
N(O(11), 10, [1,0,0,0,0,0,0,0,0,0,0,0,0], [7,0,1,0,0,0,0,0,0,0,0,0,0]) = 3872595917865324729
N(O(11), 10, [1,0,0,0,0,0,0,0,0,0,0,0,0], [6,2,0,0,0,0,0,0,0,0,0,0,0]) = 16598643369906232112
N(O(11), 10, [1,0,0,0,0,0,0,0,0,0,0,0,0], [6,0,0,1,0,0,0,0,0,0,0,0,0]) = 4294663338101731696
N(O(11), 10, [1,0,0,0,0,0,0,0,0,0,0,0,0], [5,1,1,0,0,0,0,0,0,0,0,0,0]) = 35128999858724185968
N(O(11), 10, [1,0,0,0,0,0,0,0,0,0,0,0,0], [5,0,0,0,1,0,0,0,0,0,0,0,0]) = 4362278710459566435
N(O(11), 10, [1,0,0,0,0,0,0,0,0,0,0,0,0], [4,3,0,0,0,0,0,0,0,0,0,0,0]) = 35564971362174270648
N(O(11), 10, [1,0,0,0,0,0,0,0,0,0,0,0,0], [4,1,0,1,0,0,0,0,0,0,0,0,0]) = 31403031270050784280
N(O(11), 10, [1,0,0,0,0,0,0,0,0,0,0,0,0], [4,0,2,0,0,0,0,0,0,0,0,0,0]) = 17597594460079953279
N(O(11), 10, [1,0,0,0,0,0,0,0,0,0,0,0,0], [4,0,0,0,0,1,0,0,0,0,0,0,0]) = 4117509449761836708
N(O(11), 10, [1,0,0,0,0,0,0,0,0,0,0,0,0], [3,2,1,0,0,0,0,0,0,0,0,0,0]) = 84702794400016174848
N(O(11), 10, [1,0,0,0,0,0,0,0,0,0,0,0,0], [3,1,0,0,1,0,0,0,0,0,0,0,0]) = 24364225826456475290
N(O(11), 10, [1,0,0,0,0,0,0,0,0,0,0,0,0], [3,0,1,1,0,0,0,0,0,0,0,0,0]) = 29107185210156415488
N(O(11), 10, [1,0,0,0,0,0,0,0,0,0,0,0,0], [3,0,0,0,0,0,1,0,0,0,0,0,0]) = 3599613572331848078
N(O(11), 10, [1,0,0,0,0,0,0,0,0,0,0,0,0], [2,4,0,0,0,0,0,0,0,0,0,0,0]) = 25461320857647192144
N(O(11), 10, [1,0,0,0,0,0,0,0,0,0,0,0,0], [2,2,0,1,0,0,0,0,0,0,0,0,0]) = 51856794042481630704
N(O(11), 10, [1,0,0,0,0,0,0,0,0,0,0,0,0], [2,1,2,0,0,0,0,0,0,0,0,0,0]) = 58081360229177772834
N(O(11), 10, [1,0,0,0,0,0,0,0,0,0,0,0,0], [2,1,0,0,0,1,0,0,0,0,0,0,0]) = 16101100981283183976
N(O(11), 10, [1,0,0,0,0,0,0,0,0,0,0,0,0], [2,0,1,0,1,0,0,0,0,0,0,0,0]) = 20020140745348697415
N(O(11), 10, [1,0,0,0,0,0,0,0,0,0,0,0,0], [2,0,0,2,0,0,0,0,0,0,0,0,0]) = 10675588579246613616
N(O(11), 10, [1,0,0,0,0,0,0,0,0,0,0,0,0], [2,0,0,0,0,0,0,1,0,0,0,0,0]) = 2845137498138708448
N(O(11), 10, [1,0,0,0,0,0,0,0,0,0,0,0,0], [1,3,1,0,0,0,0,0,0,0,0,0,0]) = 45954874773490857120
N(O(11), 10, [1,0,0,0,0,0,0,0,0,0,0,0,0], [1,2,0,0,1,0,0,0,0,0,0,0,0]) = 23333995711364800260
N(O(11), 10, [1,0,0,0,0,0,0,0,0,0,0,0,0], [1,1,1,1,0,0,0,0,0,0,0,0,0]) = 55698451736579952480
N(O(11), 10, [1,0,0,0,0,0,0,0,0,0,0,0,0], [1,1,0,0,0,0,1,0,0,0,0,0,0]) = 8385874516268043228
N(O(11), 10, [1,0,0,0,0,0,0,0,0,0,0,0,0], [1,0,3,0,0,0,0,0,0,0,0,0,0]) = 10388660306432921739
N(O(11), 10, [1,0,0,0,0,0,0,0,0,0,0,0,0], [1,0,1,0,0,1,0,0,0,0,0,0,0]) = 10709932459898786562
N(O(11), 10, [1,0,0,0,0,0,0,0,0,0,0,0,0], [1,0,0,1,1,0,0,0,0,0,0,0,0]) = 11897260599128044000
N(O(11), 10, [1,0,0,0,0,0,0,0,0,0,0,0,0], [1,0,0,0,0,0,0,0,1,0,0,0,0]) = 1892822705086261455
N(O(11), 10, [1,0,0,0,0,0,0,0,0,0,0,0,0], [0,5,0,0,0,0,0,0,0,0,0,0,0]) = 2725188815416498752
N(O(11), 10, [1,0,0,0,0,0,0,0,0,0,0,0,0], [0,3,0,1,0,0,0,0,0,0,0,0,0]) = 10817101459440486304
N(O(11), 10, [1,0,0,0,0,0,0,0,0,0,0,0,0], [0,2,2,0,0,0,0,0,0,0,0,0,0]) = 18155821567596480252
N(O(11), 10, [1,0,0,0,0,0,0,0,0,0,0,0,0], [0,2,0,0,0,1,0,0,0,0,0,0,0]) = 6064965275639426256
N(O(11), 10, [1,0,0,0,0,0,0,0,0,0,0,0,0], [0,1,1,0,1,0,0,0,0,0,0,0,0]) = 15059321941556874990
N(O(11), 10, [1,0,0,0,0,0,0,0,0,0,0,0,0], [0,1,0,2,0,0,0,0,0,0,0,0,0]) = 8029802666042767520
N(O(11), 10, [1,0,0,0,0,0,0,0,0,0,0,0,0], [0,1,0,0,0,0,0,1,0,0,0,0,0]) = 2683393940240416880
N(O(11), 10, [1,0,0,0,0,0,0,0,0,0,0,0,0], [0,0,2,1,0,0,0,0,0,0,0,0,0]) = 8974057849967580408
N(O(11), 10, [1,0,0,0,0,0,0,0,0,0,0,0,0], [0,0,1,0,0,0,1,0,0,0,0,0,0]) = 3489334309028296974
N(O(11), 10, [1,0,0,0,0,0,0,0,0,0,0,0,0], [0,0,0,1,0,1,0,0,0,0,0,0,0]) = 3986535953385090144
N(O(11), 10, [1,0,0,0,0,0,0,0,0,0,0,0,0], [0,0,0,0,2,0,0,0,0,0,0,0,0]) = 2076301776580976025
N(O(11), 10, [1,0,0,0,0,0,0,0,0,0,0,0,0], [0,0,0,0,0,0,0,0,0,1,0,0,0]) = 830520318463866190
N(O(11), 10, [0,0,0,0,0,0,0,0,0,0,0,0,0], [11,0,0,0,0,0,0,0,0,0,0,0,0]) = 192382226805469707
N(O(11), 10, [0,0,0,0,0,0,0,0,0,0,0,0,0], [9,1,0,0,0,0,0,0,0,0,0,0,0]) = 3412211128041584430
N(O(11), 10, [0,0,0,0,0,0,0,0,0,0,0,0,0], [8,0,1,0,0,0,0,0,0,0,0,0,0]) = 4380251785361096160
N(O(11), 10, [0,0,0,0,0,0,0,0,0,0,0,0,0], [7,2,0,0,0,0,0,0,0,0,0,0,0]) = 21565980276958008728
N(O(11), 10, [0,0,0,0,0,0,0,0,0,0,0,0,0], [7,0,0,1,0,0,0,0,0,0,0,0,0]) = 4942904663212674768
N(O(11), 10, [0,0,0,0,0,0,0,0,0,0,0,0,0], [6,1,1,0,0,0,0,0,0,0,0,0,0]) = 47494118307298394808
N(O(11), 10, [0,0,0,0,0,0,0,0,0,0,0,0,0], [6,0,0,0,1,0,0,0,0,0,0,0,0]) = 5138189441512423935
N(O(11), 10, [0,0,0,0,0,0,0,0,0,0,0,0,0], [5,3,0,0,0,0,0,0,0,0,0,0,0]) = 58084706271058805208
N(O(11), 10, [0,0,0,0,0,0,0,0,0,0,0,0,0], [5,1,0,1,0,0,0,0,0,0,0,0,0]) = 44798008246930737984
N(O(11), 10, [0,0,0,0,0,0,0,0,0,0,0,0,0], [5,0,2,0,0,0,0,0,0,0,0,0,0]) = 25112359899036336177
N(O(11), 10, [0,0,0,0,0,0,0,0,0,0,0,0,0], [5,0,0,0,0,1,0,0,0,0,0,0,0]) = 5008908560839712478
N(O(11), 10, [0,0,0,0,0,0,0,0,0,0,0,0,0], [4,2,1,0,0,0,0,0,0,0,0,0,0]) = 152441649496209253176
N(O(11), 10, [0,0,0,0,0,0,0,0,0,0,0,0,0], [4,1,0,0,1,0,0,0,0,0,0,0,0]) = 37533918890992967040
N(O(11), 10, [0,0,0,0,0,0,0,0,0,0,0,0,0], [4,0,1,1,0,0,0,0,0,0,0,0,0]) = 44863261675835919240
N(O(11), 10, [0,0,0,0,0,0,0,0,0,0,0,0,0], [4,0,0,0,0,0,1,0,0,0,0,0,0]) = 4595035719130505460
N(O(11), 10, [0,0,0,0,0,0,0,0,0,0,0,0,0], [3,4,0,0,0,0,0,0,0,0,0,0,0]) = 61642629480146434560
N(O(11), 10, [0,0,0,0,0,0,0,0,0,0,0,0,0], [3,2,0,1,0,0,0,0,0,0,0,0,0]) = 107897615977416834528
N(O(11), 10, [0,0,0,0,0,0,0,0,0,0,0,0,0], [3,1,2,0,0,0,0,0,0,0,0,0,0]) = 120910038067071164034
N(O(11), 10, [0,0,0,0,0,0,0,0,0,0,0,0,0], [3,1,0,0,0,1,0,0,0,0,0,0,0]) = 27943832593933407540
N(O(11), 10, [0,0,0,0,0,0,0,0,0,0,0,0,0], [3,0,1,0,1,0,0,0,0,0,0,0,0]) = 34772652045725018280
N(O(11), 10, [0,0,0,0,0,0,0,0,0,0,0,0,0], [3,0,0,2,0,0,0,0,0,0,0,0,0]) = 18542722723831135536
N(O(11), 10, [0,0,0,0,0,0,0,0,0,0,0,0,0], [3,0,0,0,0,0,0,1,0,0,0,0,0]) = 3933540586123131768
N(O(11), 10, [0,0,0,0,0,0,0,0,0,0,0,0,0], [2,3,1,0,0,0,0,0,0,0,0,0,0]) = 145266900298549879320
N(O(11), 10, [0,0,0,0,0,0,0,0,0,0,0,0,0], [2,2,0,0,1,0,0,0,0,0,0,0,0]) = 61902049403666034060
N(O(11), 10, [0,0,0,0,0,0,0,0,0,0,0,0,0], [2,1,1,1,0,0,0,0,0,0,0,0,0]) = 147878918101687263840
N(O(11), 10, [0,0,0,0,0,0,0,0,0,0,0,0,0], [2,1,0,0,0,0,1,0,0,0,0,0,0]) = 17943542496436575102
N(O(11), 10, [0,0,0,0,0,0,0,0,0,0,0,0,0], [2,0,3,0,0,0,0,0,0,0,0,0,0]) = 27603199471526214552
N(O(11), 10, [0,0,0,0,0,0,0,0,0,0,0,0,0], [2,0,1,0,0,1,0,0,0,0,0,0,0]) = 22947014392698850182
N(O(11), 10, [0,0,0,0,0,0,0,0,0,0,0,0,0], [2,0,0,1,1,0,0,0,0,0,0,0,0]) = 25492136595665954940
N(O(11), 10, [0,0,0,0,0,0,0,0,0,0,0,0,0], [2,0,0,0,0,0,0,0,1,0,0,0,0]) = 3058834338377807076
N(O(11), 10, [0,0,0,0,0,0,0,0,0,0,0,0,0], [1,5,0,0,0,0,0,0,0,0,0,0,0]) = 17438919347638682112
N(O(11), 10, [0,0,0,0,0,0,0,0,0,0,0,0,0], [1,3,0,1,0,0,0,0,0,0,0,0,0]) = 58455489909189569088
N(O(11), 10, [0,0,0,0,0,0,0,0,0,0,0,0,0], [1,2,2,0,0,0,0,0,0,0,0,0,0]) = 98191232208846642816
N(O(11), 10, [0,0,0,0,0,0,0,0,0,0,0,0,0], [1,2,0,0,0,1,0,0,0,0,0,0,0]) = 26720465555265741744
N(O(11), 10, [0,0,0,0,0,0,0,0,0,0,0,0,0], [1,1,1,0,1,0,0,0,0,0,0,0,0]) = 66434752638803919780
N(O(11), 10, [0,0,0,0,0,0,0,0,0,0,0,0,0], [1,1,0,2,0,0,0,0,0,0,0,0,0]) = 35425419971941871712
N(O(11), 10, [0,0,0,0,0,0,0,0,0,0,0,0,0], [1,1,0,0,0,0,0,1,0,0,0,0,0]) = 9147371926598625552
N(O(11), 10, [0,0,0,0,0,0,0,0,0,0,0,0,0], [1,0,2,1,0,0,0,0,0,0,0,0,0]) = 39641900351470222392
N(O(11), 10, [0,0,0,0,0,0,0,0,0,0,0,0,0], [1,0,1,0,0,0,1,0,0,0,0,0,0]) = 11924845581733535871
N(O(11), 10, [0,0,0,0,0,0,0,0,0,0,0,0,0], [1,0,0,1,0,1,0,0,0,0,0,0,0]) = 13625287948998958464
N(O(11), 10, [0,0,0,0,0,0,0,0,0,0,0,0,0], [1,0,0,0,2,0,0,0,0,0,0,0,0]) = 7096458432269696700
N(O(11), 10, [0,0,0,0,0,0,0,0,0,0,0,0,0], [1,0,0,0,0,0,0,0,0,1,0,0,0]) = 2008062121834924050
N(O(11), 10, [0,0,0,0,0,0,0,0,0,0,0,0,0], [0,4,1,0,0,0,0,0,0,0,0,0,0]) = 19391757605042347872
N(O(11), 10, [0,0,0,0,0,0,0,0,0,0,0,0,0], [0,3,0,0,1,0,0,0,0,0,0,0,0]) = 12890119041416677800
N(O(11), 10, [0,0,0,0,0,0,0,0,0,0,0,0,0], [0,2,1,1,0,0,0,0,0,0,0,0,0]) = 46143300172897679040
N(O(11), 10, [0,0,0,0,0,0,0,0,0,0,0,0,0], [0,2,0,0,0,0,1,0,0,0,0,0,0]) = 6745234460662711356
N(O(11), 10, [0,0,0,0,0,0,0,0,0,0,0,0,0], [0,1,3,0,0,0,0,0,0,0,0,0,0]) = 17209426355334446346
N(O(11), 10, [0,0,0,0,0,0,0,0,0,0,0,0,0], [0,1,1,0,0,1,0,0,0,0,0,0,0]) = 17225448128616473532
N(O(11), 10, [0,0,0,0,0,0,0,0,0,0,0,0,0], [0,1,0,1,1,0,0,0,0,0,0,0,0]) = 19134801281469051240
N(O(11), 10, [0,0,0,0,0,0,0,0,0,0,0,0,0], [0,1,0,0,0,0,0,0,1,0,0,0,0]) = 2877626757745177362
N(O(11), 10, [0,0,0,0,0,0,0,0,0,0,0,0,0], [0,0,2,0,1,0,0,0,0,0,0,0,0]) = 10691571902858490825
N(O(11), 10, [0,0,0,0,0,0,0,0,0,0,0,0,0], [0,0,1,2,0,0,0,0,0,0,0,0,0]) = 11401679461150397664
N(O(11), 10, [0,0,0,0,0,0,0,0,0,0,0,0,0], [0,0,1,0,0,0,0,1,0,0,0,0,0]) = 3800835279109321488
N(O(11), 10, [0,0,0,0,0,0,0,0,0,0,0,0,0], [0,0,0,1,0,0,1,0,0,0,0,0,0]) = 4432864491703727688
N(O(11), 10, [0,0,0,0,0,0,0,0,0,0,0,0,0], [0,0,0,0,1,1,0,0,0,0,0,0,0]) = 4749452017274541180
N(O(11), 10, [0,0,0,0,0,0,0,0,0,0,0,0,0], [0,0,0,0,0,0,0,0,0,0,1,0,0]) = 870732654217165014
