N(O(7), 6, [7,0,0,0,0,0,0,0,0,0,0,0,0], [0,0,0,0,0,0,0,0,0,0,0,0,0]) = 203040262
N(O(7), 6, [5,1,0,0,0,0,0,0,0,0,0,0,0], [0,0,0,0,0,0,0,0,0,0,0,0,0]) = 170469254
N(O(7), 6, [4,0,1,0,0,0,0,0,0,0,0,0,0], [0,0,0,0,0,0,0,0,0,0,0,0,0]) = 154369660
N(O(7), 6, [3,2,0,0,0,0,0,0,0,0,0,0,0], [0,0,0,0,0,0,0,0,0,0,0,0,0]) = 142335774
N(O(7), 6, [3,0,0,1,0,0,0,0,0,0,0,0,0], [0,0,0,0,0,0,0,0,0,0,0,0,0]) = 140364886
N(O(7), 6, [2,1,1,0,0,0,0,0,0,0,0,0,0], [0,0,0,0,0,0,0,0,0,0,0,0,0]) = 128439458
N(O(7), 6, [2,0,0,0,1,0,0,0,0,0,0,0,0], [0,0,0,0,0,0,0,0,0,0,0,0,0]) = 127456592
N(O(7), 6, [1,3,0,0,0,0,0,0,0,0,0,0,0], [0,0,0,0,0,0,0,0,0,0,0,0,0]) = 118148766
N(O(7), 6, [1,1,0,1,0,0,0,0,0,0,0,0,0], [0,0,0,0,0,0,0,0,0,0,0,0,0]) = 116402758
N(O(7), 6, [1,0,2,0,0,0,0,0,0,0,0,0,0], [0,0,0,0,0,0,0,0,0,0,0,0,0]) = 115637047
N(O(7), 6, [1,0,0,0,0,1,0,0,0,0,0,0,0], [0,0,0,0,0,0,0,0,0,0,0,0,0]) = 115529757
N(O(7), 6, [0,2,1,0,0,0,0,0,0,0,0,0,0], [0,0,0,0,0,0,0,0,0,0,0,0,0]) = 106211064
N(O(7), 6, [0,1,0,0,1,0,0,0,0,0,0,0,0], [0,0,0,0,0,0,0,0,0,0,0,0,0]) = 105340494
N(O(7), 6, [0,0,1,1,0,0,0,0,0,0,0,0,0], [0,0,0,0,0,0,0,0,0,0,0,0,0]) = 104577076
N(O(7), 6, [0,0,0,0,0,0,1,0,0,0,0,0,0], [0,0,0,0,0,0,0,0,0,0,0,0,0]) = 104523501
N(O(7), 6, [6,0,0,0,0,0,0,0,0,0,0,0,0], [1,0,0,0,0,0,0,0,0,0,0,0,0]) = 287114224
N(O(7), 6, [4,1,0,0,0,0,0,0,0,0,0,0,0], [1,0,0,0,0,0,0,0,0,0,0,0,0]) = 244503480
N(O(7), 6, [3,0,1,0,0,0,0,0,0,0,0,0,0], [1,0,0,0,0,0,0,0,0,0,0,0,0]) = 223413622
N(O(7), 6, [2,2,0,0,0,0,0,0,0,0,0,0,0], [1,0,0,0,0,0,0,0,0,0,0,0,0]) = 207264300
N(O(7), 6, [2,0,0,1,0,0,0,0,0,0,0,0,0], [1,0,0,0,0,0,0,0,0,0,0,0,0]) = 204865866
N(O(7), 6, [1,1,1,0,0,0,0,0,0,0,0,0,0], [1,0,0,0,0,0,0,0,0,0,0,0,0]) = 188843454
N(O(7), 6, [1,0,0,0,1,0,0,0,0,0,0,0,0], [1,0,0,0,0,0,0,0,0,0,0,0,0]) = 187647029
N(O(7), 6, [0,3,0,0,0,0,0,0,0,0,0,0,0], [1,0,0,0,0,0,0,0,0,0,0,0,0]) = 174844188
N(O(7), 6, [0,1,0,1,0,0,0,0,0,0,0,0,0], [1,0,0,0,0,0,0,0,0,0,0,0,0]) = 172699642
N(O(7), 6, [0,0,2,0,0,0,0,0,0,0,0,0,0], [1,0,0,0,0,0,0,0,0,0,0,0,0]) = 171748738
N(O(7), 6, [0,0,0,0,0,1,0,0,0,0,0,0,0], [1,0,0,0,0,0,0,0,0,0,0,0,0]) = 171627372
N(O(7), 6, [5,0,0,0,0,0,0,0,0,0,0,0,0], [2,0,0,0,0,0,0,0,0,0,0,0,0]) = 301138785
N(O(7), 6, [5,0,0,0,0,0,0,0,0,0,0,0,0], [0,1,0,0,0,0,0,0,0,0,0,0,0]) = 349783228
N(O(7), 6, [3,1,0,0,0,0,0,0,0,0,0,0,0], [2,0,0,0,0,0,0,0,0,0,0,0,0]) = 257398497
N(O(7), 6, [3,1,0,0,0,0,0,0,0,0,0,0,0], [0,1,0,0,0,0,0,0,0,0,0,0,0]) = 292676836
N(O(7), 6, [2,0,1,0,0,0,0,0,0,0,0,0,0], [2,0,0,0,0,0,0,0,0,0,0,0,0]) = 235745145
N(O(7), 6, [2,0,1,0,0,0,0,0,0,0,0,0,0], [0,1,0,0,0,0,0,0,0,0,0,0,0]) = 264465724
N(O(7), 6, [1,2,0,0,0,0,0,0,0,0,0,0,0], [2,0,0,0,0,0,0,0,0,0,0,0,0]) = 219091001
N(O(7), 6, [1,2,0,0,0,0,0,0,0,0,0,0,0], [0,1,0,0,0,0,0,0,0,0,0,0,0]) = 243519860
N(O(7), 6, [1,0,0,1,0,0,0,0,0,0,0,0,0], [2,0,0,0,0,0,0,0,0,0,0,0,0]) = 216663657
N(O(7), 6, [1,0,0,1,0,0,0,0,0,0,0,0,0], [0,1,0,0,0,0,0,0,0,0,0,0,0]) = 240001256
N(O(7), 6, [0,1,1,0,0,0,0,0,0,0,0,0,0], [2,0,0,0,0,0,0,0,0,0,0,0,0]) = 200137257
N(O(7), 6, [0,1,1,0,0,0,0,0,0,0,0,0,0], [0,1,0,0,0,0,0,0,0,0,0,0,0]) = 219254188
N(O(7), 6, [0,0,0,0,1,0,0,0,0,0,0,0,0], [2,0,0,0,0,0,0,0,0,0,0,0,0]) = 198926380
N(O(7), 6, [0,0,0,0,1,0,0,0,0,0,0,0,0], [0,1,0,0,0,0,0,0,0,0,0,0,0]) = 217499758
N(O(7), 6, [4,0,0,0,0,0,0,0,0,0,0,0,0], [3,0,0,0,0,0,0,0,0,0,0,0,0]) = 302242392
N(O(7), 6, [4,0,0,0,0,0,0,0,0,0,0,0,0], [1,1,0,0,0,0,0,0,0,0,0,0,0]) = 840830316
N(O(7), 6, [4,0,0,0,0,0,0,0,0,0,0,0,0], [0,0,1,0,0,0,0,0,0,0,0,0,0]) = 463729764
N(O(7), 6, [2,1,0,0,0,0,0,0,0,0,0,0,0], [3,0,0,0,0,0,0,0,0,0,0,0,0]) = 258451198
N(O(7), 6, [2,1,0,0,0,0,0,0,0,0,0,0,0], [1,1,0,0,0,0,0,0,0,0,0,0,0]) = 709132172
N(O(7), 6, [2,1,0,0,0,0,0,0,0,0,0,0,0], [0,0,1,0,0,0,0,0,0,0,0,0,0]) = 385897260
N(O(7), 6, [1,0,1,0,0,0,0,0,0,0,0,0,0], [3,0,0,0,0,0,0,0,0,0,0,0,0]) = 236772405
N(O(7), 6, [1,0,1,0,0,0,0,0,0,0,0,0,0], [1,1,0,0,0,0,0,0,0,0,0,0,0]) = 644022708
N(O(7), 6, [1,0,1,0,0,0,0,0,0,0,0,0,0], [0,0,1,0,0,0,0,0,0,0,0,0,0]) = 347469096
N(O(7), 6, [0,2,0,0,0,0,0,0,0,0,0,0,0], [3,0,0,0,0,0,0,0,0,0,0,0,0]) = 220093996
N(O(7), 6, [0,2,0,0,0,0,0,0,0,0,0,0,0], [1,1,0,0,0,0,0,0,0,0,0,0,0]) = 595025004
N(O(7), 6, [0,2,0,0,0,0,0,0,0,0,0,0,0], [0,0,1,0,0,0,0,0,0,0,0,0,0]) = 319171848
N(O(7), 6, [0,0,0,1,0,0,0,0,0,0,0,0,0], [3,0,0,0,0,0,0,0,0,0,0,0,0]) = 217666068
N(O(7), 6, [0,0,0,1,0,0,0,0,0,0,0,0,0], [1,1,0,0,0,0,0,0,0,0,0,0,0]) = 587215644
N(O(7), 6, [0,0,0,1,0,0,0,0,0,0,0,0,0], [0,0,1,0,0,0,0,0,0,0,0,0,0]) = 314269074
N(O(7), 6, [3,0,0,0,0,0,0,0,0,0,0,0,0], [4,0,0,0,0,0,0,0,0,0,0,0,0]) = 302280510
N(O(7), 6, [3,0,0,0,0,0,0,0,0,0,0,0,0], [2,1,0,0,0,0,0,0,0,0,0,0,0]) = 1355769318
N(O(7), 6, [3,0,0,0,0,0,0,0,0,0,0,0,0], [1,0,1,0,0,0,0,0,0,0,0,0,0]) = 1134054378
N(O(7), 6, [3,0,0,0,0,0,0,0,0,0,0,0,0], [0,2,0,0,0,0,0,0,0,0,0,0,0]) = 585405984
N(O(7), 6, [3,0,0,0,0,0,0,0,0,0,0,0,0], [0,0,0,1,0,0,0,0,0,0,0,0,0]) = 561487200
N(O(7), 6, [1,1,0,0,0,0,0,0,0,0,0,0,0], [4,0,0,0,0,0,0,0,0,0,0,0,0]) = 258488564
N(O(7), 6, [1,1,0,0,0,0,0,0,0,0,0,0,0], [2,1,0,0,0,0,0,0,0,0,0,0,0]) = 1147452726
N(O(7), 6, [1,1,0,0,0,0,0,0,0,0,0,0,0], [1,0,1,0,0,0,0,0,0,0,0,0,0]) = 952508826
N(O(7), 6, [1,1,0,0,0,0,0,0,0,0,0,0,0], [0,2,0,0,0,0,0,0,0,0,0,0,0]) = 487090400
N(O(7), 6, [1,1,0,0,0,0,0,0,0,0,0,0,0], [0,0,0,1,0,0,0,0,0,0,0,0,0]) = 465637584
N(O(7), 6, [0,0,1,0,0,0,0,0,0,0,0,0,0], [4,0,0,0,0,0,0,0,0,0,0,0,0]) = 236809395
N(O(7), 6, [0,0,1,0,0,0,0,0,0,0,0,0,0], [2,1,0,0,0,0,0,0,0,0,0,0,0]) = 1044434046
N(O(7), 6, [0,0,1,0,0,0,0,0,0,0,0,0,0], [1,0,1,0,0,0,0,0,0,0,0,0,0]) = 862795242
N(O(7), 6, [0,0,1,0,0,0,0,0,0,0,0,0,0], [0,2,0,0,0,0,0,0,0,0,0,0,0]) = 438558240
N(O(7), 6, [0,0,1,0,0,0,0,0,0,0,0,0,0], [0,0,0,1,0,0,0,0,0,0,0,0,0]) = 418334304
N(O(7), 6, [2,0,0,0,0,0,0,0,0,0,0,0,0], [5,0,0,0,0,0,0,0,0,0,0,0,0]) = 302280962
N(O(7), 6, [2,0,0,0,0,0,0,0,0,0,0,0,0], [3,1,0,0,0,0,0,0,0,0,0,0,0]) = 1872674610
N(O(7), 6, [2,0,0,0,0,0,0,0,0,0,0,0,0], [2,0,1,0,0,0,0,0,0,0,0,0,0]) = 1841292378
N(O(7), 6, [2,0,0,0,0,0,0,0,0,0,0,0,0], [1,2,0,0,0,0,0,0,0,0,0,0,0]) = 2003673640
N(O(7), 6, [2,0,0,0,0,0,0,0,0,0,0,0,0], [1,0,0,1,0,0,0,0,0,0,0,0,0]) = 1380952344
N(O(7), 6, [2,0,0,0,0,0,0,0,0,0,0,0,0], [0,1,1,0,0,0,0,0,0,0,0,0,0]) = 1565194116
N(O(7), 6, [2,0,0,0,0,0,0,0,0,0,0,0,0], [0,0,0,0,1,0,0,0,0,0,0,0,0]) = 637283645
N(O(7), 6, [0,1,0,0,0,0,0,0,0,0,0,0,0], [5,0,0,0,0,0,0,0,0,0,0,0,0]) = 258489014
N(O(7), 6, [0,1,0,0,0,0,0,0,0,0,0,0,0], [3,1,0,0,0,0,0,0,0,0,0,0,0]) = 1587643598
N(O(7), 6, [0,1,0,0,0,0,0,0,0,0,0,0,0], [2,0,1,0,0,0,0,0,0,0,0,0,0]) = 1552923144
N(O(7), 6, [0,1,0,0,0,0,0,0,0,0,0,0,0], [1,2,0,0,0,0,0,0,0,0,0,0,0]) = 1677143696
N(O(7), 6, [0,1,0,0,0,0,0,0,0,0,0,0,0], [1,0,0,1,0,0,0,0,0,0,0,0,0]) = 1156437816
N(O(7), 6, [0,1,0,0,0,0,0,0,0,0,0,0,0], [0,1,1,0,0,0,0,0,0,0,0,0,0]) = 1296108660
N(O(7), 6, [0,1,0,0,0,0,0,0,0,0,0,0,0], [0,0,0,0,1,0,0,0,0,0,0,0,0]) = 526703145
N(O(7), 6, [1,0,0,0,0,0,0,0,0,0,0,0,0], [6,0,0,0,0,0,0,0,0,0,0,0,0]) = 302280963
N(O(7), 6, [1,0,0,0,0,0,0,0,0,0,0,0,0], [4,1,0,0,0,0,0,0,0,0,0,0,0]) = 2389651748
N(O(7), 6, [1,0,0,0,0,0,0,0,0,0,0,0,0], [3,0,1,0,0,0,0,0,0,0,0,0,0]) = 2551609605
N(O(7), 6, [1,0,0,0,0,0,0,0,0,0,0,0,0], [2,2,0,0,0,0,0,0,0,0,0,0,0]) = 4298579116
N(O(7), 6, [1,0,0,0,0,0,0,0,0,0,0,0,0], [2,0,0,1,0,0,0,0,0,0,0,0,0]) = 2247606984
N(O(7), 6, [1,0,0,0,0,0,0,0,0,0,0,0,0], [1,1,1,0,0,0,0,0,0,0,0,0,0]) = 5402279928
N(O(7), 6, [1,0,0,0,0,0,0,0,0,0,0,0,0], [1,0,0,0,1,0,0,0,0,0,0,0,0]) = 1575518800
N(O(7), 6, [1,0,0,0,0,0,0,0,0,0,0,0,0], [0,3,0,0,0,0,0,0,0,0,0,0,0]) = 974180808
N(O(7), 6, [1,0,0,0,0,0,0,0,0,0,0,0,0], [0,1,0,1,0,0,0,0,0,0,0,0,0]) = 1891280208
N(O(7), 6, [1,0,0,0,0,0,0,0,0,0,0,0,0], [0,0,2,0,0,0,0,0,0,0,0,0,0]) = 1042407297
N(O(7), 6, [1,0,0,0,0,0,0,0,0,0,0,0,0], [0,0,0,0,0,1,0,0,0,0,0,0,0]) = 693178548
N(O(7), 6, [0,0,0,0,0,0,0,0,0,0,0,0,0], [7,0,0,0,0,0,0,0,0,0,0,0,0]) = 302280963
N(O(7), 6, [0,0,0,0,0,0,0,0,0,0,0,0,0], [5,1,0,0,0,0,0,0,0,0,0,0,0]) = 2906629776
N(O(7), 6, [0,0,0,0,0,0,0,0,0,0,0,0,0], [4,0,1,0,0,0,0,0,0,0,0,0,0]) = 3262037790
N(O(7), 6, [0,0,0,0,0,0,0,0,0,0,0,0,0], [3,2,0,0,0,0,0,0,0,0,0,0,0]) = 7473866312
N(O(7), 6, [0,0,0,0,0,0,0,0,0,0,0,0,0], [3,0,0,1,0,0,0,0,0,0,0,0,0]) = 3118271256
N(O(7), 6, [0,0,0,0,0,0,0,0,0,0,0,0,0], [2,1,1,0,0,0,0,0,0,0,0,0,0]) = 11641428354
N(O(7), 6, [0,0,0,0,0,0,0,0,0,0,0,0,0], [2,0,0,0,1,0,0,0,0,0,0,0,0]) = 2570150700
N(O(7), 6, [0,0,0,0,0,0,0,0,0,0,0,0,0], [1,3,0,0,0,0,0,0,0,0,0,0,0]) = 4328468200
N(O(7), 6, [0,0,0,0,0,0,0,0,0,0,0,0,0], [1,1,0,1,0,0,0,0,0,0,0,0,0]) = 6553018416
N(O(7), 6, [0,0,0,0,0,0,0,0,0,0,0,0,0], [1,0,2,0,0,0,0,0,0,0,0,0,0]) = 3630793023
N(O(7), 6, [0,0,0,0,0,0,0,0,0,0,0,0,0], [1,0,0,0,0,1,0,0,0,0,0,0,0]) = 1722942780
N(O(7), 6, [0,0,0,0,0,0,0,0,0,0,0,0,0], [0,2,1,0,0,0,0,0,0,0,0,0,0]) = 3907892040
N(O(7), 6, [0,0,0,0,0,0,0,0,0,0,0,0,0], [0,1,0,0,1,0,0,0,0,0,0,0,0]) = 2140905080
N(O(7), 6, [0,0,0,0,0,0,0,0,0,0,0,0,0], [0,0,1,1,0,0,0,0,0,0,0,0,0]) = 2512079208
N(O(7), 6, [0,0,0,0,0,0,0,0,0,0,0,0,0], [0,0,0,0,0,0,1,0,0,0,0,0,0]) = 731664507
