N(O(8), 9, [8,0,0,0,0,0,0,0,0,0,0,0,0], [0,0,0,0,0,0,0,0,0,0,0,0,0]) = 1368270775804
N(O(8), 9, [6,1,0,0,0,0,0,0,0,0,0,0,0], [0,0,0,0,0,0,0,0,0,0,0,0,0]) = 1113088835224
N(O(8), 9, [5,0,1,0,0,0,0,0,0,0,0,0,0], [0,0,0,0,0,0,0,0,0,0,0,0,0]) = 987973263583
N(O(8), 9, [4,2,0,0,0,0,0,0,0,0,0,0,0], [0,0,0,0,0,0,0,0,0,0,0,0,0]) = 900924817468
N(O(8), 9, [4,0,0,1,0,0,0,0,0,0,0,0,0], [0,0,0,0,0,0,0,0,0,0,0,0,0]) = 882715872860
N(O(8), 9, [3,1,1,0,0,0,0,0,0,0,0,0,0], [0,0,0,0,0,0,0,0,0,0,0,0,0]) = 796998446743
N(O(8), 9, [3,0,0,0,1,0,0,0,0,0,0,0,0], [0,0,0,0,0,0,0,0,0,0,0,0,0]) = 787946881809
N(O(8), 9, [2,3,0,0,0,0,0,0,0,0,0,0,0], [0,0,0,0,0,0,0,0,0,0,0,0,0]) = 725336180448
N(O(8), 9, [2,1,0,1,0,0,0,0,0,0,0,0,0], [0,0,0,0,0,0,0,0,0,0,0,0,0]) = 709922193252
N(O(8), 9, [2,0,2,0,0,0,0,0,0,0,0,0,0], [0,0,0,0,0,0,0,0,0,0,0,0,0]) = 703507947454
N(O(8), 9, [2,0,0,0,0,1,0,0,0,0,0,0,0], [0,0,0,0,0,0,0,0,0,0,0,0,0]) = 702215558124
N(O(8), 9, [1,2,1,0,0,0,0,0,0,0,0,0,0], [0,0,0,0,0,0,0,0,0,0,0,0,0]) = 639412534831
N(O(8), 9, [1,1,0,0,1,0,0,0,0,0,0,0,0], [0,0,0,0,0,0,0,0,0,0,0,0,0]) = 631752674669
N(O(8), 9, [1,0,1,1,0,0,0,0,0,0,0,0,0], [0,0,0,0,0,0,0,0,0,0,0,0,0]) = 625380163679
N(O(8), 9, [1,0,0,0,0,0,1,0,0,0,0,0,0], [0,0,0,0,0,0,0,0,0,0,0,0,0]) = 624736608582
N(O(8), 9, [0,4,0,0,0,0,0,0,0,0,0,0,0], [0,0,0,0,0,0,0,0,0,0,0,0,0]) = 580718283132
N(O(8), 9, [0,2,0,1,0,0,0,0,0,0,0,0,0], [0,0,0,0,0,0,0,0,0,0,0,0,0]) = 567726694996
N(O(8), 9, [0,1,2,0,0,0,0,0,0,0,0,0,0], [0,0,0,0,0,0,0,0,0,0,0,0,0]) = 562348844710
N(O(8), 9, [0,1,0,0,0,1,0,0,0,0,0,0,0], [0,0,0,0,0,0,0,0,0,0,0,0,0]) = 561231235284
N(O(8), 9, [0,0,1,0,1,0,0,0,0,0,0,0,0], [0,0,0,0,0,0,0,0,0,0,0,0,0]) = 555376918203
N(O(8), 9, [0,0,0,2,0,0,0,0,0,0,0,0,0], [0,0,0,0,0,0,0,0,0,0,0,0,0]) = 554900236540
N(O(8), 9, [0,0,0,0,0,0,0,1,0,0,0,0,0], [0,0,0,0,0,0,0,0,0,0,0,0,0]) = 554818117508
N(O(8), 9, [7,0,0,0,0,0,0,0,0,0,0,0,0], [1,0,0,0,0,0,0,0,0,0,0,0,0]) = 2107247049475
N(O(8), 9, [5,1,0,0,0,0,0,0,0,0,0,0,0], [1,0,0,0,0,0,0,0,0,0,0,0,0]) = 1740224208937
N(O(8), 9, [4,0,1,0,0,0,0,0,0,0,0,0,0], [1,0,0,0,0,0,0,0,0,0,0,0,0]) = 1559913867352
N(O(8), 9, [3,2,0,0,0,0,0,0,0,0,0,0,0], [1,0,0,0,0,0,0,0,0,0,0,0,0]) = 1430878879687
N(O(8), 9, [3,0,0,1,0,0,0,0,0,0,0,0,0], [1,0,0,0,0,0,0,0,0,0,0,0,0]) = 1406307649219
N(O(8), 9, [2,1,1,0,0,0,0,0,0,0,0,0,0], [1,0,0,0,0,0,0,0,0,0,0,0,0]) = 1279021350082
N(O(8), 9, [2,0,0,0,1,0,0,0,0,0,0,0,0], [1,0,0,0,0,0,0,0,0,0,0,0,0]) = 1266799623990
N(O(8), 9, [1,3,0,0,0,0,0,0,0,0,0,0,0], [1,0,0,0,0,0,0,0,0,0,0,0,0]) = 1171160829029
N(O(8), 9, [1,1,0,1,0,0,0,0,0,0,0,0,0], [1,0,0,0,0,0,0,0,0,0,0,0,0]) = 1150100159245
N(O(8), 9, [1,0,2,0,0,0,0,0,0,0,0,0,0], [1,0,0,0,0,0,0,0,0,0,0,0,0]) = 1141198517983
N(O(8), 9, [1,0,0,0,0,1,0,0,0,0,0,0,0], [1,0,0,0,0,0,0,0,0,0,0,0,0]) = 1139570218553
N(O(8), 9, [0,2,1,0,0,0,0,0,0,0,0,0,0], [1,0,0,0,0,0,0,0,0,0,0,0,0]) = 1043770355188
N(O(8), 9, [0,1,0,0,1,0,0,0,0,0,0,0,0], [1,0,0,0,0,0,0,0,0,0,0,0,0]) = 1033297376332
N(O(8), 9, [0,0,1,1,0,0,0,0,0,0,0,0,0], [1,0,0,0,0,0,0,0,0,0,0,0,0]) = 1024446970132
N(O(8), 9, [0,0,0,0,0,0,1,0,0,0,0,0,0], [1,0,0,0,0,0,0,0,0,0,0,0,0]) = 1023635815203
N(O(8), 9, [6,0,0,0,0,0,0,0,0,0,0,0,0], [2,0,0,0,0,0,0,0,0,0,0,0,0]) = 2282733456346
N(O(8), 9, [6,0,0,0,0,0,0,0,0,0,0,0,0], [0,1,0,0,0,0,0,0,0,0,0,0,0]) = 2320447189124
N(O(8), 9, [4,1,0,0,0,0,0,0,0,0,0,0,0], [2,0,0,0,0,0,0,0,0,0,0,0,0]) = 1895189394090
N(O(8), 9, [4,1,0,0,0,0,0,0,0,0,0,0,0], [0,1,0,0,0,0,0,0,0,0,0,0,0]) = 1883627189576
N(O(8), 9, [3,0,1,0,0,0,0,0,0,0,0,0,0], [2,0,0,0,0,0,0,0,0,0,0,0,0]) = 1704698446675
N(O(8), 9, [3,0,1,0,0,0,0,0,0,0,0,0,0], [0,1,0,0,0,0,0,0,0,0,0,0,0]) = 1669587669134
N(O(8), 9, [2,2,0,0,0,0,0,0,0,0,0,0,0], [2,0,0,0,0,0,0,0,0,0,0,0,0]) = 1567272775274
N(O(8), 9, [2,2,0,0,0,0,0,0,0,0,0,0,0], [0,1,0,0,0,0,0,0,0,0,0,0,0]) = 1521341730684
N(O(8), 9, [2,0,0,1,0,0,0,0,0,0,0,0,0], [2,0,0,0,0,0,0,0,0,0,0,0,0]) = 1541833249918
N(O(8), 9, [2,0,0,1,0,0,0,0,0,0,0,0,0], [0,1,0,0,0,0,0,0,0,0,0,0,0]) = 1489900801940
N(O(8), 9, [1,1,1,0,0,0,0,0,0,0,0,0,0], [2,0,0,0,0,0,0,0,0,0,0,0,0]) = 1406205055527
N(O(8), 9, [1,1,1,0,0,0,0,0,0,0,0,0,0], [0,1,0,0,0,0,0,0,0,0,0,0,0]) = 1343995412570
N(O(8), 9, [1,0,0,0,1,0,0,0,0,0,0,0,0], [2,0,0,0,0,0,0,0,0,0,0,0,0]) = 1393549938751
N(O(8), 9, [1,0,0,0,1,0,0,0,0,0,0,0,0], [0,1,0,0,0,0,0,0,0,0,0,0,0]) = 1328369903054
N(O(8), 9, [0,3,0,0,0,0,0,0,0,0,0,0,0], [2,0,0,0,0,0,0,0,0,0,0,0,0]) = 1290792688154
N(O(8), 9, [0,3,0,0,0,0,0,0,0,0,0,0,0], [0,1,0,0,0,0,0,0,0,0,0,0,0]) = 1222260078544
N(O(8), 9, [0,1,0,1,0,0,0,0,0,0,0,0,0], [2,0,0,0,0,0,0,0,0,0,0,0,0]) = 1268927995846
N(O(8), 9, [0,1,0,1,0,0,0,0,0,0,0,0,0], [0,1,0,0,0,0,0,0,0,0,0,0,0]) = 1195719157232
N(O(8), 9, [0,0,2,0,0,0,0,0,0,0,0,0,0], [2,0,0,0,0,0,0,0,0,0,0,0,0]) = 1259654968474
N(O(8), 9, [0,0,2,0,0,0,0,0,0,0,0,0,0], [0,1,0,0,0,0,0,0,0,0,0,0,0]) = 1184710816004
N(O(8), 9, [0,0,0,0,0,1,0,0,0,0,0,0,0], [2,0,0,0,0,0,0,0,0,0,0,0,0]) = 1257996044720
N(O(8), 9, [0,0,0,0,0,1,0,0,0,0,0,0,0], [0,1,0,0,0,0,0,0,0,0,0,0,0]) = 1182449366344
N(O(8), 9, [5,0,0,0,0,0,0,0,0,0,0,0,0], [3,0,0,0,0,0,0,0,0,0,0,0,0]) = 2305452045855
N(O(8), 9, [5,0,0,0,0,0,0,0,0,0,0,0,0], [1,1,0,0,0,0,0,0,0,0,0,0,0]) = 5836121724920
N(O(8), 9, [5,0,0,0,0,0,0,0,0,0,0,0,0], [0,0,1,0,0,0,0,0,0,0,0,0,0]) = 2973073571175
N(O(8), 9, [3,1,0,0,0,0,0,0,0,0,0,0,0], [3,0,0,0,0,0,0,0,0,0,0,0,0]) = 1916000569149
N(O(8), 9, [3,1,0,0,0,0,0,0,0,0,0,0,0], [1,1,0,0,0,0,0,0,0,0,0,0,0]) = 4777219720544
N(O(8), 9, [3,1,0,0,0,0,0,0,0,0,0,0,0], [0,0,1,0,0,0,0,0,0,0,0,0,0]) = 2399132872641
N(O(8), 9, [2,0,1,0,0,0,0,0,0,0,0,0,0], [3,0,0,0,0,0,0,0,0,0,0,0,0]) = 1724559697752
N(O(8), 9, [2,0,1,0,0,0,0,0,0,0,0,0,0], [1,1,0,0,0,0,0,0,0,0,0,0,0]) = 4257777789986
N(O(8), 9, [2,0,1,0,0,0,0,0,0,0,0,0,0], [0,0,1,0,0,0,0,0,0,0,0,0,0]) = 2118156312846
N(O(8), 9, [1,2,0,0,0,0,0,0,0,0,0,0,0], [3,0,0,0,0,0,0,0,0,0,0,0,0]) = 1586294044895
N(O(8), 9, [1,2,0,0,0,0,0,0,0,0,0,0,0], [1,1,0,0,0,0,0,0,0,0,0,0,0]) = 3892354752408
N(O(8), 9, [1,2,0,0,0,0,0,0,0,0,0,0,0], [0,0,1,0,0,0,0,0,0,0,0,0,0]) = 1925448219411
N(O(8), 9, [1,0,0,1,0,0,0,0,0,0,0,0,0], [3,0,0,0,0,0,0,0,0,0,0,0,0]) = 1560800809341
N(O(8), 9, [1,0,0,1,0,0,0,0,0,0,0,0,0], [1,1,0,0,0,0,0,0,0,0,0,0,0]) = 3818679611192
N(O(8), 9, [1,0,0,1,0,0,0,0,0,0,0,0,0], [0,0,1,0,0,0,0,0,0,0,0,0,0]) = 1883310523443
N(O(8), 9, [0,1,1,0,0,0,0,0,0,0,0,0,0], [3,0,0,0,0,0,0,0,0,0,0,0,0]) = 1424335047954
N(O(8), 9, [0,1,1,0,0,0,0,0,0,0,0,0,0], [1,1,0,0,0,0,0,0,0,0,0,0,0]) = 3458663806010
N(O(8), 9, [0,1,1,0,0,0,0,0,0,0,0,0,0], [0,0,1,0,0,0,0,0,0,0,0,0,0]) = 1693796608992
N(O(8), 9, [0,0,0,0,1,0,0,0,0,0,0,0,0], [3,0,0,0,0,0,0,0,0,0,0,0,0]) = 1411653094020
N(O(8), 9, [0,0,0,0,1,0,0,0,0,0,0,0,0], [1,1,0,0,0,0,0,0,0,0,0,0,0]) = 3422035952110
N(O(8), 9, [0,0,0,0,1,0,0,0,0,0,0,0,0], [0,0,1,0,0,0,0,0,0,0,0,0,0]) = 1672860562095
N(O(8), 9, [4,0,0,0,0,0,0,0,0,0,0,0,0], [4,0,0,0,0,0,0,0,0,0,0,0,0]) = 2307093468870
N(O(8), 9, [4,0,0,0,0,0,0,0,0,0,0,0,0], [2,1,0,0,0,0,0,0,0,0,0,0,0]) = 9631505518044
N(O(8), 9, [4,0,0,0,0,0,0,0,0,0,0,0,0], [1,0,1,0,0,0,0,0,0,0,0,0,0]) = 7655288648367
N(O(8), 9, [4,0,0,0,0,0,0,0,0,0,0,0,0], [0,2,0,0,0,0,0,0,0,0,0,0,0]) = 3768719876096
N(O(8), 9, [4,0,0,0,0,0,0,0,0,0,0,0,0], [0,0,0,1,0,0,0,0,0,0,0,0,0]) = 3531530432176
N(O(8), 9, [2,1,0,0,0,0,0,0,0,0,0,0,0], [4,0,0,0,0,0,0,0,0,0,0,0,0]) = 1917553744636
N(O(8), 9, [2,1,0,0,0,0,0,0,0,0,0,0,0], [2,1,0,0,0,0,0,0,0,0,0,0,0]) = 7916456962800
N(O(8), 9, [2,1,0,0,0,0,0,0,0,0,0,0,0], [1,0,1,0,0,0,0,0,0,0,0,0,0]) = 6238489136997
N(O(8), 9, [2,1,0,0,0,0,0,0,0,0,0,0,0], [0,2,0,0,0,0,0,0,0,0,0,0,0]) = 3044040311904
N(O(8), 9, [2,1,0,0,0,0,0,0,0,0,0,0,0], [0,0,0,1,0,0,0,0,0,0,0,0,0]) = 2840297093640
N(O(8), 9, [1,0,1,0,0,0,0,0,0,0,0,0,0], [4,0,0,0,0,0,0,0,0,0,0,0,0]) = 1726068817098
N(O(8), 9, [1,0,1,0,0,0,0,0,0,0,0,0,0], [2,1,0,0,0,0,0,0,0,0,0,0,0]) = 7074723239436
N(O(8), 9, [1,0,1,0,0,0,0,0,0,0,0,0,0], [1,0,1,0,0,0,0,0,0,0,0,0,0]) = 5543953671189
N(O(8), 9, [1,0,1,0,0,0,0,0,0,0,0,0,0], [0,2,0,0,0,0,0,0,0,0,0,0,0]) = 2689293491336
N(O(8), 9, [1,0,1,0,0,0,0,0,0,0,0,0,0], [0,0,0,1,0,0,0,0,0,0,0,0,0]) = 2502099759820
N(O(8), 9, [0,2,0,0,0,0,0,0,0,0,0,0,0], [4,0,0,0,0,0,0,0,0,0,0,0,0]) = 1587761881322
N(O(8), 9, [0,2,0,0,0,0,0,0,0,0,0,0,0], [2,1,0,0,0,0,0,0,0,0,0,0,0]) = 6478331027044
N(O(8), 9, [0,2,0,0,0,0,0,0,0,0,0,0,0], [1,0,1,0,0,0,0,0,0,0,0,0,0]) = 5058879161499
N(O(8), 9, [0,2,0,0,0,0,0,0,0,0,0,0,0], [0,2,0,0,0,0,0,0,0,0,0,0,0]) = 2445773775040
N(O(8), 9, [0,2,0,0,0,0,0,0,0,0,0,0,0], [0,0,0,1,0,0,0,0,0,0,0,0,0]) = 2271460188512
N(O(8), 9, [0,0,0,1,0,0,0,0,0,0,0,0,0], [4,0,0,0,0,0,0,0,0,0,0,0,0]) = 1562267281698
N(O(8), 9, [0,0,0,1,0,0,0,0,0,0,0,0,0], [2,1,0,0,0,0,0,0,0,0,0,0,0]) = 6360920645692
N(O(8), 9, [0,0,0,1,0,0,0,0,0,0,0,0,0], [1,0,1,0,0,0,0,0,0,0,0,0,0]) = 4958767143039
N(O(8), 9, [0,0,0,1,0,0,0,0,0,0,0,0,0], [0,2,0,0,0,0,0,0,0,0,0,0,0]) = 2392689410656
N(O(8), 9, [0,0,0,1,0,0,0,0,0,0,0,0,0], [0,0,0,1,0,0,0,0,0,0,0,0,0]) = 2220152626720
N(O(8), 9, [3,0,0,0,0,0,0,0,0,0,0,0,0], [5,0,0,0,0,0,0,0,0,0,0,0,0]) = 2307155293284
N(O(8), 9, [3,0,0,0,0,0,0,0,0,0,0,0,0], [3,1,0,0,0,0,0,0,0,0,0,0,0]) = 13463822082684
N(O(8), 9, [3,0,0,0,0,0,0,0,0,0,0,0,0], [2,0,1,0,0,0,0,0,0,0,0,0,0]) = 12769612134966
N(O(8), 9, [3,0,0,0,0,0,0,0,0,0,0,0,0], [1,2,0,0,0,0,0,0,0,0,0,0,0]) = 13323436483272
N(O(8), 9, [3,0,0,0,0,0,0,0,0,0,0,0,0], [1,0,0,1,0,0,0,0,0,0,0,0,0]) = 9156879172220
N(O(8), 9, [3,0,0,0,0,0,0,0,0,0,0,0,0], [0,1,1,0,0,0,0,0,0,0,0,0,0]) = 9807187309998
N(O(8), 9, [3,0,0,0,0,0,0,0,0,0,0,0,0], [0,0,0,0,1,0,0,0,0,0,0,0,0]) = 3939770466215
N(O(8), 9, [1,1,0,0,0,0,0,0,0,0,0,0,0], [5,0,0,0,0,0,0,0,0,0,0,0,0]) = 1917613813902
N(O(8), 9, [1,1,0,0,0,0,0,0,0,0,0,0,0], [3,1,0,0,0,0,0,0,0,0,0,0,0]) = 11089349874132
N(O(8), 9, [1,1,0,0,0,0,0,0,0,0,0,0,0], [2,0,1,0,0,0,0,0,0,0,0,0,0]) = 10457323300434
N(O(8), 9, [1,1,0,0,0,0,0,0,0,0,0,0,0], [1,2,0,0,0,0,0,0,0,0,0,0,0]) = 10829015701552
N(O(8), 9, [1,1,0,0,0,0,0,0,0,0,0,0,0], [1,0,0,1,0,0,0,0,0,0,0,0,0]) = 7440810053764
N(O(8), 9, [1,1,0,0,0,0,0,0,0,0,0,0,0], [0,1,1,0,0,0,0,0,0,0,0,0,0]) = 7883033314554
N(O(8), 9, [1,1,0,0,0,0,0,0,0,0,0,0,0], [0,0,0,0,1,0,0,0,0,0,0,0,0]) = 3158797152325
N(O(8), 9, [0,0,1,0,0,0,0,0,0,0,0,0,0], [5,0,0,0,0,0,0,0,0,0,0,0,0]) = 1726128009093
N(O(8), 9, [0,0,1,0,0,0,0,0,0,0,0,0,0], [3,1,0,0,0,0,0,0,0,0,0,0,0]) = 9923692856832
N(O(8), 9, [0,0,1,0,0,0,0,0,0,0,0,0,0], [2,0,1,0,0,0,0,0,0,0,0,0,0]) = 9323133001209
N(O(8), 9, [0,0,1,0,0,0,0,0,0,0,0,0,0], [1,2,0,0,0,0,0,0,0,0,0,0,0]) = 9606881350932
N(O(8), 9, [0,0,1,0,0,0,0,0,0,0,0,0,0], [1,0,0,1,0,0,0,0,0,0,0,0,0]) = 6599997055748
N(O(8), 9, [0,0,1,0,0,0,0,0,0,0,0,0,0], [0,1,1,0,0,0,0,0,0,0,0,0,0]) = 6941872347648
N(O(8), 9, [0,0,1,0,0,0,0,0,0,0,0,0,0], [0,0,0,0,1,0,0,0,0,0,0,0,0]) = 2776917232265
N(O(8), 9, [2,0,0,0,0,0,0,0,0,0,0,0,0], [6,0,0,0,0,0,0,0,0,0,0,0,0]) = 2307156321315
N(O(8), 9, [2,0,0,0,0,0,0,0,0,0,0,0,0], [4,1,0,0,0,0,0,0,0,0,0,0,0]) = 17298937611916
N(O(8), 9, [2,0,0,0,0,0,0,0,0,0,0,0,0], [3,0,1,0,0,0,0,0,0,0,0,0,0]) = 17943298967256
N(O(8), 9, [2,0,0,0,0,0,0,0,0,0,0,0,0], [2,2,0,0,0,0,0,0,0,0,0,0,0]) = 29156364860148
N(O(8), 9, [2,0,0,0,0,0,0,0,0,0,0,0,0], [2,0,0,1,0,0,0,0,0,0,0,0,0]) = 15324218123388
N(O(8), 9, [2,0,0,0,0,0,0,0,0,0,0,0,0], [1,1,1,0,0,0,0,0,0,0,0,0,0]) = 35057515421838
N(O(8), 9, [2,0,0,0,0,0,0,0,0,0,0,0,0], [1,0,0,0,1,0,0,0,0,0,0,0,0]) = 10273772144025
N(O(8), 9, [2,0,0,0,0,0,0,0,0,0,0,0,0], [0,3,0,0,0,0,0,0,0,0,0,0,0]) = 6088083997744
N(O(8), 9, [2,0,0,0,0,0,0,0,0,0,0,0,0], [0,1,0,1,0,0,0,0,0,0,0,0,0]) = 11640202552592
N(O(8), 9, [2,0,0,0,0,0,0,0,0,0,0,0,0], [0,0,2,0,0,0,0,0,0,0,0,0,0]) = 6354471833568
N(O(8), 9, [2,0,0,0,0,0,0,0,0,0,0,0,0], [0,0,0,0,0,1,0,0,0,0,0,0,0]) = 4213294692060
N(O(8), 9, [0,1,0,0,0,0,0,0,0,0,0,0,0], [6,0,0,0,0,0,0,0,0,0,0,0,0]) = 1917614831583
N(O(8), 9, [0,1,0,0,0,0,0,0,0,0,0,0,0], [4,1,0,0,0,0,0,0,0,0,0,0,0]) = 14264881579576
N(O(8), 9, [0,1,0,0,0,0,0,0,0,0,0,0,0], [3,0,1,0,0,0,0,0,0,0,0,0,0]) = 14730336069852
N(O(8), 9, [0,1,0,0,0,0,0,0,0,0,0,0,0], [2,2,0,0,0,0,0,0,0,0,0,0,0]) = 23785691991156
N(O(8), 9, [0,1,0,0,0,0,0,0,0,0,0,0,0], [2,0,0,1,0,0,0,0,0,0,0,0,0]) = 12516527878652
N(O(8), 9, [0,1,0,0,0,0,0,0,0,0,0,0,0], [1,1,1,0,0,0,0,0,0,0,0,0,0]) = 28376799213438
N(O(8), 9, [0,1,0,0,0,0,0,0,0,0,0,0,0], [1,0,0,0,1,0,0,0,0,0,0,0,0]) = 8325287503995
N(O(8), 9, [0,1,0,0,0,0,0,0,0,0,0,0,0], [0,3,0,0,0,0,0,0,0,0,0,0,0]) = 4891550859360
N(O(8), 9, [0,1,0,0,0,0,0,0,0,0,0,0,0], [0,1,0,1,0,0,0,0,0,0,0,0,0]) = 9325802034336
N(O(8), 9, [0,1,0,0,0,0,0,0,0,0,0,0,0], [0,0,2,0,0,0,0,0,0,0,0,0,0]) = 5081392649412
N(O(8), 9, [0,1,0,0,0,0,0,0,0,0,0,0,0], [0,0,0,0,0,1,0,0,0,0,0,0,0]) = 3367388706624
N(O(8), 9, [1,0,0,0,0,0,0,0,0,0,0,0,0], [7,0,0,0,0,0,0,0,0,0,0,0,0]) = 2307156326490
N(O(8), 9, [1,0,0,0,0,0,0,0,0,0,0,0,0], [5,1,0,0,0,0,0,0,0,0,0,0,0]) = 21134165298246
N(O(8), 9, [1,0,0,0,0,0,0,0,0,0,0,0,0], [4,0,1,0,0,0,0,0,0,0,0,0,0]) = 23121505489905
N(O(8), 9, [1,0,0,0,0,0,0,0,0,0,0,0,0], [3,2,0,0,0,0,0,0,0,0,0,0,0]) = 51335064790432
N(O(8), 9, [1,0,0,0,0,0,0,0,0,0,0,0,0], [3,0,0,1,0,0,0,0,0,0,0,0,0]) = 21567421434840
N(O(8), 9, [1,0,0,0,0,0,0,0,0,0,0,0,0], [2,1,1,0,0,0,0,0,0,0,0,0,0]) = 77196332057616
N(O(8), 9, [1,0,0,0,0,0,0,0,0,0,0,0,0], [2,0,0,0,1,0,0,0,0,0,0,0,0]) = 17241521905080
N(O(8), 9, [1,0,0,0,0,0,0,0,0,0,0,0,0], [1,3,0,0,0,0,0,0,0,0,0,0,0]) = 27746115534360
N(O(8), 9, [1,0,0,0,0,0,0,0,0,0,0,0,0], [1,1,0,1,0,0,0,0,0,0,0,0,0]) = 41796541307080
N(O(8), 9, [1,0,0,0,0,0,0,0,0,0,0,0,0], [1,0,2,0,0,0,0,0,0,0,0,0,0]) = 22986332960796
N(O(8), 9, [1,0,0,0,0,0,0,0,0,0,0,0,0], [1,0,0,0,0,1,0,0,0,0,0,0,0]) = 11050716054954
N(O(8), 9, [1,0,0,0,0,0,0,0,0,0,0,0,0], [0,2,1,0,0,0,0,0,0,0,0,0,0]) = 23833947245220
N(O(8), 9, [1,0,0,0,0,0,0,0,0,0,0,0,0], [0,1,0,0,1,0,0,0,0,0,0,0,0]) = 12959443898830
N(O(8), 9, [1,0,0,0,0,0,0,0,0,0,0,0,0], [0,0,1,1,0,0,0,0,0,0,0,0,0]) = 15039541467840
N(O(8), 9, [1,0,0,0,0,0,0,0,0,0,0,0,0], [0,0,0,0,0,0,1,0,0,0,0,0,0]) = 4373156287668
N(O(8), 9, [0,0,0,0,0,0,0,0,0,0,0,0,0], [8,0,0,0,0,0,0,0,0,0,0,0,0]) = 2307156326490
N(O(8), 9, [0,0,0,0,0,0,0,0,0,0,0,0,0], [6,1,0,0,0,0,0,0,0,0,0,0,0]) = 24969394961412
N(O(8), 9, [0,0,0,0,0,0,0,0,0,0,0,0,0], [5,0,1,0,0,0,0,0,0,0,0,0,0]) = 28299889517184
N(O(8), 9, [0,0,0,0,0,0,0,0,0,0,0,0,0], [4,2,0,0,0,0,0,0,0,0,0,0,0]) = 79864827949584
N(O(8), 9, [0,0,0,0,0,0,0,0,0,0,0,0,0], [4,0,0,1,0,0,0,0,0,0,0,0,0]) = 27816490561632
N(O(8), 9, [0,0,0,0,0,0,0,0,0,0,0,0,0], [3,1,1,0,0,0,0,0,0,0,0,0,0]) = 136428082767816
N(O(8), 9, [0,0,0,0,0,0,0,0,0,0,0,0,0], [3,0,0,0,1,0,0,0,0,0,0,0,0]) = 24299787375180
N(O(8), 9, [0,0,0,0,0,0,0,0,0,0,0,0,0], [2,3,0,0,0,0,0,0,0,0,0,0,0]) = 75317499516672
N(O(8), 9, [0,0,0,0,0,0,0,0,0,0,0,0,0], [2,1,0,1,0,0,0,0,0,0,0,0,0]) = 92273279647152
N(O(8), 9, [0,0,0,0,0,0,0,0,0,0,0,0,0], [2,0,2,0,0,0,0,0,0,0,0,0,0]) = 50955731964423
N(O(8), 9, [0,0,0,0,0,0,0,0,0,0,0,0,0], [2,0,0,0,0,1,0,0,0,0,0,0,0]) = 18598692323274
N(O(8), 9, [0,0,0,0,0,0,0,0,0,0,0,0,0], [1,2,1,0,0,0,0,0,0,0,0,0,0]) = 109408189724892
N(O(8), 9, [0,0,0,0,0,0,0,0,0,0,0,0,0], [1,1,0,0,1,0,0,0,0,0,0,0,0]) = 46720198667370
N(O(8), 9, [0,0,0,0,0,0,0,0,0,0,0,0,0], [1,0,1,1,0,0,0,0,0,0,0,0,0]) = 54674601207240
N(O(8), 9, [0,0,0,0,0,0,0,0,0,0,0,0,0], [1,0,0,0,0,0,1,0,0,0,0,0,0]) = 11538606994089
N(O(8), 9, [0,0,0,0,0,0,0,0,0,0,0,0,0], [0,4,0,0,0,0,0,0,0,0,0,0,0]) = 9783101718720
N(O(8), 9, [0,0,0,0,0,0,0,0,0,0,0,0,0], [0,2,0,1,0,0,0,0,0,0,0,0,0]) = 28222361711296
N(O(8), 9, [0,0,0,0,0,0,0,0,0,0,0,0,0], [0,1,2,0,0,0,0,0,0,0,0,0,0]) = 30988402341768
N(O(8), 9, [0,0,0,0,0,0,0,0,0,0,0,0,0], [0,1,0,0,0,1,0,0,0,0,0,0,0]) = 13829473611312
N(O(8), 9, [0,0,0,0,0,0,0,0,0,0,0,0,0], [0,0,1,0,1,0,0,0,0,0,0,0,0]) = 16695054507270
N(O(8), 9, [0,0,0,0,0,0,0,0,0,0,0,0,0], [0,0,0,2,0,0,0,0,0,0,0,0,0]) = 8880610506880
N(O(8), 9, [0,0,0,0,0,0,0,0,0,0,0,0,0], [0,0,0,0,0,0,0,1,0,0,0,0,0]) = 4438544940064
