N(O(8), 13, [8,0,0,0,0,0,0,0,0,0,0,0,0], [0,0,0,0,0,0,0,0,0,0,0,0,0]) = 190424527950076
N(O(8), 13, [6,1,0,0,0,0,0,0,0,0,0,0,0], [0,0,0,0,0,0,0,0,0,0,0,0,0]) = 129871718652092
N(O(8), 13, [5,0,1,0,0,0,0,0,0,0,0,0,0], [0,0,0,0,0,0,0,0,0,0,0,0,0]) = 101711148900778
N(O(8), 13, [4,2,0,0,0,0,0,0,0,0,0,0,0], [0,0,0,0,0,0,0,0,0,0,0,0,0]) = 87597004715492
N(O(8), 13, [4,0,0,1,0,0,0,0,0,0,0,0,0], [0,0,0,0,0,0,0,0,0,0,0,0,0]) = 81273466733616
N(O(8), 13, [3,1,1,0,0,0,0,0,0,0,0,0,0], [0,0,0,0,0,0,0,0,0,0,0,0,0]) = 68017447776206
N(O(8), 13, [3,0,0,0,1,0,0,0,0,0,0,0,0], [0,0,0,0,0,0,0,0,0,0,0,0,0]) = 64944482235836
N(O(8), 13, [2,3,0,0,0,0,0,0,0,0,0,0,0], [0,0,0,0,0,0,0,0,0,0,0,0,0]) = 58397907805484
N(O(8), 13, [2,1,0,1,0,0,0,0,0,0,0,0,0], [0,0,0,0,0,0,0,0,0,0,0,0,0]) = 53932659126612
N(O(8), 13, [2,0,2,0,0,0,0,0,0,0,0,0,0], [0,0,0,0,0,0,0,0,0,0,0,0,0]) = 52461350528764
N(O(8), 13, [2,0,0,0,0,1,0,0,0,0,0,0,0], [0,0,0,0,0,0,0,0,0,0,0,0,0]) = 51703202872088
N(O(8), 13, [1,2,1,0,0,0,0,0,0,0,0,0,0], [0,0,0,0,0,0,0,0,0,0,0,0,0]) = 44934282803882
N(O(8), 13, [1,1,0,0,1,0,0,0,0,0,0,0,0], [0,0,0,0,0,0,0,0,0,0,0,0,0]) = 42768591313472
N(O(8), 13, [1,0,1,1,0,0,0,0,0,0,0,0,0], [0,0,0,0,0,0,0,0,0,0,0,0,0]) = 41346050084814
N(O(8), 13, [1,0,0,0,0,0,1,0,0,0,0,0,0], [0,0,0,0,0,0,0,0,0,0,0,0,0]) = 40975530113714
N(O(8), 13, [0,4,0,0,0,0,0,0,0,0,0,0,0], [0,0,0,0,0,0,0,0,0,0,0,0,0]) = 38456797828940
N(O(8), 13, [0,2,0,1,0,0,0,0,0,0,0,0,0], [0,0,0,0,0,0,0,0,0,0,0,0,0]) = 35338770464928
N(O(8), 13, [0,1,2,0,0,0,0,0,0,0,0,0,0], [0,0,0,0,0,0,0,0,0,0,0,0,0]) = 34327287410012
N(O(8), 13, [0,1,0,0,0,1,0,0,0,0,0,0,0], [0,0,0,0,0,0,0,0,0,0,0,0,0]) = 33782276435864
N(O(8), 13, [0,0,1,0,1,0,0,0,0,0,0,0,0], [0,0,0,0,0,0,0,0,0,0,0,0,0]) = 32589555518618
N(O(8), 13, [0,0,0,2,0,0,0,0,0,0,0,0,0], [0,0,0,0,0,0,0,0,0,0,0,0,0]) = 32406852295652
N(O(8), 13, [0,0,0,0,0,0,0,1,0,0,0,0,0], [0,0,0,0,0,0,0,0,0,0,0,0,0]) = 32317157235276
N(O(8), 13, [7,0,0,0,0,0,0,0,0,0,0,0,0], [1,0,0,0,0,0,0,0,0,0,0,0,0]) = 350752637145054
N(O(8), 13, [5,1,0,0,0,0,0,0,0,0,0,0,0], [1,0,0,0,0,0,0,0,0,0,0,0,0]) = 245769377995428
N(O(8), 13, [4,0,1,0,0,0,0,0,0,0,0,0,0], [1,0,0,0,0,0,0,0,0,0,0,0,0]) = 196586050176132
N(O(8), 13, [3,2,0,0,0,0,0,0,0,0,0,0,0], [1,0,0,0,0,0,0,0,0,0,0,0,0]) = 170474132456298
N(O(8), 13, [3,0,0,1,0,0,0,0,0,0,0,0,0], [1,0,0,0,0,0,0,0,0,0,0,0,0]) = 160033600554358
N(O(8), 13, [2,1,1,0,0,0,0,0,0,0,0,0,0], [1,0,0,0,0,0,0,0,0,0,0,0,0]) = 135322852608750
N(O(8), 13, [2,0,0,0,1,0,0,0,0,0,0,0,0], [1,0,0,0,0,0,0,0,0,0,0,0,0]) = 130232217848404
N(O(8), 13, [1,3,0,0,0,0,0,0,0,0,0,0,0], [1,0,0,0,0,0,0,0,0,0,0,0,0]) = 116989686942768
N(O(8), 13, [1,1,0,1,0,0,0,0,0,0,0,0,0], [1,0,0,0,0,0,0,0,0,0,0,0,0]) = 109406525874748
N(O(8), 13, [1,0,2,0,0,0,0,0,0,0,0,0,0], [1,0,0,0,0,0,0,0,0,0,0,0,0]) = 106797131787114
N(O(8), 13, [1,0,0,0,0,1,0,0,0,0,0,0,0], [1,0,0,0,0,0,0,0,0,0,0,0,0]) = 105619085317422
N(O(8), 13, [0,2,1,0,0,0,0,0,0,0,0,0,0], [1,0,0,0,0,0,0,0,0,0,0,0,0]) = 92115397208544
N(O(8), 13, [0,1,0,0,1,0,0,0,0,0,0,0,0], [1,0,0,0,0,0,0,0,0,0,0,0,0]) = 88423888216308
N(O(8), 13, [0,0,1,1,0,0,0,0,0,0,0,0,0], [1,0,0,0,0,0,0,0,0,0,0,0,0]) = 85889821228576
N(O(8), 13, [0,0,0,0,0,0,1,0,0,0,0,0,0], [1,0,0,0,0,0,0,0,0,0,0,0,0]) = 85312479242197
N(O(8), 13, [6,0,0,0,0,0,0,0,0,0,0,0,0], [2,0,0,0,0,0,0,0,0,0,0,0,0]) = 416294529293199
N(O(8), 13, [6,0,0,0,0,0,0,0,0,0,0,0,0], [0,1,0,0,0,0,0,0,0,0,0,0,0]) = 291015951594708
N(O(8), 13, [4,1,0,0,0,0,0,0,0,0,0,0,0], [2,0,0,0,0,0,0,0,0,0,0,0,0]) = 295954983238533
N(O(8), 13, [4,1,0,0,0,0,0,0,0,0,0,0,0], [0,1,0,0,0,0,0,0,0,0,0,0,0]) = 198374492077208
N(O(8), 13, [3,0,1,0,0,0,0,0,0,0,0,0,0], [2,0,0,0,0,0,0,0,0,0,0,0,0]) = 239392669134495
N(O(8), 13, [3,0,1,0,0,0,0,0,0,0,0,0,0], [0,1,0,0,0,0,0,0,0,0,0,0,0]) = 155359100022990
N(O(8), 13, [2,2,0,0,0,0,0,0,0,0,0,0,0], [2,0,0,0,0,0,0,0,0,0,0,0,0]) = 208516029614675
N(O(8), 13, [2,2,0,0,0,0,0,0,0,0,0,0,0], [0,1,0,0,0,0,0,0,0,0,0,0,0]) = 133788959940444
N(O(8), 13, [2,0,0,1,0,0,0,0,0,0,0,0,0], [2,0,0,0,0,0,0,0,0,0,0,0,0]) = 196867809127623
N(O(8), 13, [2,0,0,1,0,0,0,0,0,0,0,0,0], [0,1,0,0,0,0,0,0,0,0,0,0,0]) = 124158869728780
N(O(8), 13, [1,1,1,0,0,0,0,0,0,0,0,0,0], [2,0,0,0,0,0,0,0,0,0,0,0,0]) = 167544230866623
N(O(8), 13, [1,1,1,0,0,0,0,0,0,0,0,0,0], [0,1,0,0,0,0,0,0,0,0,0,0,0]) = 103922289512234
N(O(8), 13, [1,0,0,0,1,0,0,0,0,0,0,0,0], [2,0,0,0,0,0,0,0,0,0,0,0,0]) = 161857515603419
N(O(8), 13, [1,0,0,0,1,0,0,0,0,0,0,0,0], [0,1,0,0,0,0,0,0,0,0,0,0,0]) = 99246852635518
N(O(8), 13, [0,3,0,0,0,0,0,0,0,0,0,0,0], [2,0,0,0,0,0,0,0,0,0,0,0,0]) = 145519947777369
N(O(8), 13, [0,3,0,0,0,0,0,0,0,0,0,0,0], [0,1,0,0,0,0,0,0,0,0,0,0,0]) = 89226160776864
N(O(8), 13, [0,1,0,1,0,0,0,0,0,0,0,0,0], [2,0,0,0,0,0,0,0,0,0,0,0,0]) = 136955612583621
N(O(8), 13, [0,1,0,1,0,0,0,0,0,0,0,0,0], [0,1,0,0,0,0,0,0,0,0,0,0,0]) = 82442186866288
N(O(8), 13, [0,0,2,0,0,0,0,0,0,0,0,0,0], [2,0,0,0,0,0,0,0,0,0,0,0,0]) = 133953682963143
N(O(8), 13, [0,0,2,0,0,0,0,0,0,0,0,0,0], [0,1,0,0,0,0,0,0,0,0,0,0,0]) = 80209933356816
N(O(8), 13, [0,0,0,0,0,1,0,0,0,0,0,0,0], [2,0,0,0,0,0,0,0,0,0,0,0,0]) = 132677690287983
N(O(8), 13, [0,0,0,0,0,1,0,0,0,0,0,0,0], [0,1,0,0,0,0,0,0,0,0,0,0,0]) = 79055343930984
N(O(8), 13, [5,0,0,0,0,0,0,0,0,0,0,0,0], [3,0,0,0,0,0,0,0,0,0,0,0,0]) = 432715927766445
N(O(8), 13, [5,0,0,0,0,0,0,0,0,0,0,0,0], [1,1,0,0,0,0,0,0,0,0,0,0,0]) = 804851092579014
N(O(8), 13, [5,0,0,0,0,0,0,0,0,0,0,0,0], [0,0,1,0,0,0,0,0,0,0,0,0,0]) = 310734740904252
N(O(8), 13, [3,1,0,0,0,0,0,0,0,0,0,0,0], [3,0,0,0,0,0,0,0,0,0,0,0,0]) = 309272031400141
N(O(8), 13, [3,1,0,0,0,0,0,0,0,0,0,0,0], [1,1,0,0,0,0,0,0,0,0,0,0,0]) = 556912259038134
N(O(8), 13, [3,1,0,0,0,0,0,0,0,0,0,0,0], [0,0,1,0,0,0,0,0,0,0,0,0,0]) = 208329561069924
N(O(8), 13, [2,0,1,0,0,0,0,0,0,0,0,0,0], [3,0,0,0,0,0,0,0,0,0,0,0,0]) = 251197464830973
N(O(8), 13, [2,0,1,0,0,0,0,0,0,0,0,0,0], [1,1,0,0,0,0,0,0,0,0,0,0,0]) = 441314613695244
N(O(8), 13, [2,0,1,0,0,0,0,0,0,0,0,0,0], [0,0,1,0,0,0,0,0,0,0,0,0,0]) = 161024312163300
N(O(8), 13, [1,2,0,0,0,0,0,0,0,0,0,0,0], [3,0,0,0,0,0,0,0,0,0,0,0,0]) = 219221026798829
N(O(8), 13, [1,2,0,0,0,0,0,0,0,0,0,0,0], [1,1,0,0,0,0,0,0,0,0,0,0,0]) = 381506181978726
N(O(8), 13, [1,2,0,0,0,0,0,0,0,0,0,0,0], [0,0,1,0,0,0,0,0,0,0,0,0,0]) = 138033252131940
N(O(8), 13, [1,0,0,1,0,0,0,0,0,0,0,0,0], [3,0,0,0,0,0,0,0,0,0,0,0,0]) = 207379870870821
N(O(8), 13, [1,0,0,1,0,0,0,0,0,0,0,0,0], [1,1,0,0,0,0,0,0,0,0,0,0,0]) = 356380445550014
N(O(8), 13, [1,0,0,1,0,0,0,0,0,0,0,0,0], [0,0,1,0,0,0,0,0,0,0,0,0,0]) = 127163346007296
N(O(8), 13, [0,1,1,0,0,0,0,0,0,0,0,0,0], [3,0,0,0,0,0,0,0,0,0,0,0,0]) = 176978948696575
N(O(8), 13, [0,1,1,0,0,0,0,0,0,0,0,0,0], [1,1,0,0,0,0,0,0,0,0,0,0,0]) = 300029528275644
N(O(8), 13, [0,1,1,0,0,0,0,0,0,0,0,0,0], [0,0,1,0,0,0,0,0,0,0,0,0,0]) = 105710051001972
N(O(8), 13, [0,0,0,0,1,0,0,0,0,0,0,0,0], [3,0,0,0,0,0,0,0,0,0,0,0,0]) = 171196449784505
N(O(8), 13, [0,0,0,0,1,0,0,0,0,0,0,0,0], [1,1,0,0,0,0,0,0,0,0,0,0,0]) = 287807935450744
N(O(8), 13, [0,0,0,0,1,0,0,0,0,0,0,0,0], [0,0,1,0,0,0,0,0,0,0,0,0,0]) = 100444885884657
N(O(8), 13, [4,0,0,0,0,0,0,0,0,0,0,0,0], [4,0,0,0,0,0,0,0,0,0,0,0,0]) = 435357456847458
N(O(8), 13, [4,0,0,0,0,0,0,0,0,0,0,0,0], [2,1,0,0,0,0,0,0,0,0,0,0,0]) = 1403693204326860
N(O(8), 13, [4,0,0,0,0,0,0,0,0,0,0,0,0], [1,0,1,0,0,0,0,0,0,0,0,0,0]) = 903738808958004
N(O(8), 13, [4,0,0,0,0,0,0,0,0,0,0,0,0], [0,2,0,0,0,0,0,0,0,0,0,0,0]) = 398442846152400
N(O(8), 13, [4,0,0,0,0,0,0,0,0,0,0,0,0], [0,0,0,1,0,0,0,0,0,0,0,0,0]) = 325936194874688
N(O(8), 13, [2,1,0,0,0,0,0,0,0,0,0,0,0], [4,0,0,0,0,0,0,0,0,0,0,0,0]) = 311540543580938
N(O(8), 13, [2,1,0,0,0,0,0,0,0,0,0,0,0], [2,1,0,0,0,0,0,0,0,0,0,0,0]) = 979765918705696
N(O(8), 13, [2,1,0,0,0,0,0,0,0,0,0,0,0], [1,0,1,0,0,0,0,0,0,0,0,0,0]) = 616952848772226
N(O(8), 13, [2,1,0,0,0,0,0,0,0,0,0,0,0], [0,2,0,0,0,0,0,0,0,0,0,0,0]) = 268962063813744
N(O(8), 13, [2,1,0,0,0,0,0,0,0,0,0,0,0], [0,0,0,1,0,0,0,0,0,0,0,0,0]) = 216396680515312
N(O(8), 13, [1,0,1,0,0,0,0,0,0,0,0,0,0], [4,0,0,0,0,0,0,0,0,0,0,0,0]) = 253282139449740
N(O(8), 13, [1,0,1,0,0,0,0,0,0,0,0,0,0], [2,1,0,0,0,0,0,0,0,0,0,0,0]) = 781679323369200
N(O(8), 13, [1,0,1,0,0,0,0,0,0,0,0,0,0], [1,0,1,0,0,0,0,0,0,0,0,0,0]) = 483781370940648
N(O(8), 13, [1,0,1,0,0,0,0,0,0,0,0,0,0], [0,2,0,0,0,0,0,0,0,0,0,0,0]) = 209077417522344
N(O(8), 13, [1,0,1,0,0,0,0,0,0,0,0,0,0], [0,0,0,1,0,0,0,0,0,0,0,0,0]) = 165964581954440
N(O(8), 13, [0,2,0,0,0,0,0,0,0,0,0,0,0], [4,0,0,0,0,0,0,0,0,0,0,0,0]) = 221155700844134
N(O(8), 13, [0,2,0,0,0,0,0,0,0,0,0,0,0], [2,1,0,0,0,0,0,0,0,0,0,0,0]) = 677394510454836
N(O(8), 13, [0,2,0,0,0,0,0,0,0,0,0,0,0], [1,0,1,0,0,0,0,0,0,0,0,0,0]) = 416529793547472
N(O(8), 13, [0,2,0,0,0,0,0,0,0,0,0,0,0], [0,2,0,0,0,0,0,0,0,0,0,0,0]) = 179572230040720
N(O(8), 13, [0,2,0,0,0,0,0,0,0,0,0,0,0], [0,0,0,1,0,0,0,0,0,0,0,0,0]) = 141876071236320
N(O(8), 13, [0,0,0,1,0,0,0,0,0,0,0,0,0], [4,0,0,0,0,0,0,0,0,0,0,0,0]) = 209298516428796
N(O(8), 13, [0,0,0,1,0,0,0,0,0,0,0,0,0], [2,1,0,0,0,0,0,0,0,0,0,0,0]) = 635084640019652
N(O(8), 13, [0,0,0,1,0,0,0,0,0,0,0,0,0], [1,0,1,0,0,0,0,0,0,0,0,0,0]) = 386948457441900
N(O(8), 13, [0,0,0,1,0,0,0,0,0,0,0,0,0], [0,2,0,0,0,0,0,0,0,0,0,0,0]) = 165986278205872
N(O(8), 13, [0,0,0,1,0,0,0,0,0,0,0,0,0], [0,0,0,1,0,0,0,0,0,0,0,0,0]) = 130136089176960
N(O(8), 13, [3,0,0,0,0,0,0,0,0,0,0,0,0], [5,0,0,0,0,0,0,0,0,0,0,0,0]) = 435620320003407
N(O(8), 13, [3,0,0,0,0,0,0,0,0,0,0,0,0], [3,1,0,0,0,0,0,0,0,0,0,0,0]) = 2023373315231124
N(O(8), 13, [3,0,0,0,0,0,0,0,0,0,0,0,0], [2,0,1,0,0,0,0,0,0,0,0,0,0]) = 1622679022079325
N(O(8), 13, [3,0,0,0,0,0,0,0,0,0,0,0,0], [1,2,0,0,0,0,0,0,0,0,0,0,0]) = 1513089597765000
N(O(8), 13, [3,0,0,0,0,0,0,0,0,0,0,0,0], [1,0,0,1,0,0,0,0,0,0,0,0,0]) = 966441485980368
N(O(8), 13, [3,0,0,0,0,0,0,0,0,0,0,0,0], [0,1,1,0,0,0,0,0,0,0,0,0,0]) = 883160018180010
N(O(8), 13, [3,0,0,0,0,0,0,0,0,0,0,0,0], [0,0,0,0,1,0,0,0,0,0,0,0,0]) = 324827559656100
N(O(8), 13, [1,1,0,0,0,0,0,0,0,0,0,0,0], [5,0,0,0,0,0,0,0,0,0,0,0,0]) = 311779356223951
N(O(8), 13, [1,1,0,0,0,0,0,0,0,0,0,0,0], [3,1,0,0,0,0,0,0,0,0,0,0,0]) = 1419223315302896
N(O(8), 13, [1,1,0,0,0,0,0,0,0,0,0,0,0], [2,0,1,0,0,0,0,0,0,0,0,0,0]) = 1120253448868509
N(O(8), 13, [1,1,0,0,0,0,0,0,0,0,0,0,0], [1,2,0,0,0,0,0,0,0,0,0,0,0]) = 1032694239786032
N(O(8), 13, [1,1,0,0,0,0,0,0,0,0,0,0,0], [1,0,0,1,0,0,0,0,0,0,0,0,0]) = 654339449631848
N(O(8), 13, [1,1,0,0,0,0,0,0,0,0,0,0,0], [0,1,1,0,0,0,0,0,0,0,0,0,0]) = 588194833144638
N(O(8), 13, [1,1,0,0,0,0,0,0,0,0,0,0,0], [0,0,0,0,1,0,0,0,0,0,0,0,0]) = 213929576299110
N(O(8), 13, [0,0,1,0,0,0,0,0,0,0,0,0,0], [5,0,0,0,0,0,0,0,0,0,0,0,0]) = 253508992524207
N(O(8), 13, [0,0,1,0,0,0,0,0,0,0,0,0,0], [3,1,0,0,0,0,0,0,0,0,0,0,0]) = 1136592638756190
N(O(8), 13, [0,0,1,0,0,0,0,0,0,0,0,0,0], [2,0,1,0,0,0,0,0,0,0,0,0,0]) = 886263610769631
N(O(8), 13, [0,0,1,0,0,0,0,0,0,0,0,0,0], [1,2,0,0,0,0,0,0,0,0,0,0,0]) = 809805565122636
N(O(8), 13, [0,0,1,0,0,0,0,0,0,0,0,0,0], [1,0,0,1,0,0,0,0,0,0,0,0,0]) = 509813757622728
N(O(8), 13, [0,0,1,0,0,0,0,0,0,0,0,0,0], [0,1,1,0,0,0,0,0,0,0,0,0,0]) = 452380698233064
N(O(8), 13, [0,0,1,0,0,0,0,0,0,0,0,0,0], [0,0,0,0,1,0,0,0,0,0,0,0,0]) = 163025298823005
N(O(8), 13, [2,0,0,0,0,0,0,0,0,0,0,0,0], [6,0,0,0,0,0,0,0,0,0,0,0,0]) = 435634575824787
N(O(8), 13, [2,0,0,0,0,0,0,0,0,0,0,0,0], [4,1,0,0,0,0,0,0,0,0,0,0,0]) = 2646548131886456
N(O(8), 13, [2,0,0,0,0,0,0,0,0,0,0,0,0], [3,0,1,0,0,0,0,0,0,0,0,0,0]) = 2376353923410954
N(O(8), 13, [2,0,0,0,0,0,0,0,0,0,0,0,0], [2,2,0,0,0,0,0,0,0,0,0,0,0]) = 3472759061686804
N(O(8), 13, [2,0,0,0,0,0,0,0,0,0,0,0,0], [2,0,0,1,0,0,0,0,0,0,0,0,0]) = 1753971078865380
N(O(8), 13, [2,0,0,0,0,0,0,0,0,0,0,0,0], [1,1,1,0,0,0,0,0,0,0,0,0,0]) = 3441148987758762
N(O(8), 13, [2,0,0,0,0,0,0,0,0,0,0,0,0], [1,0,0,0,1,0,0,0,0,0,0,0,0]) = 976020372950680
N(O(8), 13, [2,0,0,0,0,0,0,0,0,0,0,0,0], [0,3,0,0,0,0,0,0,0,0,0,0,0]) = 537949181711856
N(O(8), 13, [2,0,0,0,0,0,0,0,0,0,0,0,0], [0,1,0,1,0,0,0,0,0,0,0,0,0]) = 929467278315984
N(O(8), 13, [2,0,0,0,0,0,0,0,0,0,0,0,0], [0,0,2,0,0,0,0,0,0,0,0,0,0]) = 483094060318170
N(O(8), 13, [2,0,0,0,0,0,0,0,0,0,0,0,0], [0,0,0,0,0,1,0,0,0,0,0,0,0]) = 310229730918336
N(O(8), 13, [0,1,0,0,0,0,0,0,0,0,0,0,0], [6,0,0,0,0,0,0,0,0,0,0,0,0]) = 311793007483405
N(O(8), 13, [0,1,0,0,0,0,0,0,0,0,0,0,0], [4,1,0,0,0,0,0,0,0,0,0,0,0]) = 1861623667181124
N(O(8), 13, [0,1,0,0,0,0,0,0,0,0,0,0,0], [3,0,1,0,0,0,0,0,0,0,0,0,0]) = 1651267698577734
N(O(8), 13, [0,1,0,0,0,0,0,0,0,0,0,0,0], [2,2,0,0,0,0,0,0,0,0,0,0,0]) = 2387612290047884
N(O(8), 13, [0,1,0,0,0,0,0,0,0,0,0,0,0], [2,0,0,1,0,0,0,0,0,0,0,0,0]) = 1202215761126884
N(O(8), 13, [0,1,0,0,0,0,0,0,0,0,0,0,0], [1,1,1,0,0,0,0,0,0,0,0,0,0]) = 2321471631455226
N(O(8), 13, [0,1,0,0,0,0,0,0,0,0,0,0,0], [1,0,0,0,1,0,0,0,0,0,0,0,0]) = 656077590395610
N(O(8), 13, [0,1,0,0,0,0,0,0,0,0,0,0,0], [0,3,0,0,0,0,0,0,0,0,0,0,0]) = 359167565804192
N(O(8), 13, [0,1,0,0,0,0,0,0,0,0,0,0,0], [0,1,0,1,0,0,0,0,0,0,0,0,0]) = 613555545747616
N(O(8), 13, [0,1,0,0,0,0,0,0,0,0,0,0,0], [0,0,2,0,0,0,0,0,0,0,0,0,0]) = 317149192019592
N(O(8), 13, [0,1,0,0,0,0,0,0,0,0,0,0,0], [0,0,0,0,0,1,0,0,0,0,0,0,0]) = 202702785943896
N(O(8), 13, [1,0,0,0,0,0,0,0,0,0,0,0,0], [7,0,0,0,0,0,0,0,0,0,0,0,0]) = 435634878105750
N(O(8), 13, [1,0,0,0,0,0,0,0,0,0,0,0,0], [5,1,0,0,0,0,0,0,0,0,0,0,0]) = 3270109750964134
N(O(8), 13, [1,0,0,0,0,0,0,0,0,0,0,0,0], [4,0,1,0,0,0,0,0,0,0,0,0,0]) = 3136203603797964
N(O(8), 13, [1,0,0,0,0,0,0,0,0,0,0,0,0], [3,2,0,0,0,0,0,0,0,0,0,0,0]) = 6311213166158908
N(O(8), 13, [1,0,0,0,0,0,0,0,0,0,0,0,0], [3,0,0,1,0,0,0,0,0,0,0,0,0]) = 2583493680619920
N(O(8), 13, [1,0,0,0,0,0,0,0,0,0,0,0,0], [2,1,1,0,0,0,0,0,0,0,0,0,0]) = 8026705497031734
N(O(8), 13, [1,0,0,0,0,0,0,0,0,0,0,0,0], [2,0,0,0,1,0,0,0,0,0,0,0,0]) = 1785310521118475
N(O(8), 13, [1,0,0,0,0,0,0,0,0,0,0,0,0], [1,3,0,0,0,0,0,0,0,0,0,0,0]) = 2603341989752120
N(O(8), 13, [1,0,0,0,0,0,0,0,0,0,0,0,0], [1,1,0,1,0,0,0,0,0,0,0,0,0]) = 3663674512798152
N(O(8), 13, [1,0,0,0,0,0,0,0,0,0,0,0,0], [1,0,2,0,0,0,0,0,0,0,0,0,0]) = 1934441803933137
N(O(8), 13, [1,0,0,0,0,0,0,0,0,0,0,0,0], [1,0,0,0,0,1,0,0,0,0,0,0,0]) = 943945965765648
N(O(8), 13, [1,0,0,0,0,0,0,0,0,0,0,0,0], [0,2,1,0,0,0,0,0,0,0,0,0,0]) = 1803625826748348
N(O(8), 13, [1,0,0,0,0,0,0,0,0,0,0,0,0], [0,1,0,0,1,0,0,0,0,0,0,0,0]) = 924095556680890
N(O(8), 13, [1,0,0,0,0,0,0,0,0,0,0,0,0], [0,0,1,1,0,0,0,0,0,0,0,0,0]) = 1006549641971712
N(O(8), 13, [1,0,0,0,0,0,0,0,0,0,0,0,0], [0,0,0,0,0,0,1,0,0,0,0,0,0]) = 286829442460505
N(O(8), 13, [0,0,0,0,0,0,0,0,0,0,0,0,0], [8,0,0,0,0,0,0,0,0,0,0,0,0]) = 435634878105750
N(O(8), 13, [0,0,0,0,0,0,0,0,0,0,0,0,0], [6,1,0,0,0,0,0,0,0,0,0,0,0]) = 3893695765930944
N(O(8), 13, [0,0,0,0,0,0,0,0,0,0,0,0,0], [5,0,1,0,0,0,0,0,0,0,0,0,0]) = 3896730581370585
N(O(8), 13, [0,0,0,0,0,0,0,0,0,0,0,0,0], [4,2,0,0,0,0,0,0,0,0,0,0,0]) = 10034460500521156
N(O(8), 13, [0,0,0,0,0,0,0,0,0,0,0,0,0], [4,0,0,1,0,0,0,0,0,0,0,0,0]) = 3420687746335104
N(O(8), 13, [0,0,0,0,0,0,0,0,0,0,0,0,0], [3,1,1,0,0,0,0,0,0,0,0,0,0]) = 14739018810455772
N(O(8), 13, [0,0,0,0,0,0,0,0,0,0,0,0,0], [3,0,0,0,1,0,0,0,0,0,0,0,0]) = 2641292770041000
N(O(8), 13, [0,0,0,0,0,0,0,0,0,0,0,0,0], [2,3,0,0,0,0,0,0,0,0,0,0,0]) = 7378566569847888
N(O(8), 13, [0,0,0,0,0,0,0,0,0,0,0,0,0], [2,1,0,1,0,0,0,0,0,0,0,0,0]) = 8608444595130528
N(O(8), 13, [0,0,0,0,0,0,0,0,0,0,0,0,0], [2,0,2,0,0,0,0,0,0,0,0,0,0]) = 4593232636242030
N(O(8), 13, [0,0,0,0,0,0,0,0,0,0,0,0,0], [2,0,0,0,0,1,0,0,0,0,0,0,0]) = 1740012107493546
N(O(8), 13, [0,0,0,0,0,0,0,0,0,0,0,0,0], [1,2,1,0,0,0,0,0,0,0,0,0,0]) = 8875985785026708
N(O(8), 13, [0,0,0,0,0,0,0,0,0,0,0,0,0], [1,1,0,0,1,0,0,0,0,0,0,0,0]) = 3675290414725830
N(O(8), 13, [0,0,0,0,0,0,0,0,0,0,0,0,0], [1,0,1,1,0,0,0,0,0,0,0,0,0]) = 4083784744607496
N(O(8), 13, [0,0,0,0,0,0,0,0,0,0,0,0,0], [1,0,0,0,0,0,1,0,0,0,0,0,0]) = 884016797155884
N(O(8), 13, [0,0,0,0,0,0,0,0,0,0,0,0,0], [0,4,0,0,0,0,0,0,0,0,0,0,0]) = 718335131608384
N(O(8), 13, [0,0,0,0,0,0,0,0,0,0,0,0,0], [0,2,0,1,0,0,0,0,0,0,0,0,0]) = 1891056204318720
N(O(8), 13, [0,0,0,0,0,0,0,0,0,0,0,0,0], [0,1,2,0,0,0,0,0,0,0,0,0,0]) = 1991440478738376
N(O(8), 13, [0,0,0,0,0,0,0,0,0,0,0,0,0], [0,1,0,0,0,1,0,0,0,0,0,0,0]) = 879737635473696
N(O(8), 13, [0,0,0,0,0,0,0,0,0,0,0,0,0], [0,0,1,0,1,0,0,0,0,0,0,0,0]) = 991300325892300
N(O(8), 13, [0,0,0,0,0,0,0,0,0,0,0,0,0], [0,0,0,2,0,0,0,0,0,0,0,0,0]) = 520544356707840
N(O(8), 13, [0,0,0,0,0,0,0,0,0,0,0,0,0], [0,0,0,0,0,0,0,1,0,0,0,0,0]) = 258537257882208
