N(O(9), 8, [9,0,0,0,0,0,0,0,0,0,0,0,0], [0,0,0,0,0,0,0,0,0,0,0,0,0]) = 3900140177553
N(O(9), 8, [7,1,0,0,0,0,0,0,0,0,0,0,0], [0,0,0,0,0,0,0,0,0,0,0,0,0]) = 3461773053073
N(O(9), 8, [6,0,1,0,0,0,0,0,0,0,0,0,0], [0,0,0,0,0,0,0,0,0,0,0,0,0]) = 3243986449665
N(O(9), 8, [5,2,0,0,0,0,0,0,0,0,0,0,0], [0,0,0,0,0,0,0,0,0,0,0,0,0]) = 3066781238041
N(O(9), 8, [5,0,0,1,0,0,0,0,0,0,0,0,0], [0,0,0,0,0,0,0,0,0,0,0,0,0]) = 3046956154929
N(O(9), 8, [4,1,1,0,0,0,0,0,0,0,0,0,0], [0,0,0,0,0,0,0,0,0,0,0,0,0]) = 2870583105313
N(O(9), 8, [4,0,0,0,1,0,0,0,0,0,0,0,0], [0,0,0,0,0,0,0,0,0,0,0,0,0]) = 2860687064308
N(O(9), 8, [3,3,0,0,0,0,0,0,0,0,0,0,0], [0,0,0,0,0,0,0,0,0,0,0,0,0]) = 2711468957049
N(O(9), 8, [3,1,0,1,0,0,0,0,0,0,0,0,0], [0,0,0,0,0,0,0,0,0,0,0,0,0]) = 2693359517385
N(O(9), 8, [3,0,2,0,0,0,0,0,0,0,0,0,0], [0,0,0,0,0,0,0,0,0,0,0,0,0]) = 2685129706191
N(O(9), 8, [3,0,0,0,0,1,0,0,0,0,0,0,0], [0,0,0,0,0,0,0,0,0,0,0,0,0]) = 2684304826797
N(O(9), 8, [2,2,1,0,0,0,0,0,0,0,0,0,0], [0,0,0,0,0,0,0,0,0,0,0,0,0]) = 2535017049385
N(O(9), 8, [2,1,0,0,1,0,0,0,0,0,0,0,0], [0,0,0,0,0,0,0,0,0,0,0,0,0]) = 2525977890608
N(O(9), 8, [2,0,1,1,0,0,0,0,0,0,0,0,0], [0,0,0,0,0,0,0,0,0,0,0,0,0]) = 2517762730785
N(O(9), 8, [2,0,0,0,0,0,1,0,0,0,0,0,0], [0,0,0,0,0,0,0,0,0,0,0,0,0]) = 2517350741056
N(O(9), 8, [1,4,0,0,0,0,0,0,0,0,0,0,0], [0,0,0,0,0,0,0,0,0,0,0,0,0]) = 2392403612433
N(O(9), 8, [1,2,0,1,0,0,0,0,0,0,0,0,0], [0,0,0,0,0,0,0,0,0,0,0,0,0]) = 2375885750113
N(O(9), 8, [1,1,2,0,0,0,0,0,0,0,0,0,0], [0,0,0,0,0,0,0,0,0,0,0,0,0]) = 2368391571007
N(O(9), 8, [1,1,0,0,0,1,0,0,0,0,0,0,0], [0,0,0,0,0,0,0,0,0,0,0,0,0]) = 2367626847357
N(O(9), 8, [1,0,1,0,1,0,0,0,0,0,0,0,0], [0,0,0,0,0,0,0,0,0,0,0,0,0]) = 2359779503440
N(O(9), 8, [1,0,0,2,0,0,0,0,0,0,0,0,0], [0,0,0,0,0,0,0,0,0,0,0,0,0]) = 2359426319973
N(O(9), 8, [1,0,0,0,0,0,0,1,0,0,0,0,0], [0,0,0,0,0,0,0,0,0,0,0,0,0]) = 2359397141755
N(O(9), 8, [0,3,1,0,0,0,0,0,0,0,0,0,0], [0,0,0,0,0,0,0,0,0,0,0,0,0]) = 2233987032537
N(O(9), 8, [0,2,0,0,1,0,0,0,0,0,0,0,0], [0,0,0,0,0,0,0,0,0,0,0,0,0]) = 2225742763016
N(O(9), 8, [0,1,1,1,0,0,0,0,0,0,0,0,0], [0,0,0,0,0,0,0,0,0,0,0,0,0]) = 2218262375097
N(O(9), 8, [0,1,0,0,0,0,1,0,0,0,0,0,0], [0,0,0,0,0,0,0,0,0,0,0,0,0]) = 2217880443764
N(O(9), 8, [0,0,3,0,0,0,0,0,0,0,0,0,0], [0,0,0,0,0,0,0,0,0,0,0,0,0]) = 2211134777721
N(O(9), 8, [0,0,1,0,0,1,0,0,0,0,0,0,0], [0,0,0,0,0,0,0,0,0,0,0,0,0]) = 2210400074361
N(O(9), 8, [0,0,0,1,1,0,0,0,0,0,0,0,0], [0,0,0,0,0,0,0,0,0,0,0,0,0]) = 2210047302194
N(O(9), 8, [0,0,0,0,0,0,0,0,1,0,0,0,0], [0,0,0,0,0,0,0,0,0,0,0,0,0]) = 2210032722681
N(O(9), 8, [8,0,0,0,0,0,0,0,0,0,0,0,0], [1,0,0,0,0,0,0,0,0,0,0,0,0]) = 5440836330683
N(O(9), 8, [6,1,0,0,0,0,0,0,0,0,0,0,0], [1,0,0,0,0,0,0,0,0,0,0,0,0]) = 4865164228619
N(O(9), 8, [5,0,1,0,0,0,0,0,0,0,0,0,0], [1,0,0,0,0,0,0,0,0,0,0,0,0]) = 4579004010461
N(O(9), 8, [4,2,0,0,0,0,0,0,0,0,0,0,0], [1,0,0,0,0,0,0,0,0,0,0,0,0]) = 4343187329723
N(O(9), 8, [4,0,0,1,0,0,0,0,0,0,0,0,0], [1,0,0,0,0,0,0,0,0,0,0,0,0]) = 4318574129011
N(O(9), 8, [3,1,1,0,0,0,0,0,0,0,0,0,0], [1,0,0,0,0,0,0,0,0,0,0,0,0]) = 4083761965085
N(O(9), 8, [3,0,0,0,1,0,0,0,0,0,0,0,0], [1,0,0,0,0,0,0,0,0,0,0,0,0]) = 4071474123853
N(O(9), 8, [2,3,0,0,0,0,0,0,0,0,0,0,0], [1,0,0,0,0,0,0,0,0,0,0,0,0]) = 3870580016867
N(O(9), 8, [2,1,0,1,0,0,0,0,0,0,0,0,0], [1,0,0,0,0,0,0,0,0,0,0,0,0]) = 3847979295135
N(O(9), 8, [2,0,2,0,0,0,0,0,0,0,0,0,0], [1,0,0,0,0,0,0,0,0,0,0,0,0]) = 3837647748521
N(O(9), 8, [2,0,0,0,0,1,0,0,0,0,0,0,0], [1,0,0,0,0,0,0,0,0,0,0,0,0]) = 3836678965175
N(O(9), 8, [1,2,1,0,0,0,0,0,0,0,0,0,0], [1,0,0,0,0,0,0,0,0,0,0,0,0]) = 3635732812553
N(O(9), 8, [1,1,0,0,1,0,0,0,0,0,0,0,0], [1,0,0,0,0,0,0,0,0,0,0,0,0]) = 3624450192459
N(O(9), 8, [1,0,1,1,0,0,0,0,0,0,0,0,0], [1,0,0,0,0,0,0,0,0,0,0,0,0]) = 3614135399755
N(O(9), 8, [1,0,0,0,0,0,1,0,0,0,0,0,0], [1,0,0,0,0,0,0,0,0,0,0,0,0]) = 3613651496362
N(O(9), 8, [0,4,0,0,0,0,0,0,0,0,0,0,0], [1,0,0,0,0,0,0,0,0,0,0,0,0]) = 3443309356411
N(O(9), 8, [0,2,0,1,0,0,0,0,0,0,0,0,0], [1,0,0,0,0,0,0,0,0,0,0,0,0]) = 3422582925723
N(O(9), 8, [0,1,2,0,0,0,0,0,0,0,0,0,0], [1,0,0,0,0,0,0,0,0,0,0,0,0]) = 3413121464789
N(O(9), 8, [0,1,0,0,0,1,0,0,0,0,0,0,0], [1,0,0,0,0,0,0,0,0,0,0,0,0]) = 3412219740427
N(O(9), 8, [0,0,1,0,1,0,0,0,0,0,0,0,0], [1,0,0,0,0,0,0,0,0,0,0,0,0]) = 3402339990421
N(O(9), 8, [0,0,0,2,0,0,0,0,0,0,0,0,0], [1,0,0,0,0,0,0,0,0,0,0,0,0]) = 3401921681603
N(O(9), 8, [0,0,0,0,0,0,0,1,0,0,0,0,0], [1,0,0,0,0,0,0,0,0,0,0,0,0]) = 3401889128383
N(O(9), 8, [7,0,0,0,0,0,0,0,0,0,0,0,0], [2,0,0,0,0,0,0,0,0,0,0,0,0]) = 5694899180808
N(O(9), 8, [7,0,0,0,0,0,0,0,0,0,0,0,0], [0,1,0,0,0,0,0,0,0,0,0,0,0]) = 7048560607046
N(O(9), 8, [5,1,0,0,0,0,0,0,0,0,0,0,0], [2,0,0,0,0,0,0,0,0,0,0,0,0]) = 5102103733710
N(O(9), 8, [5,1,0,0,0,0,0,0,0,0,0,0,0], [0,1,0,0,0,0,0,0,0,0,0,0,0]) = 6249093121502
N(O(9), 8, [4,0,1,0,0,0,0,0,0,0,0,0,0], [2,0,0,0,0,0,0,0,0,0,0,0,0]) = 4807401648474
N(O(9), 8, [4,0,1,0,0,0,0,0,0,0,0,0,0], [0,1,0,0,0,0,0,0,0,0,0,0,0]) = 5851967804822
N(O(9), 8, [3,2,0,0,0,0,0,0,0,0,0,0,0], [2,0,0,0,0,0,0,0,0,0,0,0,0]) = 4563919793696
N(O(9), 8, [3,2,0,0,0,0,0,0,0,0,0,0,0], [0,1,0,0,0,0,0,0,0,0,0,0,0]) = 5529569206414
N(O(9), 8, [3,0,0,1,0,0,0,0,0,0,0,0,0], [2,0,0,0,0,0,0,0,0,0,0,0,0]) = 4538874848238
N(O(9), 8, [3,0,0,1,0,0,0,0,0,0,0,0,0], [0,1,0,0,0,0,0,0,0,0,0,0,0]) = 5493075244554
N(O(9), 8, [2,1,1,0,0,0,0,0,0,0,0,0,0], [2,0,0,0,0,0,0,0,0,0,0,0,0]) = 4296410128326
N(O(9), 8, [2,1,1,0,0,0,0,0,0,0,0,0,0], [0,1,0,0,0,0,0,0,0,0,0,0,0]) = 5172228136070
N(O(9), 8, [2,0,0,0,1,0,0,0,0,0,0,0,0], [2,0,0,0,0,0,0,0,0,0,0,0,0]) = 4283906512293
N(O(9), 8, [2,0,0,0,1,0,0,0,0,0,0,0,0], [0,1,0,0,0,0,0,0,0,0,0,0,0]) = 5154012353056
N(O(9), 8, [1,3,0,0,0,0,0,0,0,0,0,0,0], [2,0,0,0,0,0,0,0,0,0,0,0,0]) = 4075985269062
N(O(9), 8, [1,3,0,0,0,0,0,0,0,0,0,0,0], [0,1,0,0,0,0,0,0,0,0,0,0,0]) = 4883095992342
N(O(9), 8, [1,1,0,1,0,0,0,0,0,0,0,0,0], [2,0,0,0,0,0,0,0,0,0,0,0,0]) = 4052970259056
N(O(9), 8, [1,1,0,1,0,0,0,0,0,0,0,0,0], [0,1,0,0,0,0,0,0,0,0,0,0,0]) = 4849798415586
N(O(9), 8, [1,0,2,0,0,0,0,0,0,0,0,0,0], [2,0,0,0,0,0,0,0,0,0,0,0,0]) = 4042440101451
N(O(9), 8, [1,0,2,0,0,0,0,0,0,0,0,0,0], [0,1,0,0,0,0,0,0,0,0,0,0,0]) = 4834685594966
N(O(9), 8, [1,0,0,0,0,1,0,0,0,0,0,0,0], [2,0,0,0,0,0,0,0,0,0,0,0,0]) = 4041462784977
N(O(9), 8, [1,0,0,0,0,1,0,0,0,0,0,0,0], [0,1,0,0,0,0,0,0,0,0,0,0,0]) = 4833149684034
N(O(9), 8, [0,2,1,0,0,0,0,0,0,0,0,0,0], [2,0,0,0,0,0,0,0,0,0,0,0,0]) = 3833493103298
N(O(9), 8, [0,2,1,0,0,0,0,0,0,0,0,0,0], [0,1,0,0,0,0,0,0,0,0,0,0,0]) = 4562103546670
N(O(9), 8, [0,1,0,0,1,0,0,0,0,0,0,0,0], [2,0,0,0,0,0,0,0,0,0,0,0,0]) = 3822003434935
N(O(9), 8, [0,1,0,0,1,0,0,0,0,0,0,0,0], [0,1,0,0,0,0,0,0,0,0,0,0,0]) = 4545484155712
N(O(9), 8, [0,0,1,1,0,0,0,0,0,0,0,0,0], [2,0,0,0,0,0,0,0,0,0,0,0,0]) = 3811490125422
N(O(9), 8, [0,0,1,1,0,0,0,0,0,0,0,0,0], [0,1,0,0,0,0,0,0,0,0,0,0,0]) = 4530398989962
N(O(9), 8, [0,0,0,0,0,0,1,0,0,0,0,0,0], [2,0,0,0,0,0,0,0,0,0,0,0,0]) = 3811001956305
N(O(9), 8, [0,0,0,0,0,0,1,0,0,0,0,0,0], [0,1,0,0,0,0,0,0,0,0,0,0,0]) = 4529631896300
N(O(9), 8, [6,0,0,0,0,0,0,0,0,0,0,0,0], [3,0,0,0,0,0,0,0,0,0,0,0,0]) = 5716810653906
N(O(9), 8, [6,0,0,0,0,0,0,0,0,0,0,0,0], [1,1,0,0,0,0,0,0,0,0,0,0,0]) = 16810426622904
N(O(9), 8, [6,0,0,0,0,0,0,0,0,0,0,0,0], [0,0,1,0,0,0,0,0,0,0,0,0,0]) = 9739010598393
N(O(9), 8, [4,1,0,0,0,0,0,0,0,0,0,0,0], [3,0,0,0,0,0,0,0,0,0,0,0,0]) = 5122970044312
N(O(9), 8, [4,1,0,0,0,0,0,0,0,0,0,0,0], [1,1,0,0,0,0,0,0,0,0,0,0,0]) = 14965299296768
N(O(9), 8, [4,1,0,0,0,0,0,0,0,0,0,0,0], [0,0,1,0,0,0,0,0,0,0,0,0,0]) = 8618365471209
N(O(9), 8, [3,0,1,0,0,0,0,0,0,0,0,0,0], [3,0,0,0,0,0,0,0,0,0,0,0,0]) = 4827745959408
N(O(9), 8, [3,0,1,0,0,0,0,0,0,0,0,0,0], [1,1,0,0,0,0,0,0,0,0,0,0,0]) = 14048471357736
N(O(9), 8, [3,0,1,0,0,0,0,0,0,0,0,0,0], [0,0,1,0,0,0,0,0,0,0,0,0,0]) = 8061788066682
N(O(9), 8, [2,2,0,0,0,0,0,0,0,0,0,0,0], [3,0,0,0,0,0,0,0,0,0,0,0,0]) = 4583777135678
N(O(9), 8, [2,2,0,0,0,0,0,0,0,0,0,0,0], [1,1,0,0,0,0,0,0,0,0,0,0,0]) = 13298923441040
N(O(9), 8, [2,2,0,0,0,0,0,0,0,0,0,0,0], [0,0,1,0,0,0,0,0,0,0,0,0,0]) = 7611252832977
N(O(9), 8, [2,0,0,1,0,0,0,0,0,0,0,0,0], [3,0,0,0,0,0,0,0,0,0,0,0,0]) = 4558714868722
N(O(9), 8, [2,0,0,1,0,0,0,0,0,0,0,0,0], [1,1,0,0,0,0,0,0,0,0,0,0,0]) = 13217195176212
N(O(9), 8, [2,0,0,1,0,0,0,0,0,0,0,0,0], [0,0,1,0,0,0,0,0,0,0,0,0,0]) = 7559480018541
N(O(9), 8, [1,1,1,0,0,0,0,0,0,0,0,0,0], [3,0,0,0,0,0,0,0,0,0,0,0,0]) = 4315763559058
N(O(9), 8, [1,1,1,0,0,0,0,0,0,0,0,0,0], [1,1,0,0,0,0,0,0,0,0,0,0,0]) = 12471070412912
N(O(9), 8, [1,1,1,0,0,0,0,0,0,0,0,0,0], [0,0,1,0,0,0,0,0,0,0,0,0,0]) = 7111169495052
N(O(9), 8, [1,0,0,0,1,0,0,0,0,0,0,0,0], [3,0,0,0,0,0,0,0,0,0,0,0,0]) = 4303251283696
N(O(9), 8, [1,0,0,0,1,0,0,0,0,0,0,0,0], [1,1,0,0,0,0,0,0,0,0,0,0,0]) = 12430272963294
N(O(9), 8, [1,0,0,0,1,0,0,0,0,0,0,0,0], [0,0,1,0,0,0,0,0,0,0,0,0,0]) = 7085328364278
N(O(9), 8, [0,3,0,0,0,0,0,0,0,0,0,0,0], [3,0,0,0,0,0,0,0,0,0,0,0,0]) = 4094869026588
N(O(9), 8, [0,3,0,0,0,0,0,0,0,0,0,0,0], [1,1,0,0,0,0,0,0,0,0,0,0,0]) = 11796338465496
N(O(9), 8, [0,3,0,0,0,0,0,0,0,0,0,0,0], [0,0,1,0,0,0,0,0,0,0,0,0,0]) = 6707768250297
N(O(9), 8, [0,1,0,1,0,0,0,0,0,0,0,0,0], [3,0,0,0,0,0,0,0,0,0,0,0,0]) = 4071837088580
N(O(9), 8, [0,1,0,1,0,0,0,0,0,0,0,0,0], [1,1,0,0,0,0,0,0,0,0,0,0,0]) = 11721556067924
N(O(9), 8, [0,1,0,1,0,0,0,0,0,0,0,0,0], [0,0,1,0,0,0,0,0,0,0,0,0,0]) = 6660584752065
N(O(9), 8, [0,0,2,0,0,0,0,0,0,0,0,0,0], [3,0,0,0,0,0,0,0,0,0,0,0,0]) = 4061298660882
N(O(9), 8, [0,0,2,0,0,0,0,0,0,0,0,0,0], [1,1,0,0,0,0,0,0,0,0,0,0,0]) = 11687504789076
N(O(9), 8, [0,0,2,0,0,0,0,0,0,0,0,0,0], [0,0,1,0,0,0,0,0,0,0,0,0,0]) = 6639197360853
N(O(9), 8, [0,0,0,0,0,1,0,0,0,0,0,0,0], [3,0,0,0,0,0,0,0,0,0,0,0,0]) = 4060321150500
N(O(9), 8, [0,0,0,0,0,1,0,0,0,0,0,0,0], [1,1,0,0,0,0,0,0,0,0,0,0,0]) = 11684164986060
N(O(9), 8, [0,0,0,0,0,1,0,0,0,0,0,0,0], [0,0,1,0,0,0,0,0,0,0,0,0,0]) = 6636993086901
N(O(9), 8, [5,0,0,0,0,0,0,0,0,0,0,0,0], [4,0,0,0,0,0,0,0,0,0,0,0,0]) = 5717837859685
N(O(9), 8, [5,0,0,0,0,0,0,0,0,0,0,0,0], [2,1,0,0,0,0,0,0,0,0,0,0,0]) = 27017558881836
N(O(9), 8, [5,0,0,0,0,0,0,0,0,0,0,0,0], [1,0,1,0,0,0,0,0,0,0,0,0,0]) = 23477287930686
N(O(9), 8, [5,0,0,0,0,0,0,0,0,0,0,0,0], [0,2,0,0,0,0,0,0,0,0,0,0,0]) = 12498978874712
N(O(9), 8, [5,0,0,0,0,0,0,0,0,0,0,0,0], [0,0,0,1,0,0,0,0,0,0,0,0,0]) = 12188112898460
N(O(9), 8, [3,1,0,0,0,0,0,0,0,0,0,0,0], [4,0,0,0,0,0,0,0,0,0,0,0,0]) = 5123965759243
N(O(9), 8, [3,1,0,0,0,0,0,0,0,0,0,0,0], [2,1,0,0,0,0,0,0,0,0,0,0,0]) = 24095961087984
N(O(9), 8, [3,1,0,0,0,0,0,0,0,0,0,0,0], [1,0,1,0,0,0,0,0,0,0,0,0,0]) = 20870865606966
N(O(9), 8, [3,1,0,0,0,0,0,0,0,0,0,0,0], [0,2,0,0,0,0,0,0,0,0,0,0,0]) = 11059898718408
N(O(9), 8, [3,1,0,0,0,0,0,0,0,0,0,0,0], [0,0,0,1,0,0,0,0,0,0,0,0,0]) = 10773712676220
N(O(9), 8, [2,0,1,0,0,0,0,0,0,0,0,0,0], [4,0,0,0,0,0,0,0,0,0,0,0,0]) = 4828725935305
N(O(9), 8, [2,0,1,0,0,0,0,0,0,0,0,0,0], [2,1,0,0,0,0,0,0,0,0,0,0,0]) = 22644062549424
N(O(9), 8, [2,0,1,0,0,0,0,0,0,0,0,0,0], [1,0,1,0,0,0,0,0,0,0,0,0,0]) = 19575920037501
N(O(9), 8, [2,0,1,0,0,0,0,0,0,0,0,0,0], [0,2,0,0,0,0,0,0,0,0,0,0,0]) = 10345200424448
N(O(9), 8, [2,0,1,0,0,0,0,0,0,0,0,0,0], [0,0,0,1,0,0,0,0,0,0,0,0,0]) = 10071318698756
N(O(9), 8, [1,2,0,0,0,0,0,0,0,0,0,0,0], [4,0,0,0,0,0,0,0,0,0,0,0,0]) = 4584741967689
N(O(9), 8, [1,2,0,0,0,0,0,0,0,0,0,0,0], [2,1,0,0,0,0,0,0,0,0,0,0,0]) = 21453615924236
N(O(9), 8, [1,2,0,0,0,0,0,0,0,0,0,0,0], [1,0,1,0,0,0,0,0,0,0,0,0,0]) = 18519615830538
N(O(9), 8, [1,2,0,0,0,0,0,0,0,0,0,0,0], [0,2,0,0,0,0,0,0,0,0,0,0,0]) = 9766920848456
N(O(9), 8, [1,2,0,0,0,0,0,0,0,0,0,0,0], [0,0,0,1,0,0,0,0,0,0,0,0,0]) = 9503804389756
N(O(9), 8, [1,0,0,1,0,0,0,0,0,0,0,0,0], [4,0,0,0,0,0,0,0,0,0,0,0,0]) = 4559679405289
N(O(9), 8, [1,0,0,1,0,0,0,0,0,0,0,0,0], [2,1,0,0,0,0,0,0,0,0,0,0,0]) = 21325856508336
N(O(9), 8, [1,0,0,1,0,0,0,0,0,0,0,0,0], [1,0,1,0,0,0,0,0,0,0,0,0,0]) = 18403050107748
N(O(9), 8, [1,0,0,1,0,0,0,0,0,0,0,0,0], [0,2,0,0,0,0,0,0,0,0,0,0,0]) = 9700325265840
N(O(9), 8, [1,0,0,1,0,0,0,0,0,0,0,0,0], [0,0,0,1,0,0,0,0,0,0,0,0,0]) = 9437966448476
N(O(9), 8, [0,1,1,0,0,0,0,0,0,0,0,0,0], [4,0,0,0,0,0,0,0,0,0,0,0,0]) = 4316712955969
N(O(9), 8, [0,1,1,0,0,0,0,0,0,0,0,0,0], [2,1,0,0,0,0,0,0,0,0,0,0,0]) = 20140728460116
N(O(9), 8, [0,1,1,0,0,0,0,0,0,0,0,0,0], [1,0,1,0,0,0,0,0,0,0,0,0,0]) = 17351673623871
N(O(9), 8, [0,1,1,0,0,0,0,0,0,0,0,0,0], [0,2,0,0,0,0,0,0,0,0,0,0,0]) = 9124920245928
N(O(9), 8, [0,1,1,0,0,0,0,0,0,0,0,0,0], [0,0,0,1,0,0,0,0,0,0,0,0,0]) = 8873304285924
N(O(9), 8, [0,0,0,0,1,0,0,0,0,0,0,0,0], [4,0,0,0,0,0,0,0,0,0,0,0,0]) = 4304200532890
N(O(9), 8, [0,0,0,0,1,0,0,0,0,0,0,0,0], [2,1,0,0,0,0,0,0,0,0,0,0,0]) = 20076951108266
N(O(9), 8, [0,0,0,0,1,0,0,0,0,0,0,0,0], [1,0,1,0,0,0,0,0,0,0,0,0,0]) = 17293487735031
N(O(9), 8, [0,0,0,0,1,0,0,0,0,0,0,0,0], [0,2,0,0,0,0,0,0,0,0,0,0,0]) = 9091681249472
N(O(9), 8, [0,0,0,0,1,0,0,0,0,0,0,0,0], [0,0,0,1,0,0,0,0,0,0,0,0,0]) = 8840443883960
N(O(9), 8, [4,0,0,0,0,0,0,0,0,0,0,0,0], [5,0,0,0,0,0,0,0,0,0,0,0,0]) = 5717862943746
N(O(9), 8, [4,0,0,0,0,0,0,0,0,0,0,0,0], [3,1,0,0,0,0,0,0,0,0,0,0,0]) = 37263618212460
N(O(9), 8, [4,0,0,0,0,0,0,0,0,0,0,0,0], [2,0,1,0,0,0,0,0,0,0,0,0,0]) = 37899568931418
N(O(9), 8, [4,0,0,0,0,0,0,0,0,0,0,0,0], [1,2,0,0,0,0,0,0,0,0,0,0,0]) = 42429674262876
N(O(9), 8, [4,0,0,0,0,0,0,0,0,0,0,0,0], [1,0,0,1,0,0,0,0,0,0,0,0,0]) = 29462443155960
N(O(9), 8, [4,0,0,0,0,0,0,0,0,0,0,0,0], [0,1,1,0,0,0,0,0,0,0,0,0,0]) = 34792682371800
N(O(9), 8, [4,0,0,0,0,0,0,0,0,0,0,0,0], [0,0,0,0,1,0,0,0,0,0,0,0,0]) = 14303443818465
N(O(9), 8, [2,1,0,0,0,0,0,0,0,0,0,0,0], [5,0,0,0,0,0,0,0,0,0,0,0,0]) = 5123990417436
N(O(9), 8, [2,1,0,0,0,0,0,0,0,0,0,0,0], [3,1,0,0,0,0,0,0,0,0,0,0,0]) = 33263632264444
N(O(9), 8, [2,1,0,0,0,0,0,0,0,0,0,0,0], [2,0,1,0,0,0,0,0,0,0,0,0,0]) = 33760170315924
N(O(9), 8, [2,1,0,0,0,0,0,0,0,0,0,0,0], [1,2,0,0,0,0,0,0,0,0,0,0,0]) = 37657840164460
N(O(9), 8, [2,1,0,0,0,0,0,0,0,0,0,0,0], [1,0,0,1,0,0,0,0,0,0,0,0,0]) = 26165662684968
N(O(9), 8, [2,1,0,0,0,0,0,0,0,0,0,0,0], [0,1,1,0,0,0,0,0,0,0,0,0,0]) = 30739236772776
N(O(9), 8, [2,1,0,0,0,0,0,0,0,0,0,0,0], [0,0,0,0,1,0,0,0,0,0,0,0,0]) = 12629897667175
N(O(9), 8, [1,0,1,0,0,0,0,0,0,0,0,0,0], [5,0,0,0,0,0,0,0,0,0,0,0,0]) = 4828750380582
N(O(9), 8, [1,0,1,0,0,0,0,0,0,0,0,0,0], [3,1,0,0,0,0,0,0,0,0,0,0,0]) = 31275705404316
N(O(9), 8, [1,0,1,0,0,0,0,0,0,0,0,0,0], [2,0,1,0,0,0,0,0,0,0,0,0,0]) = 31703313800277
N(O(9), 8, [1,0,1,0,0,0,0,0,0,0,0,0,0], [1,2,0,0,0,0,0,0,0,0,0,0,0]) = 35287434699060
N(O(9), 8, [1,0,1,0,0,0,0,0,0,0,0,0,0], [1,0,0,1,0,0,0,0,0,0,0,0,0]) = 24527892669432
N(O(9), 8, [1,0,1,0,0,0,0,0,0,0,0,0,0], [0,1,1,0,0,0,0,0,0,0,0,0,0]) = 28726441815570
N(O(9), 8, [1,0,1,0,0,0,0,0,0,0,0,0,0], [0,0,0,0,1,0,0,0,0,0,0,0,0]) = 11798905589970
N(O(9), 8, [0,2,0,0,0,0,0,0,0,0,0,0,0], [5,0,0,0,0,0,0,0,0,0,0,0,0]) = 4584766203542
N(O(9), 8, [0,2,0,0,0,0,0,0,0,0,0,0,0], [3,1,0,0,0,0,0,0,0,0,0,0,0]) = 29643468568596
N(O(9), 8, [0,2,0,0,0,0,0,0,0,0,0,0,0], [2,0,1,0,0,0,0,0,0,0,0,0,0]) = 30020167753566
N(O(9), 8, [0,2,0,0,0,0,0,0,0,0,0,0,0], [1,2,0,0,0,0,0,0,0,0,0,0,0]) = 33359690139548
N(O(9), 8, [0,2,0,0,0,0,0,0,0,0,0,0,0], [1,0,0,1,0,0,0,0,0,0,0,0,0]) = 23194168021112
N(O(9), 8, [0,2,0,0,0,0,0,0,0,0,0,0,0], [0,1,1,0,0,0,0,0,0,0,0,0,0]) = 27101892542688
N(O(9), 8, [0,2,0,0,0,0,0,0,0,0,0,0,0], [0,0,0,0,1,0,0,0,0,0,0,0,0]) = 11128721751965
N(O(9), 8, [0,0,0,1,0,0,0,0,0,0,0,0,0], [5,0,0,0,0,0,0,0,0,0,0,0,0]) = 4559703639402
N(O(9), 8, [0,0,0,1,0,0,0,0,0,0,0,0,0], [3,1,0,0,0,0,0,0,0,0,0,0,0]) = 29469645265352
N(O(9), 8, [0,0,0,1,0,0,0,0,0,0,0,0,0], [2,0,1,0,0,0,0,0,0,0,0,0,0]) = 29837593087050
N(O(9), 8, [0,0,0,1,0,0,0,0,0,0,0,0,0], [1,2,0,0,0,0,0,0,0,0,0,0,0]) = 33143529748588
N(O(9), 8, [0,0,0,1,0,0,0,0,0,0,0,0,0], [1,0,0,1,0,0,0,0,0,0,0,0,0]) = 23045685096696
N(O(9), 8, [0,0,0,1,0,0,0,0,0,0,0,0,0], [0,1,1,0,0,0,0,0,0,0,0,0,0]) = 26912411866356
N(O(9), 8, [0,0,0,1,0,0,0,0,0,0,0,0,0], [0,0,0,0,1,0,0,0,0,0,0,0,0]) = 11050244445125
N(O(9), 8, [3,0,0,0,0,0,0,0,0,0,0,0,0], [6,0,0,0,0,0,0,0,0,0,0,0,0]) = 5717863227816
N(O(9), 8, [3,0,0,0,0,0,0,0,0,0,0,0,0], [4,1,0,0,0,0,0,0,0,0,0,0,0]) = 47511551780676
N(O(9), 8, [3,0,0,0,0,0,0,0,0,0,0,0,0], [3,0,1,0,0,0,0,0,0,0,0,0,0]) = 52382808545274
N(O(9), 8, [3,0,0,0,0,0,0,0,0,0,0,0,0], [2,2,0,0,0,0,0,0,0,0,0,0,0]) = 90621599804556
N(O(9), 8, [3,0,0,0,0,0,0,0,0,0,0,0,0], [2,0,0,1,0,0,0,0,0,0,0,0,0]) = 47617943693184
N(O(9), 8, [3,0,0,0,0,0,0,0,0,0,0,0,0], [1,1,1,0,0,0,0,0,0,0,0,0,0]) = 118679830974684
N(O(9), 8, [3,0,0,0,0,0,0,0,0,0,0,0,0], [1,0,0,0,1,0,0,0,0,0,0,0,0]) = 34660815004380
N(O(9), 8, [3,0,0,0,0,0,0,0,0,0,0,0,0], [0,3,0,0,0,0,0,0,0,0,0,0,0]) = 22119798148248
N(O(9), 8, [3,0,0,0,0,0,0,0,0,0,0,0,0], [0,1,0,1,0,0,0,0,0,0,0,0,0]) = 43519727201664
N(O(9), 8, [3,0,0,0,0,0,0,0,0,0,0,0,0], [0,0,2,0,0,0,0,0,0,0,0,0,0]) = 24185364689853
N(O(9), 8, [3,0,0,0,0,0,0,0,0,0,0,0,0], [0,0,0,0,0,1,0,0,0,0,0,0,0]) = 16105829129622
N(O(9), 8, [1,1,0,0,0,0,0,0,0,0,0,0,0], [6,0,0,0,0,0,0,0,0,0,0,0,0]) = 5123990699446
N(O(9), 8, [1,1,0,0,0,0,0,0,0,0,0,0,0], [4,1,0,0,0,0,0,0,0,0,0,0,0]) = 42433118232272
N(O(9), 8, [1,1,0,0,0,0,0,0,0,0,0,0,0], [3,0,1,0,0,0,0,0,0,0,0,0,0]) = 46707462711594
N(O(9), 8, [1,1,0,0,0,0,0,0,0,0,0,0,0], [2,2,0,0,0,0,0,0,0,0,0,0,0]) = 80565075344948
N(O(9), 8, [1,1,0,0,0,0,0,0,0,0,0,0,0], [2,0,0,1,0,0,0,0,0,0,0,0,0]) = 42377544851880
N(O(9), 8, [1,1,0,0,0,0,0,0,0,0,0,0,0], [1,1,1,0,0,0,0,0,0,0,0,0,0]) = 105191682948372
N(O(9), 8, [1,1,0,0,0,0,0,0,0,0,0,0,0], [1,0,0,0,1,0,0,0,0,0,0,0,0]) = 30752149187720
N(O(9), 8, [1,1,0,0,0,0,0,0,0,0,0,0,0], [0,3,0,0,0,0,0,0,0,0,0,0,0]) = 19533842399640
N(O(9), 8, [1,1,0,0,0,0,0,0,0,0,0,0,0], [0,1,0,1,0,0,0,0,0,0,0,0,0]) = 38406803299744
N(O(9), 8, [1,1,0,0,0,0,0,0,0,0,0,0,0], [0,0,2,0,0,0,0,0,0,0,0,0,0]) = 21333508967583
N(O(9), 8, [1,1,0,0,0,0,0,0,0,0,0,0,0], [0,0,0,0,0,1,0,0,0,0,0,0,0]) = 14205761249670
N(O(9), 8, [0,0,1,0,0,0,0,0,0,0,0,0,0], [6,0,0,0,0,0,0,0,0,0,0,0,0]) = 4828750661562
N(O(9), 8, [0,0,1,0,0,0,0,0,0,0,0,0,0], [4,1,0,0,0,0,0,0,0,0,0,0,0]) = 39909133340064
N(O(9), 8, [0,0,1,0,0,0,0,0,0,0,0,0,0], [3,0,1,0,0,0,0,0,0,0,0,0,0]) = 43887211492851
N(O(9), 8, [0,0,1,0,0,0,0,0,0,0,0,0,0], [2,2,0,0,0,0,0,0,0,0,0,0,0]) = 75568894934460
N(O(9), 8, [0,0,1,0,0,0,0,0,0,0,0,0,0], [2,0,0,1,0,0,0,0,0,0,0,0,0]) = 39773854295016
N(O(9), 8, [0,0,1,0,0,0,0,0,0,0,0,0,0], [1,1,1,0,0,0,0,0,0,0,0,0,0]) = 98492306686344
N(O(9), 8, [0,0,1,0,0,0,0,0,0,0,0,0,0], [1,0,0,0,1,0,0,0,0,0,0,0,0]) = 28810606096125
N(O(9), 8, [0,0,1,0,0,0,0,0,0,0,0,0,0], [0,3,0,0,0,0,0,0,0,0,0,0,0]) = 18249841190232
N(O(9), 8, [0,0,1,0,0,0,0,0,0,0,0,0,0], [0,1,0,1,0,0,0,0,0,0,0,0,0]) = 35868205383024
N(O(9), 8, [0,0,1,0,0,0,0,0,0,0,0,0,0], [0,0,2,0,0,0,0,0,0,0,0,0,0]) = 19917592561296
N(O(9), 8, [0,0,1,0,0,0,0,0,0,0,0,0,0], [0,0,0,0,0,1,0,0,0,0,0,0,0]) = 13262400610038
N(O(9), 8, [2,0,0,0,0,0,0,0,0,0,0,0,0], [7,0,0,0,0,0,0,0,0,0,0,0,0]) = 5717863228994
N(O(9), 8, [2,0,0,0,0,0,0,0,0,0,0,0,0], [5,1,0,0,0,0,0,0,0,0,0,0,0]) = 57759532627668
N(O(9), 8, [2,0,0,0,0,0,0,0,0,0,0,0,0], [4,0,1,0,0,0,0,0,0,0,0,0,0]) = 66868986364074
N(O(9), 8, [2,0,0,0,0,0,0,0,0,0,0,0,0], [3,2,0,0,0,0,0,0,0,0,0,0,0]) = 157148864367284
N(O(9), 8, [2,0,0,0,0,0,0,0,0,0,0,0,0], [3,0,0,1,0,0,0,0,0,0,0,0,0]) = 65852803179432
N(O(9), 8, [2,0,0,0,0,0,0,0,0,0,0,0,0], [2,1,1,0,0,0,0,0,0,0,0,0,0]) = 254132359305060
N(O(9), 8, [2,0,0,0,0,0,0,0,0,0,0,0,0], [2,0,0,0,1,0,0,0,0,0,0,0,0]) = 56080347574290
N(O(9), 8, [2,0,0,0,0,0,0,0,0,0,0,0,0], [1,3,0,0,0,0,0,0,0,0,0,0,0]) = 97435478499120
N(O(9), 8, [2,0,0,0,0,0,0,0,0,0,0,0,0], [1,1,0,1,0,0,0,0,0,0,0,0,0]) = 148719833302944
N(O(9), 8, [2,0,0,0,0,0,0,0,0,0,0,0,0], [1,0,2,0,0,0,0,0,0,0,0,0,0]) = 82913124817260
N(O(9), 8, [2,0,0,0,0,0,0,0,0,0,0,0,0], [1,0,0,0,0,1,0,0,0,0,0,0,0]) = 39125902925688
N(O(9), 8, [2,0,0,0,0,0,0,0,0,0,0,0,0], [0,2,1,0,0,0,0,0,0,0,0,0,0]) = 92514074838372
N(O(9), 8, [2,0,0,0,0,0,0,0,0,0,0,0,0], [0,1,0,0,1,0,0,0,0,0,0,0,0]) = 51029857107790
N(O(9), 8, [2,0,0,0,0,0,0,0,0,0,0,0,0], [0,0,1,1,0,0,0,0,0,0,0,0,0]) = 60451876180224
N(O(9), 8, [2,0,0,0,0,0,0,0,0,0,0,0,0], [0,0,0,0,0,0,1,0,0,0,0,0,0]) = 17621455189317
N(O(9), 8, [0,1,0,0,0,0,0,0,0,0,0,0,0], [7,0,0,0,0,0,0,0,0,0,0,0,0]) = 5123990700622
N(O(9), 8, [0,1,0,0,0,0,0,0,0,0,0,0,0], [5,1,0,0,0,0,0,0,0,0,0,0,0]) = 51602650651452
N(O(9), 8, [0,1,0,0,0,0,0,0,0,0,0,0,0], [4,0,1,0,0,0,0,0,0,0,0,0,0]) = 59657601592356
N(O(9), 8, [0,1,0,0,0,0,0,0,0,0,0,0,0], [3,2,0,0,0,0,0,0,0,0,0,0,0]) = 139852012515900
N(O(9), 8, [0,1,0,0,0,0,0,0,0,0,0,0,0], [3,0,0,1,0,0,0,0,0,0,0,0,0]) = 58664893217528
N(O(9), 8, [0,1,0,0,0,0,0,0,0,0,0,0,0], [2,1,1,0,0,0,0,0,0,0,0,0,0]) = 225654203885964
N(O(9), 8, [0,1,0,0,0,0,0,0,0,0,0,0,0], [2,0,0,0,1,0,0,0,0,0,0,0,0]) = 49862166370810
N(O(9), 8, [0,1,0,0,0,0,0,0,0,0,0,0,0], [1,3,0,0,0,0,0,0,0,0,0,0,0]) = 86253222700624
N(O(9), 8, [0,1,0,0,0,0,0,0,0,0,0,0,0], [1,1,0,1,0,0,0,0,0,0,0,0,0]) = 131681363640064
N(O(9), 8, [0,1,0,0,0,0,0,0,0,0,0,0,0], [1,0,2,0,0,0,0,0,0,0,0,0,0]) = 73388529854046
N(O(9), 8, [0,1,0,0,0,0,0,0,0,0,0,0,0], [1,0,0,0,0,1,0,0,0,0,0,0,0]) = 34679079697224
N(O(9), 8, [0,1,0,0,0,0,0,0,0,0,0,0,0], [0,2,1,0,0,0,0,0,0,0,0,0,0]) = 81578545842564
N(O(9), 8, [0,1,0,0,0,0,0,0,0,0,0,0,0], [0,1,0,0,1,0,0,0,0,0,0,0,0]) = 44984864290610
N(O(9), 8, [0,1,0,0,0,0,0,0,0,0,0,0,0], [0,0,1,1,0,0,0,0,0,0,0,0,0]) = 53262251875776
N(O(9), 8, [0,1,0,0,0,0,0,0,0,0,0,0,0], [0,0,0,0,0,0,1,0,0,0,0,0,0]) = 15525163108259
N(O(9), 8, [1,0,0,0,0,0,0,0,0,0,0,0,0], [8,0,0,0,0,0,0,0,0,0,0,0,0]) = 5717863228995
N(O(9), 8, [1,0,0,0,0,0,0,0,0,0,0,0,0], [6,1,0,0,0,0,0,0,0,0,0,0,0]) = 68007514026574
N(O(9), 8, [1,0,0,0,0,0,0,0,0,0,0,0,0], [5,0,1,0,0,0,0,0,0,0,0,0,0]) = 81355237505838
N(O(9), 8, [1,0,0,0,0,0,0,0,0,0,0,0,0], [4,2,0,0,0,0,0,0,0,0,0,0,0]) = 242015100831888
N(O(9), 8, [1,0,0,0,0,0,0,0,0,0,0,0,0], [4,0,0,1,0,0,0,0,0,0,0,0,0]) = 84091520800608
N(O(9), 8, [1,0,0,0,0,0,0,0,0,0,0,0,0], [3,1,1,0,0,0,0,0,0,0,0,0,0]) = 441374400941316
N(O(9), 8, [1,0,0,0,0,0,0,0,0,0,0,0,0], [3,0,0,0,1,0,0,0,0,0,0,0,0]) = 77596603992790
N(O(9), 8, [1,0,0,0,0,0,0,0,0,0,0,0,0], [2,3,0,0,0,0,0,0,0,0,0,0,0]) = 258565629189096
N(O(9), 8, [1,0,0,0,0,0,0,0,0,0,0,0,0], [2,1,0,1,0,0,0,0,0,0,0,0,0]) = 318778349040144
N(O(9), 8, [1,0,0,0,0,0,0,0,0,0,0,0,0], [2,0,2,0,0,0,0,0,0,0,0,0,0]) = 178023066218145
N(O(9), 8, [1,0,0,0,0,0,0,0,0,0,0,0,0], [2,0,0,0,0,1,0,0,0,0,0,0,0]) = 63374679635568
N(O(9), 8, [1,0,0,0,0,0,0,0,0,0,0,0,0], [1,2,1,0,0,0,0,0,0,0,0,0,0]) = 408759744832440
N(O(9), 8, [1,0,0,0,0,0,0,0,0,0,0,0,0], [1,1,0,0,1,0,0,0,0,0,0,0,0]) = 174685520299760
N(O(9), 8, [1,0,0,0,0,0,0,0,0,0,0,0,0], [1,0,1,1,0,0,0,0,0,0,0,0,0]) = 207647754619584
N(O(9), 8, [1,0,0,0,0,0,0,0,0,0,0,0,0], [1,0,0,0,0,0,1,0,0,0,0,0,0]) = 42917015663865
N(O(9), 8, [1,0,0,0,0,0,0,0,0,0,0,0,0], [0,4,0,0,0,0,0,0,0,0,0,0,0]) = 39067684799296
N(O(9), 8, [1,0,0,0,0,0,0,0,0,0,0,0,0], [0,2,0,1,0,0,0,0,0,0,0,0,0]) = 115614907662896
N(O(9), 8, [1,0,0,0,0,0,0,0,0,0,0,0,0], [0,1,2,0,0,0,0,0,0,0,0,0,0]) = 128846343381930
N(O(9), 8, [1,0,0,0,0,0,0,0,0,0,0,0,0], [0,1,0,0,0,1,0,0,0,0,0,0,0]) = 57410420603568
N(O(9), 8, [1,0,0,0,0,0,0,0,0,0,0,0,0], [0,0,1,0,1,0,0,0,0,0,0,0,0]) = 70823358591330
N(O(9), 8, [1,0,0,0,0,0,0,0,0,0,0,0,0], [0,0,0,2,0,0,0,0,0,0,0,0,0]) = 37751865793920
N(O(9), 8, [1,0,0,0,0,0,0,0,0,0,0,0,0], [0,0,0,0,0,0,0,1,0,0,0,0,0]) = 18875177134048
N(O(9), 8, [0,0,0,0,0,0,0,0,0,0,0,0,0], [9,0,0,0,0,0,0,0,0,0,0,0,0]) = 5717863228995
N(O(9), 8, [0,0,0,0,0,0,0,0,0,0,0,0,0], [7,1,0,0,0,0,0,0,0,0,0,0,0]) = 78255495427818
N(O(9), 8, [0,0,0,0,0,0,0,0,0,0,0,0,0], [6,0,1,0,0,0,0,0,0,0,0,0,0]) = 95841489490524
N(O(9), 8, [0,0,0,0,0,0,0,0,0,0,0,0,0], [5,2,0,0,0,0,0,0,0,0,0,0,0]) = 345220402134792
N(O(9), 8, [0,0,0,0,0,0,0,0,0,0,0,0,0], [5,0,0,1,0,0,0,0,0,0,0,0,0]) = 102330335358216
N(O(9), 8, [0,0,0,0,0,0,0,0,0,0,0,0,0], [4,1,1,0,0,0,0,0,0,0,0,0,0]) = 680417004146220
N(O(9), 8, [0,0,0,0,0,0,0,0,0,0,0,0,0], [4,0,0,0,1,0,0,0,0,0,0,0,0]) = 99117606657240
N(O(9), 8, [0,0,0,0,0,0,0,0,0,0,0,0,0], [3,3,0,0,0,0,0,0,0,0,0,0,0]) = 538269654220896
N(O(9), 8, [0,0,0,0,0,0,0,0,0,0,0,0,0], [3,1,0,1,0,0,0,0,0,0,0,0,0]) = 553986716536608
N(O(9), 8, [0,0,0,0,0,0,0,0,0,0,0,0,0], [3,0,2,0,0,0,0,0,0,0,0,0,0]) = 309684700696698
N(O(9), 8, [0,0,0,0,0,0,0,0,0,0,0,0,0], [3,0,0,0,0,1,0,0,0,0,0,0,0]) = 87736606538568
N(O(9), 8, [0,0,0,0,0,0,0,0,0,0,0,0,0], [2,2,1,0,0,0,0,0,0,0,0,0,0]) = 1086774837407748
N(O(9), 8, [0,0,0,0,0,0,0,0,0,0,0,0,0], [2,1,0,0,1,0,0,0,0,0,0,0,0]) = 374794608582710
N(O(9), 8, [0,0,0,0,0,0,0,0,0,0,0,0,0], [2,0,1,1,0,0,0,0,0,0,0,0,0]) = 446319689852832
N(O(9), 8, [0,0,0,0,0,0,0,0,0,0,0,0,0], [2,0,0,0,0,0,1,0,0,0,0,0,0]) = 69594029358000
N(O(9), 8, [0,0,0,0,0,0,0,0,0,0,0,0,0], [1,4,0,0,0,0,0,0,0,0,0,0,0]) = 211574130200544
N(O(9), 8, [0,0,0,0,0,0,0,0,0,0,0,0,0], [1,2,0,1,0,0,0,0,0,0,0,0,0]) = 511551753937376
N(O(9), 8, [0,0,0,0,0,0,0,0,0,0,0,0,0], [1,1,2,0,0,0,0,0,0,0,0,0,0]) = 571100323149054
N(O(9), 8, [0,0,0,0,0,0,0,0,0,0,0,0,0], [1,1,0,0,0,1,0,0,0,0,0,0,0]) = 196873569914376
N(O(9), 8, [0,0,0,0,0,0,0,0,0,0,0,0,0], [1,0,1,0,1,0,0,0,0,0,0,0,0]) = 243722615554860
N(O(9), 8, [0,0,0,0,0,0,0,0,0,0,0,0,0], [1,0,0,2,0,0,0,0,0,0,0,0,0]) = 129934606180704
N(O(9), 8, [0,0,0,0,0,0,0,0,0,0,0,0,0], [1,0,0,0,0,0,0,1,0,0,0,0,0]) = 46090290161112
N(O(9), 8, [0,0,0,0,0,0,0,0,0,0,0,0,0], [0,3,1,0,0,0,0,0,0,0,0,0,0]) = 217906615255824
N(O(9), 8, [0,0,0,0,0,0,0,0,0,0,0,0,0], [0,2,0,0,1,0,0,0,0,0,0,0,0]) = 135428134828580
N(O(9), 8, [0,0,0,0,0,0,0,0,0,0,0,0,0], [0,1,1,1,0,0,0,0,0,0,0,0,0]) = 321778767366048
N(O(9), 8, [0,0,0,0,0,0,0,0,0,0,0,0,0], [0,1,0,0,0,0,1,0,0,0,0,0,0]) = 62757749490618
N(O(9), 8, [0,0,0,0,0,0,0,0,0,0,0,0,0], [0,0,3,0,0,0,0,0,0,0,0,0,0]) = 59752777683888
N(O(9), 8, [0,0,0,0,0,0,0,0,0,0,0,0,0], [0,0,1,0,0,1,0,0,0,0,0,0,0]) = 79609160351520
N(O(9), 8, [0,0,0,0,0,0,0,0,0,0,0,0,0], [0,0,0,1,1,0,0,0,0,0,0,0,0]) = 88403197200300
N(O(9), 8, [0,0,0,0,0,0,0,0,0,0,0,0,0], [0,0,0,0,0,0,0,0,1,0,0,0,0]) = 19890294504129
