N(1h+4f, -2, [4,0,0,0,0,0,0], [0,0,0,0,0,0,0]) = 6
N(1h+4f, -2, [2,1,0,0,0,0,0], [0,0,0,0,0,0,0]) = 1
N(1h+4f, -2, [1,0,1,0,0,0,0], [0,0,0,0,0,0,0]) = 0
N(1h+4f, -2, [0,2,0,0,0,0,0], [0,0,0,0,0,0,0]) = 0
N(1h+4f, -2, [0,0,0,1,0,0,0], [0,0,0,0,0,0,0]) = 0
N(1h+4f, -2, [3,0,0,0,0,0,0], [1,0,0,0,0,0,0]) = 24
N(1h+4f, -2, [1,1,0,0,0,0,0], [1,0,0,0,0,0,0]) = 7
N(1h+4f, -2, [0,0,1,0,0,0,0], [1,0,0,0,0,0,0]) = 0
N(1h+4f, -2, [2,0,0,0,0,0,0], [2,0,0,0,0,0,0]) = 45
N(1h+4f, -2, [2,0,0,0,0,0,0], [0,1,0,0,0,0,0]) = 2
N(1h+4f, -2, [0,1,0,0,0,0,0], [2,0,0,0,0,0,0]) = 28
N(1h+4f, -2, [0,1,0,0,0,0,0], [0,1,0,0,0,0,0]) = 0
N(1h+4f, -2, [1,0,0,0,0,0,0], [3,0,0,0,0,0,0]) = 45
N(1h+4f, -2, [1,0,0,0,0,0,0], [1,1,0,0,0,0,0]) = 16
N(1h+4f, -2, [1,0,0,0,0,0,0], [0,0,1,0,0,0,0]) = 0
N(1h+4f, -2, [0,0,0,0,0,0,0], [4,0,0,0,0,0,0]) = 45
N(1h+4f, -2, [0,0,0,0,0,0,0], [2,1,0,0,0,0,0]) = 72
N(1h+4f, -2, [0,0,0,0,0,0,0], [1,0,1,0,0,0,0]) = 0
N(1h+4f, -2, [0,0,0,0,0,0,0], [0,2,0,0,0,0,0]) = 0
N(1h+4f, -2, [0,0,0,0,0,0,0], [0,0,0,1,0,0,0]) = 0
