N(O(2, 10), 7, [10,0,0,0,0,0,0,0,0,0], [0,0,0,0,0,0,0,0,0,0]) = 1864
N(O(2, 10), 7, [8,1,0,0,0,0,0,0,0,0], [0,0,0,0,0,0,0,0,0,0]) = 1744
N(O(2, 10), 7, [7,0,1,0,0,0,0,0,0,0], [0,0,0,0,0,0,0,0,0,0]) = 1684
N(O(2, 10), 7, [6,2,0,0,0,0,0,0,0,0], [0,0,0,0,0,0,0,0,0,0]) = 1628
N(O(2, 10), 7, [6,0,0,1,0,0,0,0,0,0], [0,0,0,0,0,0,0,0,0,0]) = 1626
N(O(2, 10), 7, [5,1,1,0,0,0,0,0,0,0], [0,0,0,0,0,0,0,0,0,0]) = 1570
N(O(2, 10), 7, [5,0,0,0,1,0,0,0,0,0], [0,0,0,0,0,0,0,0,0,0]) = 1569
N(O(2, 10), 7, [4,3,0,0,0,0,0,0,0,0], [0,0,0,0,0,0,0,0,0,0]) = 1516
N(O(2, 10), 7, [4,1,0,1,0,0,0,0,0,0], [0,0,0,0,0,0,0,0,0,0]) = 1514
N(O(2, 10), 7, [4,0,2,0,0,0,0,0,0,0], [0,0,0,0,0,0,0,0,0,0]) = 1513
N(O(2, 10), 7, [4,0,0,0,0,1,0,0,0,0], [0,0,0,0,0,0,0,0,0,0]) = 1513
N(O(2, 10), 7, [3,2,1,0,0,0,0,0,0,0], [0,0,0,0,0,0,0,0,0,0]) = 1460
N(O(2, 10), 7, [3,1,0,0,1,0,0,0,0,0], [0,0,0,0,0,0,0,0,0,0]) = 1459
N(O(2, 10), 7, [3,0,1,1,0,0,0,0,0,0], [0,0,0,0,0,0,0,0,0,0]) = 1458
N(O(2, 10), 7, [3,0,0,0,0,0,1,0,0,0], [0,0,0,0,0,0,0,0,0,0]) = 1458
N(O(2, 10), 7, [2,4,0,0,0,0,0,0,0,0], [0,0,0,0,0,0,0,0,0,0]) = 1408
N(O(2, 10), 7, [2,2,0,1,0,0,0,0,0,0], [0,0,0,0,0,0,0,0,0,0]) = 1406
N(O(2, 10), 7, [2,1,2,0,0,0,0,0,0,0], [0,0,0,0,0,0,0,0,0,0]) = 1405
N(O(2, 10), 7, [2,1,0,0,0,1,0,0,0,0], [0,0,0,0,0,0,0,0,0,0]) = 1405
N(O(2, 10), 7, [2,0,1,0,1,0,0,0,0,0], [0,0,0,0,0,0,0,0,0,0]) = 1404
N(O(2, 10), 7, [2,0,0,2,0,0,0,0,0,0], [0,0,0,0,0,0,0,0,0,0]) = 1404
N(O(2, 10), 7, [2,0,0,0,0,0,0,1,0,0], [0,0,0,0,0,0,0,0,0,0]) = 1404
N(O(2, 10), 7, [1,3,1,0,0,0,0,0,0,0], [0,0,0,0,0,0,0,0,0,0]) = 1354
N(O(2, 10), 7, [1,2,0,0,1,0,0,0,0,0], [0,0,0,0,0,0,0,0,0,0]) = 1353
N(O(2, 10), 7, [1,1,1,1,0,0,0,0,0,0], [0,0,0,0,0,0,0,0,0,0]) = 1352
N(O(2, 10), 7, [1,1,0,0,0,0,1,0,0,0], [0,0,0,0,0,0,0,0,0,0]) = 1352
N(O(2, 10), 7, [1,0,3,0,0,0,0,0,0,0], [0,0,0,0,0,0,0,0,0,0]) = 1351
N(O(2, 10), 7, [1,0,1,0,0,1,0,0,0,0], [0,0,0,0,0,0,0,0,0,0]) = 1351
N(O(2, 10), 7, [1,0,0,1,1,0,0,0,0,0], [0,0,0,0,0,0,0,0,0,0]) = 1351
N(O(2, 10), 7, [1,0,0,0,0,0,0,0,1,0], [0,0,0,0,0,0,0,0,0,0]) = 1351
N(O(2, 10), 7, [0,5,0,0,0,0,0,0,0,0], [0,0,0,0,0,0,0,0,0,0]) = 1304
N(O(2, 10), 7, [0,3,0,1,0,0,0,0,0,0], [0,0,0,0,0,0,0,0,0,0]) = 1302
N(O(2, 10), 7, [0,2,2,0,0,0,0,0,0,0], [0,0,0,0,0,0,0,0,0,0]) = 1301
N(O(2, 10), 7, [0,2,0,0,0,1,0,0,0,0], [0,0,0,0,0,0,0,0,0,0]) = 1301
N(O(2, 10), 7, [0,1,1,0,1,0,0,0,0,0], [0,0,0,0,0,0,0,0,0,0]) = 1300
N(O(2, 10), 7, [0,1,0,2,0,0,0,0,0,0], [0,0,0,0,0,0,0,0,0,0]) = 1300
N(O(2, 10), 7, [0,1,0,0,0,0,0,1,0,0], [0,0,0,0,0,0,0,0,0,0]) = 1300
N(O(2, 10), 7, [0,0,2,1,0,0,0,0,0,0], [0,0,0,0,0,0,0,0,0,0]) = 1299
N(O(2, 10), 7, [0,0,1,0,0,0,1,0,0,0], [0,0,0,0,0,0,0,0,0,0]) = 1299
N(O(2, 10), 7, [0,0,0,1,0,1,0,0,0,0], [0,0,0,0,0,0,0,0,0,0]) = 1299
N(O(2, 10), 7, [0,0,0,0,2,0,0,0,0,0], [0,0,0,0,0,0,0,0,0,0]) = 1299
N(O(2, 10), 7, [0,0,0,0,0,0,0,0,0,1], [0,0,0,0,0,0,0,0,0,0]) = 1299
N(O(2, 10), 7, [9,0,0,0,0,0,0,0,0,0], [1,0,0,0,0,0,0,0,0,0]) = 2433
N(O(2, 10), 7, [7,1,0,0,0,0,0,0,0,0], [1,0,0,0,0,0,0,0,0,0]) = 2295
N(O(2, 10), 7, [6,0,1,0,0,0,0,0,0,0], [1,0,0,0,0,0,0,0,0,0]) = 2226
N(O(2, 10), 7, [5,2,0,0,0,0,0,0,0,0], [1,0,0,0,0,0,0,0,0,0]) = 2161
N(O(2, 10), 7, [5,0,0,1,0,0,0,0,0,0], [1,0,0,0,0,0,0,0,0,0]) = 2159
N(O(2, 10), 7, [4,1,1,0,0,0,0,0,0,0], [1,0,0,0,0,0,0,0,0,0]) = 2094
N(O(2, 10), 7, [4,0,0,0,1,0,0,0,0,0], [1,0,0,0,0,0,0,0,0,0]) = 2093
N(O(2, 10), 7, [3,3,0,0,0,0,0,0,0,0], [1,0,0,0,0,0,0,0,0,0]) = 2031
N(O(2, 10), 7, [3,1,0,1,0,0,0,0,0,0], [1,0,0,0,0,0,0,0,0,0]) = 2029
N(O(2, 10), 7, [3,0,2,0,0,0,0,0,0,0], [1,0,0,0,0,0,0,0,0,0]) = 2028
N(O(2, 10), 7, [3,0,0,0,0,1,0,0,0,0], [1,0,0,0,0,0,0,0,0,0]) = 2028
N(O(2, 10), 7, [2,2,1,0,0,0,0,0,0,0], [1,0,0,0,0,0,0,0,0,0]) = 1966
N(O(2, 10), 7, [2,1,0,0,1,0,0,0,0,0], [1,0,0,0,0,0,0,0,0,0]) = 1965
N(O(2, 10), 7, [2,0,1,1,0,0,0,0,0,0], [1,0,0,0,0,0,0,0,0,0]) = 1964
N(O(2, 10), 7, [2,0,0,0,0,0,1,0,0,0], [1,0,0,0,0,0,0,0,0,0]) = 1964
N(O(2, 10), 7, [1,4,0,0,0,0,0,0,0,0], [1,0,0,0,0,0,0,0,0,0]) = 1905
N(O(2, 10), 7, [1,2,0,1,0,0,0,0,0,0], [1,0,0,0,0,0,0,0,0,0]) = 1903
N(O(2, 10), 7, [1,1,2,0,0,0,0,0,0,0], [1,0,0,0,0,0,0,0,0,0]) = 1902
N(O(2, 10), 7, [1,1,0,0,0,1,0,0,0,0], [1,0,0,0,0,0,0,0,0,0]) = 1902
N(O(2, 10), 7, [1,0,1,0,1,0,0,0,0,0], [1,0,0,0,0,0,0,0,0,0]) = 1901
N(O(2, 10), 7, [1,0,0,2,0,0,0,0,0,0], [1,0,0,0,0,0,0,0,0,0]) = 1901
N(O(2, 10), 7, [1,0,0,0,0,0,0,1,0,0], [1,0,0,0,0,0,0,0,0,0]) = 1901
N(O(2, 10), 7, [0,3,1,0,0,0,0,0,0,0], [1,0,0,0,0,0,0,0,0,0]) = 1842
N(O(2, 10), 7, [0,2,0,0,1,0,0,0,0,0], [1,0,0,0,0,0,0,0,0,0]) = 1841
N(O(2, 10), 7, [0,1,1,1,0,0,0,0,0,0], [1,0,0,0,0,0,0,0,0,0]) = 1840
N(O(2, 10), 7, [0,1,0,0,0,0,1,0,0,0], [1,0,0,0,0,0,0,0,0,0]) = 1840
N(O(2, 10), 7, [0,0,3,0,0,0,0,0,0,0], [1,0,0,0,0,0,0,0,0,0]) = 1839
N(O(2, 10), 7, [0,0,1,0,0,1,0,0,0,0], [1,0,0,0,0,0,0,0,0,0]) = 1839
N(O(2, 10), 7, [0,0,0,1,1,0,0,0,0,0], [1,0,0,0,0,0,0,0,0,0]) = 1839
N(O(2, 10), 7, [0,0,0,0,0,0,0,0,1,0], [1,0,0,0,0,0,0,0,0,0]) = 1839
N(O(2, 10), 7, [8,0,0,0,0,0,0,0,0,0], [2,0,0,0,0,0,0,0,0,0]) = 2478
N(O(2, 10), 7, [8,0,0,0,0,0,0,0,0,0], [0,1,0,0,0,0,0,0,0,0]) = 3506
N(O(2, 10), 7, [6,1,0,0,0,0,0,0,0,0], [2,0,0,0,0,0,0,0,0,0]) = 2340
N(O(2, 10), 7, [6,1,0,0,0,0,0,0,0,0], [0,1,0,0,0,0,0,0,0,0]) = 3274
N(O(2, 10), 7, [5,0,1,0,0,0,0,0,0,0], [2,0,0,0,0,0,0,0,0,0]) = 2271
N(O(2, 10), 7, [5,0,1,0,0,0,0,0,0,0], [0,1,0,0,0,0,0,0,0,0]) = 3158
N(O(2, 10), 7, [4,2,0,0,0,0,0,0,0,0], [2,0,0,0,0,0,0,0,0,0]) = 2206
N(O(2, 10), 7, [4,2,0,0,0,0,0,0,0,0], [0,1,0,0,0,0,0,0,0,0]) = 3050
N(O(2, 10), 7, [4,0,0,1,0,0,0,0,0,0], [2,0,0,0,0,0,0,0,0,0]) = 2204
N(O(2, 10), 7, [4,0,0,1,0,0,0,0,0,0], [0,1,0,0,0,0,0,0,0,0]) = 3046
N(O(2, 10), 7, [3,1,1,0,0,0,0,0,0,0], [2,0,0,0,0,0,0,0,0,0]) = 2139
N(O(2, 10), 7, [3,1,1,0,0,0,0,0,0,0], [0,1,0,0,0,0,0,0,0,0]) = 2938
N(O(2, 10), 7, [3,0,0,0,1,0,0,0,0,0], [2,0,0,0,0,0,0,0,0,0]) = 2138
N(O(2, 10), 7, [3,0,0,0,1,0,0,0,0,0], [0,1,0,0,0,0,0,0,0,0]) = 2936
N(O(2, 10), 7, [2,3,0,0,0,0,0,0,0,0], [2,0,0,0,0,0,0,0,0,0]) = 2076
N(O(2, 10), 7, [2,3,0,0,0,0,0,0,0,0], [0,1,0,0,0,0,0,0,0,0]) = 2834
N(O(2, 10), 7, [2,1,0,1,0,0,0,0,0,0], [2,0,0,0,0,0,0,0,0,0]) = 2074
N(O(2, 10), 7, [2,1,0,1,0,0,0,0,0,0], [0,1,0,0,0,0,0,0,0,0]) = 2830
N(O(2, 10), 7, [2,0,2,0,0,0,0,0,0,0], [2,0,0,0,0,0,0,0,0,0]) = 2073
N(O(2, 10), 7, [2,0,2,0,0,0,0,0,0,0], [0,1,0,0,0,0,0,0,0,0]) = 2828
N(O(2, 10), 7, [2,0,0,0,0,1,0,0,0,0], [2,0,0,0,0,0,0,0,0,0]) = 2073
N(O(2, 10), 7, [2,0,0,0,0,1,0,0,0,0], [0,1,0,0,0,0,0,0,0,0]) = 2828
N(O(2, 10), 7, [1,2,1,0,0,0,0,0,0,0], [2,0,0,0,0,0,0,0,0,0]) = 2011
N(O(2, 10), 7, [1,2,1,0,0,0,0,0,0,0], [0,1,0,0,0,0,0,0,0,0]) = 2726
N(O(2, 10), 7, [1,1,0,0,1,0,0,0,0,0], [2,0,0,0,0,0,0,0,0,0]) = 2010
N(O(2, 10), 7, [1,1,0,0,1,0,0,0,0,0], [0,1,0,0,0,0,0,0,0,0]) = 2724
N(O(2, 10), 7, [1,0,1,1,0,0,0,0,0,0], [2,0,0,0,0,0,0,0,0,0]) = 2009
N(O(2, 10), 7, [1,0,1,1,0,0,0,0,0,0], [0,1,0,0,0,0,0,0,0,0]) = 2722
N(O(2, 10), 7, [1,0,0,0,0,0,1,0,0,0], [2,0,0,0,0,0,0,0,0,0]) = 2009
N(O(2, 10), 7, [1,0,0,0,0,0,1,0,0,0], [0,1,0,0,0,0,0,0,0,0]) = 2722
N(O(2, 10), 7, [0,4,0,0,0,0,0,0,0,0], [2,0,0,0,0,0,0,0,0,0]) = 1950
N(O(2, 10), 7, [0,4,0,0,0,0,0,0,0,0], [0,1,0,0,0,0,0,0,0,0]) = 2626
N(O(2, 10), 7, [0,2,0,1,0,0,0,0,0,0], [2,0,0,0,0,0,0,0,0,0]) = 1948
N(O(2, 10), 7, [0,2,0,1,0,0,0,0,0,0], [0,1,0,0,0,0,0,0,0,0]) = 2622
N(O(2, 10), 7, [0,1,2,0,0,0,0,0,0,0], [2,0,0,0,0,0,0,0,0,0]) = 1947
N(O(2, 10), 7, [0,1,2,0,0,0,0,0,0,0], [0,1,0,0,0,0,0,0,0,0]) = 2620
N(O(2, 10), 7, [0,1,0,0,0,1,0,0,0,0], [2,0,0,0,0,0,0,0,0,0]) = 1947
N(O(2, 10), 7, [0,1,0,0,0,1,0,0,0,0], [0,1,0,0,0,0,0,0,0,0]) = 2620
N(O(2, 10), 7, [0,0,1,0,1,0,0,0,0,0], [2,0,0,0,0,0,0,0,0,0]) = 1946
N(O(2, 10), 7, [0,0,1,0,1,0,0,0,0,0], [0,1,0,0,0,0,0,0,0,0]) = 2618
N(O(2, 10), 7, [0,0,0,2,0,0,0,0,0,0], [2,0,0,0,0,0,0,0,0,0]) = 1946
N(O(2, 10), 7, [0,0,0,2,0,0,0,0,0,0], [0,1,0,0,0,0,0,0,0,0]) = 2618
N(O(2, 10), 7, [0,0,0,0,0,0,0,1,0,0], [2,0,0,0,0,0,0,0,0,0]) = 1946
N(O(2, 10), 7, [0,0,0,0,0,0,0,1,0,0], [0,1,0,0,0,0,0,0,0,0]) = 2618
N(O(2, 10), 7, [7,0,0,0,0,0,0,0,0,0], [3,0,0,0,0,0,0,0,0,0]) = 2478
N(O(2, 10), 7, [7,0,0,0,0,0,0,0,0,0], [1,1,0,0,0,0,0,0,0,0]) = 8096
N(O(2, 10), 7, [7,0,0,0,0,0,0,0,0,0], [0,0,1,0,0,0,0,0,0,0]) = 5052
N(O(2, 10), 7, [5,1,0,0,0,0,0,0,0,0], [3,0,0,0,0,0,0,0,0,0]) = 2340
N(O(2, 10), 7, [5,1,0,0,0,0,0,0,0,0], [1,1,0,0,0,0,0,0,0,0]) = 7596
N(O(2, 10), 7, [5,1,0,0,0,0,0,0,0,0], [0,0,1,0,0,0,0,0,0,0]) = 4710
N(O(2, 10), 7, [4,0,1,0,0,0,0,0,0,0], [3,0,0,0,0,0,0,0,0,0]) = 2271
N(O(2, 10), 7, [4,0,1,0,0,0,0,0,0,0], [1,1,0,0,0,0,0,0,0,0]) = 7346
N(O(2, 10), 7, [4,0,1,0,0,0,0,0,0,0], [0,0,1,0,0,0,0,0,0,0]) = 4539
N(O(2, 10), 7, [3,2,0,0,0,0,0,0,0,0], [3,0,0,0,0,0,0,0,0,0]) = 2206
N(O(2, 10), 7, [3,2,0,0,0,0,0,0,0,0], [1,1,0,0,0,0,0,0,0,0]) = 7112
N(O(2, 10), 7, [3,2,0,0,0,0,0,0,0,0], [0,0,1,0,0,0,0,0,0,0]) = 4380
N(O(2, 10), 7, [3,0,0,1,0,0,0,0,0,0], [3,0,0,0,0,0,0,0,0,0]) = 2204
N(O(2, 10), 7, [3,0,0,1,0,0,0,0,0,0], [1,1,0,0,0,0,0,0,0,0]) = 7104
N(O(2, 10), 7, [3,0,0,1,0,0,0,0,0,0], [0,0,1,0,0,0,0,0,0,0]) = 4374
N(O(2, 10), 7, [2,1,1,0,0,0,0,0,0,0], [3,0,0,0,0,0,0,0,0,0]) = 2139
N(O(2, 10), 7, [2,1,1,0,0,0,0,0,0,0], [1,1,0,0,0,0,0,0,0,0]) = 6870
N(O(2, 10), 7, [2,1,1,0,0,0,0,0,0,0], [0,0,1,0,0,0,0,0,0,0]) = 4215
N(O(2, 10), 7, [2,0,0,0,1,0,0,0,0,0], [3,0,0,0,0,0,0,0,0,0]) = 2138
N(O(2, 10), 7, [2,0,0,0,1,0,0,0,0,0], [1,1,0,0,0,0,0,0,0,0]) = 6866
N(O(2, 10), 7, [2,0,0,0,1,0,0,0,0,0], [0,0,1,0,0,0,0,0,0,0]) = 4212
N(O(2, 10), 7, [1,3,0,0,0,0,0,0,0,0], [3,0,0,0,0,0,0,0,0,0]) = 2076
N(O(2, 10), 7, [1,3,0,0,0,0,0,0,0,0], [1,1,0,0,0,0,0,0,0,0]) = 6644
N(O(2, 10), 7, [1,3,0,0,0,0,0,0,0,0], [0,0,1,0,0,0,0,0,0,0]) = 4062
N(O(2, 10), 7, [1,1,0,1,0,0,0,0,0,0], [3,0,0,0,0,0,0,0,0,0]) = 2074
N(O(2, 10), 7, [1,1,0,1,0,0,0,0,0,0], [1,1,0,0,0,0,0,0,0,0]) = 6636
N(O(2, 10), 7, [1,1,0,1,0,0,0,0,0,0], [0,0,1,0,0,0,0,0,0,0]) = 4056
N(O(2, 10), 7, [1,0,2,0,0,0,0,0,0,0], [3,0,0,0,0,0,0,0,0,0]) = 2073
N(O(2, 10), 7, [1,0,2,0,0,0,0,0,0,0], [1,1,0,0,0,0,0,0,0,0]) = 6632
N(O(2, 10), 7, [1,0,2,0,0,0,0,0,0,0], [0,0,1,0,0,0,0,0,0,0]) = 4053
N(O(2, 10), 7, [1,0,0,0,0,1,0,0,0,0], [3,0,0,0,0,0,0,0,0,0]) = 2073
N(O(2, 10), 7, [1,0,0,0,0,1,0,0,0,0], [1,1,0,0,0,0,0,0,0,0]) = 6632
N(O(2, 10), 7, [1,0,0,0,0,1,0,0,0,0], [0,0,1,0,0,0,0,0,0,0]) = 4053
N(O(2, 10), 7, [0,2,1,0,0,0,0,0,0,0], [3,0,0,0,0,0,0,0,0,0]) = 2011
N(O(2, 10), 7, [0,2,1,0,0,0,0,0,0,0], [1,1,0,0,0,0,0,0,0,0]) = 6410
N(O(2, 10), 7, [0,2,1,0,0,0,0,0,0,0], [0,0,1,0,0,0,0,0,0,0]) = 3903
N(O(2, 10), 7, [0,1,0,0,1,0,0,0,0,0], [3,0,0,0,0,0,0,0,0,0]) = 2010
N(O(2, 10), 7, [0,1,0,0,1,0,0,0,0,0], [1,1,0,0,0,0,0,0,0,0]) = 6406
N(O(2, 10), 7, [0,1,0,0,1,0,0,0,0,0], [0,0,1,0,0,0,0,0,0,0]) = 3900
N(O(2, 10), 7, [0,0,1,1,0,0,0,0,0,0], [3,0,0,0,0,0,0,0,0,0]) = 2009
N(O(2, 10), 7, [0,0,1,1,0,0,0,0,0,0], [1,1,0,0,0,0,0,0,0,0]) = 6402
N(O(2, 10), 7, [0,0,1,1,0,0,0,0,0,0], [0,0,1,0,0,0,0,0,0,0]) = 3897
N(O(2, 10), 7, [0,0,0,0,0,0,1,0,0,0], [3,0,0,0,0,0,0,0,0,0]) = 2009
N(O(2, 10), 7, [0,0,0,0,0,0,1,0,0,0], [1,1,0,0,0,0,0,0,0,0]) = 6402
N(O(2, 10), 7, [0,0,0,0,0,0,1,0,0,0], [0,0,1,0,0,0,0,0,0,0]) = 3897
N(O(2, 10), 7, [6,0,0,0,0,0,0,0,0,0], [4,0,0,0,0,0,0,0,0,0]) = 2478
N(O(2, 10), 7, [6,0,0,0,0,0,0,0,0,0], [2,1,0,0,0,0,0,0,0,0]) = 12776
N(O(2, 10), 7, [6,0,0,0,0,0,0,0,0,0], [1,0,1,0,0,0,0,0,0,0]) = 11730
N(O(2, 10), 7, [6,0,0,0,0,0,0,0,0,0], [0,2,0,0,0,0,0,0,0,0]) = 6548
N(O(2, 10), 7, [6,0,0,0,0,0,0,0,0,0], [0,0,0,1,0,0,0,0,0,0]) = 6504
N(O(2, 10), 7, [4,1,0,0,0,0,0,0,0,0], [4,0,0,0,0,0,0,0,0,0]) = 2340
N(O(2, 10), 7, [4,1,0,0,0,0,0,0,0,0], [2,1,0,0,0,0,0,0,0,0]) = 12008
N(O(2, 10), 7, [4,1,0,0,0,0,0,0,0,0], [1,0,1,0,0,0,0,0,0,0]) = 10992
N(O(2, 10), 7, [4,1,0,0,0,0,0,0,0,0], [0,2,0,0,0,0,0,0,0,0]) = 6100
N(O(2, 10), 7, [4,1,0,0,0,0,0,0,0,0], [0,0,0,1,0,0,0,0,0,0]) = 6056
N(O(2, 10), 7, [3,0,1,0,0,0,0,0,0,0], [4,0,0,0,0,0,0,0,0,0]) = 2271
N(O(2, 10), 7, [3,0,1,0,0,0,0,0,0,0], [2,1,0,0,0,0,0,0,0,0]) = 11624
N(O(2, 10), 7, [3,0,1,0,0,0,0,0,0,0], [1,0,1,0,0,0,0,0,0,0]) = 10623
N(O(2, 10), 7, [3,0,1,0,0,0,0,0,0,0], [0,2,0,0,0,0,0,0,0,0]) = 5876
N(O(2, 10), 7, [3,0,1,0,0,0,0,0,0,0], [0,0,0,1,0,0,0,0,0,0]) = 5832
N(O(2, 10), 7, [2,2,0,0,0,0,0,0,0,0], [4,0,0,0,0,0,0,0,0,0]) = 2206
N(O(2, 10), 7, [2,2,0,0,0,0,0,0,0,0], [2,1,0,0,0,0,0,0,0,0]) = 11264
N(O(2, 10), 7, [2,2,0,0,0,0,0,0,0,0], [1,0,1,0,0,0,0,0,0,0]) = 10278
N(O(2, 10), 7, [2,2,0,0,0,0,0,0,0,0], [0,2,0,0,0,0,0,0,0,0]) = 5668
N(O(2, 10), 7, [2,2,0,0,0,0,0,0,0,0], [0,0,0,1,0,0,0,0,0,0]) = 5624
N(O(2, 10), 7, [2,0,0,1,0,0,0,0,0,0], [4,0,0,0,0,0,0,0,0,0]) = 2204
N(O(2, 10), 7, [2,0,0,1,0,0,0,0,0,0], [2,1,0,0,0,0,0,0,0,0]) = 11252
N(O(2, 10), 7, [2,0,0,1,0,0,0,0,0,0], [1,0,1,0,0,0,0,0,0,0]) = 10266
N(O(2, 10), 7, [2,0,0,1,0,0,0,0,0,0], [0,2,0,0,0,0,0,0,0,0]) = 5660
N(O(2, 10), 7, [2,0,0,1,0,0,0,0,0,0], [0,0,0,1,0,0,0,0,0,0]) = 5616
N(O(2, 10), 7, [1,1,1,0,0,0,0,0,0,0], [4,0,0,0,0,0,0,0,0,0]) = 2139
N(O(2, 10), 7, [1,1,1,0,0,0,0,0,0,0], [2,1,0,0,0,0,0,0,0,0]) = 10892
N(O(2, 10), 7, [1,1,1,0,0,0,0,0,0,0], [1,0,1,0,0,0,0,0,0,0]) = 9921
N(O(2, 10), 7, [1,1,1,0,0,0,0,0,0,0], [0,2,0,0,0,0,0,0,0,0]) = 5452
N(O(2, 10), 7, [1,1,1,0,0,0,0,0,0,0], [0,0,0,1,0,0,0,0,0,0]) = 5408
N(O(2, 10), 7, [1,0,0,0,1,0,0,0,0,0], [4,0,0,0,0,0,0,0,0,0]) = 2138
N(O(2, 10), 7, [1,0,0,0,1,0,0,0,0,0], [2,1,0,0,0,0,0,0,0,0]) = 10886
N(O(2, 10), 7, [1,0,0,0,1,0,0,0,0,0], [1,0,1,0,0,0,0,0,0,0]) = 9915
N(O(2, 10), 7, [1,0,0,0,1,0,0,0,0,0], [0,2,0,0,0,0,0,0,0,0]) = 5448
N(O(2, 10), 7, [1,0,0,0,1,0,0,0,0,0], [0,0,0,1,0,0,0,0,0,0]) = 5404
N(O(2, 10), 7, [0,3,0,0,0,0,0,0,0,0], [4,0,0,0,0,0,0,0,0,0]) = 2076
N(O(2, 10), 7, [0,3,0,0,0,0,0,0,0,0], [2,1,0,0,0,0,0,0,0,0]) = 10544
N(O(2, 10), 7, [0,3,0,0,0,0,0,0,0,0], [1,0,1,0,0,0,0,0,0,0]) = 9588
N(O(2, 10), 7, [0,3,0,0,0,0,0,0,0,0], [0,2,0,0,0,0,0,0,0,0]) = 5252
N(O(2, 10), 7, [0,3,0,0,0,0,0,0,0,0], [0,0,0,1,0,0,0,0,0,0]) = 5208
N(O(2, 10), 7, [0,1,0,1,0,0,0,0,0,0], [4,0,0,0,0,0,0,0,0,0]) = 2074
N(O(2, 10), 7, [0,1,0,1,0,0,0,0,0,0], [2,1,0,0,0,0,0,0,0,0]) = 10532
N(O(2, 10), 7, [0,1,0,1,0,0,0,0,0,0], [1,0,1,0,0,0,0,0,0,0]) = 9576
N(O(2, 10), 7, [0,1,0,1,0,0,0,0,0,0], [0,2,0,0,0,0,0,0,0,0]) = 5244
N(O(2, 10), 7, [0,1,0,1,0,0,0,0,0,0], [0,0,0,1,0,0,0,0,0,0]) = 5200
N(O(2, 10), 7, [0,0,2,0,0,0,0,0,0,0], [4,0,0,0,0,0,0,0,0,0]) = 2073
N(O(2, 10), 7, [0,0,2,0,0,0,0,0,0,0], [2,1,0,0,0,0,0,0,0,0]) = 10526
N(O(2, 10), 7, [0,0,2,0,0,0,0,0,0,0], [1,0,1,0,0,0,0,0,0,0]) = 9570
N(O(2, 10), 7, [0,0,2,0,0,0,0,0,0,0], [0,2,0,0,0,0,0,0,0,0]) = 5240
N(O(2, 10), 7, [0,0,2,0,0,0,0,0,0,0], [0,0,0,1,0,0,0,0,0,0]) = 5196
N(O(2, 10), 7, [0,0,0,0,0,1,0,0,0,0], [4,0,0,0,0,0,0,0,0,0]) = 2073
N(O(2, 10), 7, [0,0,0,0,0,1,0,0,0,0], [2,1,0,0,0,0,0,0,0,0]) = 10526
N(O(2, 10), 7, [0,0,0,0,0,1,0,0,0,0], [1,0,1,0,0,0,0,0,0,0]) = 9570
N(O(2, 10), 7, [0,0,0,0,0,1,0,0,0,0], [0,2,0,0,0,0,0,0,0,0]) = 5240
N(O(2, 10), 7, [0,0,0,0,0,1,0,0,0,0], [0,0,0,1,0,0,0,0,0,0]) = 5196
N(O(2, 10), 7, [5,0,0,0,0,0,0,0,0,0], [5,0,0,0,0,0,0,0,0,0]) = 2478
N(O(2, 10), 7, [5,0,0,0,0,0,0,0,0,0], [3,1,0,0,0,0,0,0,0,0]) = 17456
N(O(2, 10), 7, [5,0,0,0,0,0,0,0,0,0], [2,0,1,0,0,0,0,0,0,0]) = 18543
N(O(2, 10), 7, [5,0,0,0,0,0,0,0,0,0], [1,2,0,0,0,0,0,0,0,0]) = 21740
N(O(2, 10), 7, [5,0,0,0,0,0,0,0,0,0], [1,0,0,1,0,0,0,0,0,0]) = 15140
N(O(2, 10), 7, [5,0,0,0,0,0,0,0,0,0], [0,1,1,0,0,0,0,0,0,0]) = 18894
N(O(2, 10), 7, [5,0,0,0,0,0,0,0,0,0], [0,0,0,0,1,0,0,0,0,0]) = 7845
N(O(2, 10), 7, [3,1,0,0,0,0,0,0,0,0], [5,0,0,0,0,0,0,0,0,0]) = 2340
N(O(2, 10), 7, [3,1,0,0,0,0,0,0,0,0], [3,1,0,0,0,0,0,0,0,0]) = 16420
N(O(2, 10), 7, [3,1,0,0,0,0,0,0,0,0], [2,0,1,0,0,0,0,0,0,0]) = 17409
N(O(2, 10), 7, [3,1,0,0,0,0,0,0,0,0], [1,2,0,0,0,0,0,0,0,0]) = 20324
N(O(2, 10), 7, [3,1,0,0,0,0,0,0,0,0], [1,0,0,1,0,0,0,0,0,0]) = 14172
N(O(2, 10), 7, [3,1,0,0,0,0,0,0,0,0], [0,1,1,0,0,0,0,0,0,0]) = 17574
N(O(2, 10), 7, [3,1,0,0,0,0,0,0,0,0], [0,0,0,0,1,0,0,0,0,0]) = 7295
N(O(2, 10), 7, [2,0,1,0,0,0,0,0,0,0], [5,0,0,0,0,0,0,0,0,0]) = 2271
N(O(2, 10), 7, [2,0,1,0,0,0,0,0,0,0], [3,1,0,0,0,0,0,0,0,0]) = 15902
N(O(2, 10), 7, [2,0,1,0,0,0,0,0,0,0], [2,0,1,0,0,0,0,0,0,0]) = 16842
N(O(2, 10), 7, [2,0,1,0,0,0,0,0,0,0], [1,2,0,0,0,0,0,0,0,0]) = 19616
N(O(2, 10), 7, [2,0,1,0,0,0,0,0,0,0], [1,0,0,1,0,0,0,0,0,0]) = 13688
N(O(2, 10), 7, [2,0,1,0,0,0,0,0,0,0], [0,1,1,0,0,0,0,0,0,0]) = 16914
N(O(2, 10), 7, [2,0,1,0,0,0,0,0,0,0], [0,0,0,0,1,0,0,0,0,0]) = 7020
N(O(2, 10), 7, [1,2,0,0,0,0,0,0,0,0], [5,0,0,0,0,0,0,0,0,0]) = 2206
N(O(2, 10), 7, [1,2,0,0,0,0,0,0,0,0], [3,1,0,0,0,0,0,0,0,0]) = 15416
N(O(2, 10), 7, [1,2,0,0,0,0,0,0,0,0], [2,0,1,0,0,0,0,0,0,0]) = 16311
N(O(2, 10), 7, [1,2,0,0,0,0,0,0,0,0], [1,2,0,0,0,0,0,0,0,0]) = 18956
N(O(2, 10), 7, [1,2,0,0,0,0,0,0,0,0], [1,0,0,1,0,0,0,0,0,0]) = 13236
N(O(2, 10), 7, [1,2,0,0,0,0,0,0,0,0], [0,1,1,0,0,0,0,0,0,0]) = 16302
N(O(2, 10), 7, [1,2,0,0,0,0,0,0,0,0], [0,0,0,0,1,0,0,0,0,0]) = 6765
N(O(2, 10), 7, [1,0,0,1,0,0,0,0,0,0], [5,0,0,0,0,0,0,0,0,0]) = 2204
N(O(2, 10), 7, [1,0,0,1,0,0,0,0,0,0], [3,1,0,0,0,0,0,0,0,0]) = 15400
N(O(2, 10), 7, [1,0,0,1,0,0,0,0,0,0], [2,0,1,0,0,0,0,0,0,0]) = 16293
N(O(2, 10), 7, [1,0,0,1,0,0,0,0,0,0], [1,2,0,0,0,0,0,0,0,0]) = 18932
N(O(2, 10), 7, [1,0,0,1,0,0,0,0,0,0], [1,0,0,1,0,0,0,0,0,0]) = 13220
N(O(2, 10), 7, [1,0,0,1,0,0,0,0,0,0], [0,1,1,0,0,0,0,0,0,0]) = 16278
N(O(2, 10), 7, [1,0,0,1,0,0,0,0,0,0], [0,0,0,0,1,0,0,0,0,0]) = 6755
N(O(2, 10), 7, [0,1,1,0,0,0,0,0,0,0], [5,0,0,0,0,0,0,0,0,0]) = 2139
N(O(2, 10), 7, [0,1,1,0,0,0,0,0,0,0], [3,1,0,0,0,0,0,0,0,0]) = 14914
N(O(2, 10), 7, [0,1,1,0,0,0,0,0,0,0], [2,0,1,0,0,0,0,0,0,0]) = 15762
N(O(2, 10), 7, [0,1,1,0,0,0,0,0,0,0], [1,2,0,0,0,0,0,0,0,0]) = 18272
N(O(2, 10), 7, [0,1,1,0,0,0,0,0,0,0], [1,0,0,1,0,0,0,0,0,0]) = 12768
N(O(2, 10), 7, [0,1,1,0,0,0,0,0,0,0], [0,1,1,0,0,0,0,0,0,0]) = 15666
N(O(2, 10), 7, [0,1,1,0,0,0,0,0,0,0], [0,0,0,0,1,0,0,0,0,0]) = 6500
N(O(2, 10), 7, [0,0,0,0,1,0,0,0,0,0], [5,0,0,0,0,0,0,0,0,0]) = 2138
N(O(2, 10), 7, [0,0,0,0,1,0,0,0,0,0], [3,1,0,0,0,0,0,0,0,0]) = 14906
N(O(2, 10), 7, [0,0,0,0,1,0,0,0,0,0], [2,0,1,0,0,0,0,0,0,0]) = 15753
N(O(2, 10), 7, [0,0,0,0,1,0,0,0,0,0], [1,2,0,0,0,0,0,0,0,0]) = 18260
N(O(2, 10), 7, [0,0,0,0,1,0,0,0,0,0], [1,0,0,1,0,0,0,0,0,0]) = 12760
N(O(2, 10), 7, [0,0,0,0,1,0,0,0,0,0], [0,1,1,0,0,0,0,0,0,0]) = 15654
N(O(2, 10), 7, [0,0,0,0,1,0,0,0,0,0], [0,0,0,0,1,0,0,0,0,0]) = 6495
N(O(2, 10), 7, [4,0,0,0,0,0,0,0,0,0], [6,0,0,0,0,0,0,0,0,0]) = 2478
N(O(2, 10), 7, [4,0,0,0,0,0,0,0,0,0], [4,1,0,0,0,0,0,0,0,0]) = 22136
N(O(2, 10), 7, [4,0,0,0,0,0,0,0,0,0], [3,0,1,0,0,0,0,0,0,0]) = 25356
N(O(2, 10), 7, [4,0,0,0,0,0,0,0,0,0], [2,2,0,0,0,0,0,0,0,0]) = 45756
N(O(2, 10), 7, [4,0,0,0,0,0,0,0,0,0], [2,0,0,1,0,0,0,0,0,0]) = 23956
N(O(2, 10), 7, [4,0,0,0,0,0,0,0,0,0], [1,1,1,0,0,0,0,0,0,0]) = 62916
N(O(2, 10), 7, [4,0,0,0,0,0,0,0,0,0], [1,0,0,0,1,0,0,0,0,0]) = 18310
N(O(2, 10), 7, [4,0,0,0,0,0,0,0,0,0], [0,3,0,0,0,0,0,0,0,0]) = 12200
N(O(2, 10), 7, [4,0,0,0,0,0,0,0,0,0], [0,1,0,1,0,0,0,0,0,0]) = 24296
N(O(2, 10), 7, [4,0,0,0,0,0,0,0,0,0], [0,0,2,0,0,0,0,0,0,0]) = 13617
N(O(2, 10), 7, [4,0,0,0,0,0,0,0,0,0], [0,0,0,0,0,1,0,0,0,0]) = 9078
N(O(2, 10), 7, [2,1,0,0,0,0,0,0,0,0], [6,0,0,0,0,0,0,0,0,0]) = 2340
N(O(2, 10), 7, [2,1,0,0,0,0,0,0,0,0], [4,1,0,0,0,0,0,0,0,0]) = 20832
N(O(2, 10), 7, [2,1,0,0,0,0,0,0,0,0], [3,0,1,0,0,0,0,0,0,0]) = 23826
N(O(2, 10), 7, [2,1,0,0,0,0,0,0,0,0], [2,2,0,0,0,0,0,0,0,0]) = 42852
N(O(2, 10), 7, [2,1,0,0,0,0,0,0,0,0], [2,0,0,1,0,0,0,0,0,0]) = 22468
N(O(2, 10), 7, [2,1,0,0,0,0,0,0,0,0], [1,1,1,0,0,0,0,0,0,0]) = 58740
N(O(2, 10), 7, [2,1,0,0,0,0,0,0,0,0], [1,0,0,0,1,0,0,0,0,0]) = 17120
N(O(2, 10), 7, [2,1,0,0,0,0,0,0,0,0], [0,3,0,0,0,0,0,0,0,0]) = 11336
N(O(2, 10), 7, [2,1,0,0,0,0,0,0,0,0], [0,1,0,1,0,0,0,0,0,0]) = 22568
N(O(2, 10), 7, [2,1,0,0,0,0,0,0,0,0], [0,0,2,0,0,0,0,0,0,0]) = 12645
N(O(2, 10), 7, [2,1,0,0,0,0,0,0,0,0], [0,0,0,0,0,1,0,0,0,0]) = 8430
N(O(2, 10), 7, [1,0,1,0,0,0,0,0,0,0], [6,0,0,0,0,0,0,0,0,0]) = 2271
N(O(2, 10), 7, [1,0,1,0,0,0,0,0,0,0], [4,1,0,0,0,0,0,0,0,0]) = 20180
N(O(2, 10), 7, [1,0,1,0,0,0,0,0,0,0], [3,0,1,0,0,0,0,0,0,0]) = 23061
N(O(2, 10), 7, [1,0,1,0,0,0,0,0,0,0], [2,2,0,0,0,0,0,0,0,0]) = 41400
N(O(2, 10), 7, [1,0,1,0,0,0,0,0,0,0], [2,0,0,1,0,0,0,0,0,0]) = 21724
N(O(2, 10), 7, [1,0,1,0,0,0,0,0,0,0], [1,1,1,0,0,0,0,0,0,0]) = 56652
N(O(2, 10), 7, [1,0,1,0,0,0,0,0,0,0], [1,0,0,0,1,0,0,0,0,0]) = 16525
N(O(2, 10), 7, [1,0,1,0,0,0,0,0,0,0], [0,3,0,0,0,0,0,0,0,0]) = 10904
N(O(2, 10), 7, [1,0,1,0,0,0,0,0,0,0], [0,1,0,1,0,0,0,0,0,0]) = 21704
N(O(2, 10), 7, [1,0,1,0,0,0,0,0,0,0], [0,0,2,0,0,0,0,0,0,0]) = 12159
N(O(2, 10), 7, [1,0,1,0,0,0,0,0,0,0], [0,0,0,0,0,1,0,0,0,0]) = 8106
N(O(2, 10), 7, [0,2,0,0,0,0,0,0,0,0], [6,0,0,0,0,0,0,0,0,0]) = 2206
N(O(2, 10), 7, [0,2,0,0,0,0,0,0,0,0], [4,1,0,0,0,0,0,0,0,0]) = 19568
N(O(2, 10), 7, [0,2,0,0,0,0,0,0,0,0], [3,0,1,0,0,0,0,0,0,0]) = 22344
N(O(2, 10), 7, [0,2,0,0,0,0,0,0,0,0], [2,2,0,0,0,0,0,0,0,0]) = 40044
N(O(2, 10), 7, [0,2,0,0,0,0,0,0,0,0], [2,0,0,1,0,0,0,0,0,0]) = 21028
N(O(2, 10), 7, [0,2,0,0,0,0,0,0,0,0], [1,1,1,0,0,0,0,0,0,0]) = 54708
N(O(2, 10), 7, [0,2,0,0,0,0,0,0,0,0], [1,0,0,0,1,0,0,0,0,0]) = 15970
N(O(2, 10), 7, [0,2,0,0,0,0,0,0,0,0], [0,3,0,0,0,0,0,0,0,0]) = 10504
N(O(2, 10), 7, [0,2,0,0,0,0,0,0,0,0], [0,1,0,1,0,0,0,0,0,0]) = 20904
N(O(2, 10), 7, [0,2,0,0,0,0,0,0,0,0], [0,0,2,0,0,0,0,0,0,0]) = 11709
N(O(2, 10), 7, [0,2,0,0,0,0,0,0,0,0], [0,0,0,0,0,1,0,0,0,0]) = 7806
N(O(2, 10), 7, [0,0,0,1,0,0,0,0,0,0], [6,0,0,0,0,0,0,0,0,0]) = 2204
N(O(2, 10), 7, [0,0,0,1,0,0,0,0,0,0], [4,1,0,0,0,0,0,0,0,0]) = 19548
N(O(2, 10), 7, [0,0,0,1,0,0,0,0,0,0], [3,0,1,0,0,0,0,0,0,0]) = 22320
N(O(2, 10), 7, [0,0,0,1,0,0,0,0,0,0], [2,2,0,0,0,0,0,0,0,0]) = 39996
N(O(2, 10), 7, [0,0,0,1,0,0,0,0,0,0], [2,0,0,1,0,0,0,0,0,0]) = 21004
N(O(2, 10), 7, [0,0,0,1,0,0,0,0,0,0], [1,1,1,0,0,0,0,0,0,0]) = 54636
N(O(2, 10), 7, [0,0,0,1,0,0,0,0,0,0], [1,0,0,0,1,0,0,0,0,0]) = 15950
N(O(2, 10), 7, [0,0,0,1,0,0,0,0,0,0], [0,3,0,0,0,0,0,0,0,0]) = 10488
N(O(2, 10), 7, [0,0,0,1,0,0,0,0,0,0], [0,1,0,1,0,0,0,0,0,0]) = 20872
N(O(2, 10), 7, [0,0,0,1,0,0,0,0,0,0], [0,0,2,0,0,0,0,0,0,0]) = 11691
N(O(2, 10), 7, [0,0,0,1,0,0,0,0,0,0], [0,0,0,0,0,1,0,0,0,0]) = 7794
N(O(2, 10), 7, [3,0,0,0,0,0,0,0,0,0], [7,0,0,0,0,0,0,0,0,0]) = 2478
N(O(2, 10), 7, [3,0,0,0,0,0,0,0,0,0], [5,1,0,0,0,0,0,0,0,0]) = 26816
N(O(2, 10), 7, [3,0,0,0,0,0,0,0,0,0], [4,0,1,0,0,0,0,0,0,0]) = 32169
N(O(2, 10), 7, [3,0,0,0,0,0,0,0,0,0], [3,2,0,0,0,0,0,0,0,0]) = 78596
N(O(2, 10), 7, [3,0,0,0,0,0,0,0,0,0], [3,0,0,1,0,0,0,0,0,0]) = 32772
N(O(2, 10), 7, [3,0,0,0,0,0,0,0,0,0], [2,1,1,0,0,0,0,0,0,0]) = 132606
N(O(2, 10), 7, [3,0,0,0,0,0,0,0,0,0], [2,0,0,0,1,0,0,0,0,0]) = 29000
N(O(2, 10), 7, [3,0,0,0,0,0,0,0,0,0], [1,3,0,0,0,0,0,0,0,0]) = 52848
N(O(2, 10), 7, [3,0,0,0,0,0,0,0,0,0], [1,1,0,1,0,0,0,0,0,0]) = 81056
N(O(2, 10), 7, [3,0,0,0,0,0,0,0,0,0], [1,0,2,0,0,0,0,0,0,0]) = 45486
N(O(2, 10), 7, [3,0,0,0,0,0,0,0,0,0], [1,0,0,0,0,1,0,0,0,0]) = 21246
N(O(2, 10), 7, [3,0,0,0,0,0,0,0,0,0], [0,2,1,0,0,0,0,0,0,0]) = 52776
N(O(2, 10), 7, [3,0,0,0,0,0,0,0,0,0], [0,1,0,0,1,0,0,0,0,0]) = 29270
N(O(2, 10), 7, [3,0,0,0,0,0,0,0,0,0], [0,0,1,1,0,0,0,0,0,0]) = 34992
N(O(2, 10), 7, [3,0,0,0,0,0,0,0,0,0], [0,0,0,0,0,0,1,0,0,0]) = 10206
N(O(2, 10), 7, [1,1,0,0,0,0,0,0,0,0], [7,0,0,0,0,0,0,0,0,0]) = 2340
N(O(2, 10), 7, [1,1,0,0,0,0,0,0,0,0], [5,1,0,0,0,0,0,0,0,0]) = 25244
N(O(2, 10), 7, [1,1,0,0,0,0,0,0,0,0], [4,0,1,0,0,0,0,0,0,0]) = 30243
N(O(2, 10), 7, [1,1,0,0,0,0,0,0,0,0], [3,2,0,0,0,0,0,0,0,0]) = 73684
N(O(2, 10), 7, [1,1,0,0,0,0,0,0,0,0], [3,0,0,1,0,0,0,0,0,0]) = 30764
N(O(2, 10), 7, [1,1,0,0,0,0,0,0,0,0], [2,1,1,0,0,0,0,0,0,0]) = 124038
N(O(2, 10), 7, [1,1,0,0,0,0,0,0,0,0], [2,0,0,0,1,0,0,0,0,0]) = 27170
N(O(2, 10), 7, [1,1,0,0,0,0,0,0,0,0], [1,3,0,0,0,0,0,0,0,0]) = 49248
N(O(2, 10), 7, [1,1,0,0,0,0,0,0,0,0], [1,1,0,1,0,0,0,0,0,0]) = 75584
N(O(2, 10), 7, [1,1,0,0,0,0,0,0,0,0], [1,0,2,0,0,0,0,0,0,0]) = 42408
N(O(2, 10), 7, [1,1,0,0,0,0,0,0,0,0], [1,0,0,0,0,1,0,0,0,0]) = 19842
N(O(2, 10), 7, [1,1,0,0,0,0,0,0,0,0], [0,2,1,0,0,0,0,0,0,0]) = 48960
N(O(2, 10), 7, [1,1,0,0,0,0,0,0,0,0], [0,1,0,0,1,0,0,0,0,0]) = 27150
N(O(2, 10), 7, [1,1,0,0,0,0,0,0,0,0], [0,0,1,1,0,0,0,0,0,0]) = 32448
N(O(2, 10), 7, [1,1,0,0,0,0,0,0,0,0], [0,0,0,0,0,0,1,0,0,0]) = 9464
N(O(2, 10), 7, [0,0,1,0,0,0,0,0,0,0], [7,0,0,0,0,0,0,0,0,0]) = 2271
N(O(2, 10), 7, [0,0,1,0,0,0,0,0,0,0], [5,1,0,0,0,0,0,0,0,0]) = 24458
N(O(2, 10), 7, [0,0,1,0,0,0,0,0,0,0], [4,0,1,0,0,0,0,0,0,0]) = 29280
N(O(2, 10), 7, [0,0,1,0,0,0,0,0,0,0], [3,2,0,0,0,0,0,0,0,0]) = 71228
N(O(2, 10), 7, [0,0,1,0,0,0,0,0,0,0], [3,0,0,1,0,0,0,0,0,0]) = 29760
N(O(2, 10), 7, [0,0,1,0,0,0,0,0,0,0], [2,1,1,0,0,0,0,0,0,0]) = 119754
N(O(2, 10), 7, [0,0,1,0,0,0,0,0,0,0], [2,0,0,0,1,0,0,0,0,0]) = 26255
N(O(2, 10), 7, [0,0,1,0,0,0,0,0,0,0], [1,3,0,0,0,0,0,0,0,0]) = 47448
N(O(2, 10), 7, [0,0,1,0,0,0,0,0,0,0], [1,1,0,1,0,0,0,0,0,0]) = 72848
N(O(2, 10), 7, [0,0,1,0,0,0,0,0,0,0], [1,0,2,0,0,0,0,0,0,0]) = 40869
N(O(2, 10), 7, [0,0,1,0,0,0,0,0,0,0], [1,0,0,0,0,1,0,0,0,0]) = 19140
N(O(2, 10), 7, [0,0,1,0,0,0,0,0,0,0], [0,2,1,0,0,0,0,0,0,0]) = 47052
N(O(2, 10), 7, [0,0,1,0,0,0,0,0,0,0], [0,1,0,0,1,0,0,0,0,0]) = 26090
N(O(2, 10), 7, [0,0,1,0,0,0,0,0,0,0], [0,0,1,1,0,0,0,0,0,0]) = 31176
N(O(2, 10), 7, [0,0,1,0,0,0,0,0,0,0], [0,0,0,0,0,0,1,0,0,0]) = 9093
N(O(2, 10), 7, [2,0,0,0,0,0,0,0,0,0], [8,0,0,0,0,0,0,0,0,0]) = 2478
N(O(2, 10), 7, [2,0,0,0,0,0,0,0,0,0], [6,1,0,0,0,0,0,0,0,0]) = 31496
N(O(2, 10), 7, [2,0,0,0,0,0,0,0,0,0], [5,0,1,0,0,0,0,0,0,0]) = 38982
N(O(2, 10), 7, [2,0,0,0,0,0,0,0,0,0], [4,2,0,0,0,0,0,0,0,0]) = 120260
N(O(2, 10), 7, [2,0,0,0,0,0,0,0,0,0], [4,0,0,1,0,0,0,0,0,0]) = 41588
N(O(2, 10), 7, [2,0,0,0,0,0,0,0,0,0], [3,1,1,0,0,0,0,0,0,0]) = 227964
N(O(2, 10), 7, [2,0,0,0,0,0,0,0,0,0], [3,0,0,0,1,0,0,0,0,0]) = 39690
N(O(2, 10), 7, [2,0,0,0,0,0,0,0,0,0], [2,3,0,0,0,0,0,0,0,0]) = 138552
N(O(2, 10), 7, [2,0,0,0,0,0,0,0,0,0], [2,1,0,1,0,0,0,0,0,0]) = 171000
N(O(2, 10), 7, [2,0,0,0,0,0,0,0,0,0], [2,0,2,0,0,0,0,0,0,0]) = 96012
N(O(2, 10), 7, [2,0,0,0,0,0,0,0,0,0], [2,0,0,0,0,1,0,0,0,0]) = 33684
N(O(2, 10), 7, [2,0,0,0,0,0,0,0,0,0], [1,2,1,0,0,0,0,0,0,0]) = 229104
N(O(2, 10), 7, [2,0,0,0,0,0,0,0,0,0], [1,1,0,0,1,0,0,0,0,0]) = 97840
N(O(2, 10), 7, [2,0,0,0,0,0,0,0,0,0], [1,0,1,1,0,0,0,0,0,0]) = 117120
N(O(2, 10), 7, [2,0,0,0,0,0,0,0,0,0], [1,0,0,0,0,0,1,0,0,0]) = 23954
N(O(2, 10), 7, [2,0,0,0,0,0,0,0,0,0], [0,4,0,0,0,0,0,0,0,0]) = 22672
N(O(2, 10), 7, [2,0,0,0,0,0,0,0,0,0], [0,2,0,1,0,0,0,0,0,0]) = 67776
N(O(2, 10), 7, [2,0,0,0,0,0,0,0,0,0], [0,1,2,0,0,0,0,0,0,0]) = 76032
N(O(2, 10), 7, [2,0,0,0,0,0,0,0,0,0], [0,1,0,0,0,1,0,0,0,0]) = 33828
N(O(2, 10), 7, [2,0,0,0,0,0,0,0,0,0], [0,0,1,0,1,0,0,0,0,0]) = 42120
N(O(2, 10), 7, [2,0,0,0,0,0,0,0,0,0], [0,0,0,2,0,0,0,0,0,0]) = 22464
N(O(2, 10), 7, [2,0,0,0,0,0,0,0,0,0], [0,0,0,0,0,0,0,1,0,0]) = 11232
N(O(2, 10), 7, [0,1,0,0,0,0,0,0,0,0], [8,0,0,0,0,0,0,0,0,0]) = 2340
N(O(2, 10), 7, [0,1,0,0,0,0,0,0,0,0], [6,1,0,0,0,0,0,0,0,0]) = 29656
N(O(2, 10), 7, [0,1,0,0,0,0,0,0,0,0], [5,0,1,0,0,0,0,0,0,0]) = 36660
N(O(2, 10), 7, [0,1,0,0,0,0,0,0,0,0], [4,2,0,0,0,0,0,0,0,0]) = 112820
N(O(2, 10), 7, [0,1,0,0,0,0,0,0,0,0], [4,0,0,1,0,0,0,0,0,0]) = 39060
N(O(2, 10), 7, [0,1,0,0,0,0,0,0,0,0], [3,1,1,0,0,0,0,0,0,0]) = 213468
N(O(2, 10), 7, [0,1,0,0,0,0,0,0,0,0], [3,0,0,0,1,0,0,0,0,0]) = 37220
N(O(2, 10), 7, [0,1,0,0,0,0,0,0,0,0], [2,3,0,0,0,0,0,0,0,0]) = 129336
N(O(2, 10), 7, [0,1,0,0,0,0,0,0,0,0], [2,1,0,1,0,0,0,0,0,0]) = 159768
N(O(2, 10), 7, [0,1,0,0,0,0,0,0,0,0], [2,0,2,0,0,0,0,0,0,0]) = 89694
N(O(2, 10), 7, [0,1,0,0,0,0,0,0,0,0], [2,0,0,0,0,1,0,0,0,0]) = 31524
N(O(2, 10), 7, [0,1,0,0,0,0,0,0,0,0], [1,2,1,0,0,0,0,0,0,0]) = 213192
N(O(2, 10), 7, [0,1,0,0,0,0,0,0,0,0], [1,1,0,0,1,0,0,0,0,0]) = 91120
N(O(2, 10), 7, [0,1,0,0,0,0,0,0,0,0], [1,0,1,1,0,0,0,0,0,0]) = 109056
N(O(2, 10), 7, [0,1,0,0,0,0,0,0,0,0], [1,0,0,0,0,0,1,0,0,0]) = 22344
N(O(2, 10), 7, [0,1,0,0,0,0,0,0,0,0], [0,4,0,0,0,0,0,0,0,0]) = 21008
N(O(2, 10), 7, [0,1,0,0,0,0,0,0,0,0], [0,2,0,1,0,0,0,0,0,0]) = 62784
N(O(2, 10), 7, [0,1,0,0,0,0,0,0,0,0], [0,1,2,0,0,0,0,0,0,0]) = 70416
N(O(2, 10), 7, [0,1,0,0,0,0,0,0,0,0], [0,1,0,0,0,1,0,0,0,0]) = 31332
N(O(2, 10), 7, [0,1,0,0,0,0,0,0,0,0], [0,0,1,0,1,0,0,0,0,0]) = 39000
N(O(2, 10), 7, [0,1,0,0,0,0,0,0,0,0], [0,0,0,2,0,0,0,0,0,0]) = 20800
N(O(2, 10), 7, [0,1,0,0,0,0,0,0,0,0], [0,0,0,0,0,0,0,1,0,0]) = 10400
N(O(2, 10), 7, [1,0,0,0,0,0,0,0,0,0], [9,0,0,0,0,0,0,0,0,0]) = 2478
N(O(2, 10), 7, [1,0,0,0,0,0,0,0,0,0], [7,1,0,0,0,0,0,0,0,0]) = 36176
N(O(2, 10), 7, [1,0,0,0,0,0,0,0,0,0], [6,0,1,0,0,0,0,0,0,0]) = 45795
N(O(2, 10), 7, [1,0,0,0,0,0,0,0,0,0], [5,2,0,0,0,0,0,0,0,0]) = 170748
N(O(2, 10), 7, [1,0,0,0,0,0,0,0,0,0], [5,0,0,1,0,0,0,0,0,0]) = 50404
N(O(2, 10), 7, [1,0,0,0,0,0,0,0,0,0], [4,1,1,0,0,0,0,0,0,0]) = 348990
N(O(2, 10), 7, [1,0,0,0,0,0,0,0,0,0], [4,0,0,0,1,0,0,0,0,0]) = 50380
N(O(2, 10), 7, [1,0,0,0,0,0,0,0,0,0], [3,3,0,0,0,0,0,0,0,0]) = 285920
N(O(2, 10), 7, [1,0,0,0,0,0,0,0,0,0], [3,1,0,1,0,0,0,0,0,0]) = 294128
N(O(2, 10), 7, [1,0,0,0,0,0,0,0,0,0], [3,0,2,0,0,0,0,0,0,0]) = 165195
N(O(2, 10), 7, [1,0,0,0,0,0,0,0,0,0], [3,0,0,0,0,1,0,0,0,0]) = 46122
N(O(2, 10), 7, [1,0,0,0,0,0,0,0,0,0], [2,2,1,0,0,0,0,0,0,0]) = 601380
N(O(2, 10), 7, [1,0,0,0,0,0,0,0,0,0], [2,1,0,0,1,0,0,0,0,0]) = 206610
N(O(2, 10), 7, [1,0,0,0,0,0,0,0,0,0], [2,0,1,1,0,0,0,0,0,0]) = 247464
N(O(2, 10), 7, [1,0,0,0,0,0,0,0,0,0], [2,0,0,0,0,0,1,0,0,0]) = 38017
N(O(2, 10), 7, [1,0,0,0,0,0,0,0,0,0], [1,4,0,0,0,0,0,0,0,0]) = 121168
N(O(2, 10), 7, [1,0,0,0,0,0,0,0,0,0], [1,2,0,1,0,0,0,0,0,0]) = 294672
N(O(2, 10), 7, [1,0,0,0,0,0,0,0,0,0], [1,1,2,0,0,0,0,0,0,0]) = 330804
N(O(2, 10), 7, [1,0,0,0,0,0,0,0,0,0], [1,1,0,0,0,1,0,0,0,0]) = 113304
N(O(2, 10), 7, [1,0,0,0,0,0,0,0,0,0], [1,0,1,0,1,0,0,0,0,0]) = 141270
N(O(2, 10), 7, [1,0,0,0,0,0,0,0,0,0], [1,0,0,2,0,0,0,0,0,0]) = 75344
N(O(2, 10), 7, [1,0,0,0,0,0,0,0,0,0], [1,0,0,0,0,0,0,1,0,0]) = 26440
N(O(2, 10), 7, [1,0,0,0,0,0,0,0,0,0], [0,3,1,0,0,0,0,0,0,0]) = 130632
N(O(2, 10), 7, [1,0,0,0,0,0,0,0,0,0], [0,2,0,0,1,0,0,0,0,0]) = 81540
N(O(2, 10), 7, [1,0,0,0,0,0,0,0,0,0], [0,1,1,1,0,0,0,0,0,0]) = 195120
N(O(2, 10), 7, [1,0,0,0,0,0,0,0,0,0], [0,1,0,0,0,0,1,0,0,0]) = 37982
N(O(2, 10), 7, [1,0,0,0,0,0,0,0,0,0], [0,0,3,0,0,0,0,0,0,0]) = 36477
N(O(2, 10), 7, [1,0,0,0,0,0,0,0,0,0], [0,0,1,0,0,1,0,0,0,0]) = 48636
N(O(2, 10), 7, [1,0,0,0,0,0,0,0,0,0], [0,0,0,1,1,0,0,0,0,0]) = 54040
N(O(2, 10), 7, [1,0,0,0,0,0,0,0,0,0], [0,0,0,0,0,0,0,0,1,0]) = 12159
N(O(2, 10), 7, [0,0,0,0,0,0,0,0,0,0], [10,0,0,0,0,0,0,0,0,0]) = 2478
N(O(2, 10), 7, [0,0,0,0,0,0,0,0,0,0], [8,1,0,0,0,0,0,0,0,0]) = 40856
N(O(2, 10), 7, [0,0,0,0,0,0,0,0,0,0], [7,0,1,0,0,0,0,0,0,0]) = 52608
N(O(2, 10), 7, [0,0,0,0,0,0,0,0,0,0], [6,2,0,0,0,0,0,0,0,0]) = 230060
N(O(2, 10), 7, [0,0,0,0,0,0,0,0,0,0], [6,0,0,1,0,0,0,0,0,0]) = 59220
N(O(2, 10), 7, [0,0,0,0,0,0,0,0,0,0], [5,1,1,0,0,0,0,0,0,0]) = 495684
N(O(2, 10), 7, [0,0,0,0,0,0,0,0,0,0], [5,0,0,0,1,0,0,0,0,0]) = 61070
N(O(2, 10), 7, [0,0,0,0,0,0,0,0,0,0], [4,3,0,0,0,0,0,0,0,0]) = 511560
N(O(2, 10), 7, [0,0,0,0,0,0,0,0,0,0], [4,1,0,1,0,0,0,0,0,0]) = 450440
N(O(2, 10), 7, [0,0,0,0,0,0,0,0,0,0], [4,0,2,0,0,0,0,0,0,0]) = 253035
N(O(2, 10), 7, [0,0,0,0,0,0,0,0,0,0], [4,0,0,0,0,1,0,0,0,0]) = 58560
N(O(2, 10), 7, [0,0,0,0,0,0,0,0,0,0], [3,2,1,0,0,0,0,0,0,0]) = 1242000
N(O(2, 10), 7, [0,0,0,0,0,0,0,0,0,0], [3,1,0,0,1,0,0,0,0,0]) = 355580
N(O(2, 10), 7, [0,0,0,0,0,0,0,0,0,0], [3,0,1,1,0,0,0,0,0,0]) = 426024
N(O(2, 10), 7, [0,0,0,0,0,0,0,0,0,0], [3,0,0,0,0,0,1,0,0,0]) = 52080
N(O(2, 10), 7, [0,0,0,0,0,0,0,0,0,0], [2,4,0,0,0,0,0,0,0,0]) = 379840
N(O(2, 10), 7, [0,0,0,0,0,0,0,0,0,0], [2,2,0,1,0,0,0,0,0,0]) = 774192
N(O(2, 10), 7, [0,0,0,0,0,0,0,0,0,0], [2,1,2,0,0,0,0,0,0,0]) = 869454
N(O(2, 10), 7, [0,0,0,0,0,0,0,0,0,0], [2,1,0,0,0,1,0,0,0,0]) = 239508
N(O(2, 10), 7, [0,0,0,0,0,0,0,0,0,0], [2,0,1,0,1,0,0,0,0,0]) = 298800
N(O(2, 10), 7, [0,0,0,0,0,0,0,0,0,0], [2,0,0,2,0,0,0,0,0,0]) = 159360
N(O(2, 10), 7, [0,0,0,0,0,0,0,0,0,0], [2,0,0,0,0,0,0,1,0,0]) = 42008
N(O(2, 10), 7, [0,0,0,0,0,0,0,0,0,0], [1,3,1,0,0,0,0,0,0,0]) = 699360
N(O(2, 10), 7, [0,0,0,0,0,0,0,0,0,0], [1,2,0,0,1,0,0,0,0,0]) = 355080
N(O(2, 10), 7, [0,0,0,0,0,0,0,0,0,0], [1,1,1,1,0,0,0,0,0,0]) = 850320
N(O(2, 10), 7, [0,0,0,0,0,0,0,0,0,0], [1,1,0,0,0,0,1,0,0,0]) = 127484
N(O(2, 10), 7, [0,0,0,0,0,0,0,0,0,0], [1,0,3,0,0,0,0,0,0,0]) = 159084
N(O(2, 10), 7, [0,0,0,0,0,0,0,0,0,0], [1,0,1,0,0,1,0,0,0,0]) = 163476
N(O(2, 10), 7, [0,0,0,0,0,0,0,0,0,0], [1,0,0,1,1,0,0,0,0,0]) = 181640
N(O(2, 10), 7, [0,0,0,0,0,0,0,0,0,0], [1,0,0,0,0,0,0,0,1,0]) = 28710
N(O(2, 10), 7, [0,0,0,0,0,0,0,0,0,0], [0,5,0,0,0,0,0,0,0,0]) = 42016
N(O(2, 10), 7, [0,0,0,0,0,0,0,0,0,0], [0,3,0,1,0,0,0,0,0,0]) = 167520
N(O(2, 10), 7, [0,0,0,0,0,0,0,0,0,0], [0,2,2,0,0,0,0,0,0,0]) = 281988
N(O(2, 10), 7, [0,0,0,0,0,0,0,0,0,0], [0,2,0,0,0,1,0,0,0,0]) = 94104
N(O(2, 10), 7, [0,0,0,0,0,0,0,0,0,0], [0,1,1,0,1,0,0,0,0,0]) = 234540
N(O(2, 10), 7, [0,0,0,0,0,0,0,0,0,0], [0,1,0,2,0,0,0,0,0,0]) = 125088
N(O(2, 10), 7, [0,0,0,0,0,0,0,0,0,0], [0,1,0,0,0,0,0,1,0,0]) = 41744
N(O(2, 10), 7, [0,0,0,0,0,0,0,0,0,0], [0,0,2,1,0,0,0,0,0,0]) = 140292
N(O(2, 10), 7, [0,0,0,0,0,0,0,0,0,0], [0,0,1,0,0,0,1,0,0,0]) = 54558
N(O(2, 10), 7, [0,0,0,0,0,0,0,0,0,0], [0,0,0,1,0,1,0,0,0,0]) = 62352
N(O(2, 10), 7, [0,0,0,0,0,0,0,0,0,0], [0,0,0,0,2,0,0,0,0,0]) = 32475
N(O(2, 10), 7, [0,0,0,0,0,0,0,0,0,0], [0,0,0,0,0,0,0,0,0,1]) = 12990
