N(O(2, 4), -1, [4,0,0,0], [0,0,0,0]) = 408
N(O(2, 4), -1, [2,1,0,0], [0,0,0,0]) = 155
N(O(2, 4), -1, [1,0,1,0], [0,0,0,0]) = 60
N(O(2, 4), -1, [0,2,0,0], [0,0,0,0]) = 26
N(O(2, 4), -1, [0,0,0,1], [0,0,0,0]) = 6
N(O(2, 4), -1, [3,0,0,0], [1,0,0,0]) = 996
N(O(2, 4), -1, [1,1,0,0], [1,0,0,0]) = 517
N(O(2, 4), -1, [0,0,1,0], [1,0,0,0]) = 315
N(O(2, 4), -1, [2,0,0,0], [2,0,0,0]) = 1227
N(O(2, 4), -1, [2,0,0,0], [0,1,0,0]) = 374
N(O(2, 4), -1, [0,1,0,0], [2,0,0,0]) = 700
N(O(2, 4), -1, [0,1,0,0], [0,1,0,0]) = 84
N(O(2, 4), -1, [1,0,0,0], [3,0,0,0]) = 1260
N(O(2, 4), -1, [1,0,0,0], [1,1,0,0]) = 1468
N(O(2, 4), -1, [1,0,0,0], [0,0,1,0]) = 201
N(O(2, 4), -1, [0,0,0,0], [4,0,0,0]) = 1261
N(O(2, 4), -1, [0,0,0,0], [2,1,0,0]) = 2874
N(O(2, 4), -1, [0,0,0,0], [1,0,1,0]) = 1152
N(O(2, 4), -1, [0,0,0,0], [0,2,0,0]) = 172
N(O(2, 4), -1, [0,0,0,0], [0,0,0,1]) = 28
