N(O(4, 4), 7, [4,0,0,0], [0,0,0,0]) = 1683
N(O(4, 4), 7, [2,1,0,0], [0,0,0,0]) = 1567
N(O(4, 4), 7, [1,0,1,0], [0,0,0,0]) = 1509
N(O(4, 4), 7, [0,2,0,0], [0,0,0,0]) = 1455
N(O(4, 4), 7, [0,0,0,1], [0,0,0,0]) = 1453
N(O(4, 4), 7, [3,0,0,0], [1,0,0,0]) = 1908
N(O(4, 4), 7, [1,1,0,0], [1,0,0,0]) = 1786
N(O(4, 4), 7, [0,0,1,0], [1,0,0,0]) = 1725
N(O(4, 4), 7, [2,0,0,0], [2,0,0,0]) = 1914
N(O(4, 4), 7, [2,0,0,0], [0,1,0,0]) = 3140
N(O(4, 4), 7, [0,1,0,0], [2,0,0,0]) = 1792
N(O(4, 4), 7, [0,1,0,0], [0,1,0,0]) = 2916
N(O(4, 4), 7, [1,0,0,0], [3,0,0,0]) = 1914
N(O(4, 4), 7, [1,0,0,0], [1,1,0,0]) = 6712
N(O(4, 4), 7, [1,0,0,0], [0,0,1,0]) = 4527
N(O(4, 4), 7, [0,0,0,0], [4,0,0,0]) = 1914
N(O(4, 4), 7, [0,0,0,0], [2,1,0,0]) = 10296
N(O(4, 4), 7, [0,0,0,0], [1,0,1,0]) = 9702
N(O(4, 4), 7, [0,0,0,0], [0,2,0,0]) = 5832
N(O(4, 4), 7, [0,0,0,0], [0,0,0,1]) = 5812
