N(O(5, 10), 31, [10,0,0,0,0,0,0,0,0,0], [0,0,0,0,0,0,0,0,0,0]) = 3321109108
N(O(5, 10), 31, [8,1,0,0,0,0,0,0,0,0], [0,0,0,0,0,0,0,0,0,0]) = 3161769436
N(O(5, 10), 31, [7,0,1,0,0,0,0,0,0,0], [0,0,0,0,0,0,0,0,0,0]) = 3082165537
N(O(5, 10), 31, [6,2,0,0,0,0,0,0,0,0], [0,0,0,0,0,0,0,0,0,0]) = 3008544324
N(O(5, 10), 31, [6,0,0,1,0,0,0,0,0,0], [0,0,0,0,0,0,0,0,0,0]) = 3005574960
N(O(5, 10), 31, [5,1,1,0,0,0,0,0,0,0], [0,0,0,0,0,0,0,0,0,0]) = 2931996445
N(O(5, 10), 31, [5,0,0,0,1,0,0,0,0,0], [0,0,0,0,0,0,0,0,0,0]) = 2930511973
N(O(5, 10), 31, [4,3,0,0,0,0,0,0,0,0], [0,0,0,0,0,0,0,0,0,0]) = 2861258012
N(O(5, 10), 31, [4,1,0,1,0,0,0,0,0,0], [0,0,0,0,0,0,0,0,0,0]) = 2858374848
N(O(5, 10), 31, [4,0,2,0,0,0,0,0,0,0], [0,0,0,0,0,0,0,0,0,0]) = 2856975946
N(O(5, 10), 31, [4,0,0,0,0,1,0,0,0,0], [0,0,0,0,0,0,0,0,0,0]) = 2856933266
N(O(5, 10), 31, [3,2,1,0,0,0,0,0,0,0], [0,0,0,0,0,0,0,0,0,0]) = 2787678285
N(O(5, 10), 31, [3,1,0,0,1,0,0,0,0,0], [0,0,0,0,0,0,0,0,0,0]) = 2786236911
N(O(5, 10), 31, [3,0,1,1,0,0,0,0,0,0], [0,0,0,0,0,0,0,0,0,0]) = 2784838215
N(O(5, 10), 31, [3,0,0,0,0,0,1,0,0,0], [0,0,0,0,0,0,0,0,0,0]) = 2784816876
N(O(5, 10), 31, [2,4,0,0,0,0,0,0,0,0], [0,0,0,0,0,0,0,0,0,0]) = 2719738100
N(O(5, 10), 31, [2,2,0,1,0,0,0,0,0,0], [0,0,0,0,0,0,0,0,0,0]) = 2716939472
N(O(5, 10), 31, [2,1,2,0,0,0,0,0,0,0], [0,0,0,0,0,0,0,0,0,0]) = 2715582010
N(O(5, 10), 31, [2,1,0,0,0,1,0,0,0,0], [0,0,0,0,0,0,0,0,0,0]) = 2715540158
N(O(5, 10), 31, [2,0,1,0,1,0,0,0,0,0], [0,0,0,0,0,0,0,0,0,0]) = 2714162182
N(O(5, 10), 31, [2,0,0,2,0,0,0,0,0,0], [0,0,0,0,0,0,0,0,0,0]) = 2714141668
N(O(5, 10), 31, [2,0,0,0,0,0,0,1,0,0], [0,0,0,0,0,0,0,0,0,0]) = 2714141256
N(O(5, 10), 31, [1,3,1,0,0,0,0,0,0,0], [0,0,0,0,0,0,0,0,0,0]) = 2649040337
N(O(5, 10), 31, [1,2,0,0,1,0,0,0,0,0], [0,0,0,0,0,0,0,0,0,0]) = 2647641229
N(O(5, 10), 31, [1,1,1,1,0,0,0,0,0,0], [0,0,0,0,0,0,0,0,0,0]) = 2646283971
N(O(5, 10), 31, [1,1,0,0,0,0,1,0,0,0], [0,0,0,0,0,0,0,0,0,0]) = 2646263046
N(O(5, 10), 31, [1,0,3,0,0,0,0,0,0,0], [0,0,0,0,0,0,0,0,0,0]) = 2644947226
N(O(5, 10), 31, [1,0,1,0,0,1,0,0,0,0], [0,0,0,0,0,0,0,0,0,0]) = 2644905788
N(O(5, 10), 31, [1,0,0,1,1,0,0,0,0,0], [0,0,0,0,0,0,0,0,0,0]) = 2644885275
N(O(5, 10), 31, [1,0,0,0,0,0,0,0,1,0], [0,0,0,0,0,0,0,0,0,0]) = 2644885069
N(O(5, 10), 31, [0,5,0,0,0,0,0,0,0,0], [0,0,0,0,0,0,0,0,0,0]) = 2583815516
N(O(5, 10), 31, [0,3,0,1,0,0,0,0,0,0], [0,0,0,0,0,0,0,0,0,0]) = 2581099776
N(O(5, 10), 31, [0,2,2,0,0,0,0,0,0,0], [0,0,0,0,0,0,0,0,0,0]) = 2579782938
N(O(5, 10), 31, [0,2,0,0,0,1,0,0,0,0], [0,0,0,0,0,0,0,0,0,0]) = 2579741906
N(O(5, 10), 31, [0,1,1,0,1,0,0,0,0,0], [0,0,0,0,0,0,0,0,0,0]) = 2578404960
N(O(5, 10), 31, [0,1,0,2,0,0,0,0,0,0], [0,0,0,0,0,0,0,0,0,0]) = 2578384852
N(O(5, 10), 31, [0,1,0,0,0,0,0,1,0,0], [0,0,0,0,0,0,0,0,0,0]) = 2578384444
N(O(5, 10), 31, [0,0,2,1,0,0,0,0,0,0], [0,0,0,0,0,0,0,0,0,0]) = 2577068418
N(O(5, 10), 31, [0,0,1,0,0,0,1,0,0,0], [0,0,0,0,0,0,0,0,0,0]) = 2577047700
N(O(5, 10), 31, [0,0,0,1,0,1,0,0,0,0], [0,0,0,0,0,0,0,0,0,0]) = 2577027390
N(O(5, 10), 31, [0,0,0,0,2,0,0,0,0,0], [0,0,0,0,0,0,0,0,0,0]) = 2577027188
N(O(5, 10), 31, [0,0,0,0,0,0,0,0,0,1], [0,0,0,0,0,0,0,0,0,0]) = 2577027186
N(O(5, 10), 31, [9,0,0,0,0,0,0,0,0,0], [1,0,0,0,0,0,0,0,0,0]) = 4074006246
N(O(5, 10), 31, [7,1,0,0,0,0,0,0,0,0], [1,0,0,0,0,0,0,0,0,0]) = 3888229304
N(O(5, 10), 31, [6,0,1,0,0,0,0,0,0,0], [1,0,0,0,0,0,0,0,0,0]) = 3795411744
N(O(5, 10), 31, [5,2,0,0,0,0,0,0,0,0], [1,0,0,0,0,0,0,0,0,0]) = 3709252890
N(O(5, 10), 31, [5,0,0,1,0,0,0,0,0,0], [1,0,0,0,0,0,0,0,0,0]) = 3705947174
N(O(5, 10), 31, [4,1,1,0,0,0,0,0,0,0], [1,0,0,0,0,0,0,0,0,0]) = 3619834292
N(O(5, 10), 31, [4,0,0,0,1,0,0,0,0,0], [1,0,0,0,0,0,0,0,0,0]) = 3618181651
N(O(5, 10), 31, [3,3,0,0,0,0,0,0,0,0], [1,0,0,0,0,0,0,0,0,0]) = 3536889612
N(O(5, 10), 31, [3,1,0,1,0,0,0,0,0,0], [1,0,0,0,0,0,0,0,0,0]) = 3533675856
N(O(5, 10), 31, [3,0,2,0,0,0,0,0,0,0], [1,0,0,0,0,0,0,0,0,0]) = 3532114524
N(O(5, 10), 31, [3,0,0,0,0,1,0,0,0,0], [1,0,0,0,0,0,0,0,0,0]) = 3532068978
N(O(5, 10), 31, [2,2,1,0,0,0,0,0,0,0], [1,0,0,0,0,0,0,0,0,0]) = 3450776292
N(O(5, 10), 31, [2,1,0,0,1,0,0,0,0,0], [1,0,0,0,0,0,0,0,0,0]) = 3449169629
N(O(5, 10), 31, [2,0,1,1,0,0,0,0,0,0], [1,0,0,0,0,0,0,0,0,0]) = 3447608510
N(O(5, 10), 31, [2,0,0,0,0,0,1,0,0,0], [1,0,0,0,0,0,0,0,0,0]) = 3447585738
N(O(5, 10), 31, [1,4,0,0,0,0,0,0,0,0], [1,0,0,0,0,0,0,0,0,0]) = 3370955534
N(O(5, 10), 31, [1,2,0,1,0,0,0,0,0,0], [1,0,0,0,0,0,0,0,0,0]) = 3367832026
N(O(5, 10), 31, [1,1,2,0,0,0,0,0,0,0], [1,0,0,0,0,0,0,0,0,0]) = 3366314966
N(O(5, 10), 31, [1,1,0,0,0,1,0,0,0,0], [1,0,0,0,0,0,0,0,0,0]) = 3366270272
N(O(5, 10), 31, [1,0,1,0,1,0,0,0,0,0], [1,0,0,0,0,0,0,0,0,0]) = 3364731289
N(O(5, 10), 31, [1,0,0,2,0,0,0,0,0,0], [1,0,0,0,0,0,0,0,0,0]) = 3364709366
N(O(5, 10), 31, [1,0,0,0,0,0,0,1,0,0], [1,0,0,0,0,0,0,0,0,0]) = 3364708942
N(O(5, 10), 31, [0,3,1,0,0,0,0,0,0,0], [1,0,0,0,0,0,0,0,0,0]) = 3288055536
N(O(5, 10), 31, [0,2,0,0,1,0,0,0,0,0], [1,0,0,0,0,0,0,0,0,0]) = 3286493995
N(O(5, 10), 31, [0,1,1,1,0,0,0,0,0,0], [1,0,0,0,0,0,0,0,0,0]) = 3284977146
N(O(5, 10), 31, [0,1,0,0,0,0,1,0,0,0], [1,0,0,0,0,0,0,0,0,0]) = 3284954800
N(O(5, 10), 31, [0,0,3,0,0,0,0,0,0,0], [1,0,0,0,0,0,0,0,0,0]) = 3283482219
N(O(5, 10), 31, [0,0,1,0,0,1,0,0,0,0], [1,0,0,0,0,0,0,0,0,0]) = 3283437951
N(O(5, 10), 31, [0,0,0,1,1,0,0,0,0,0], [1,0,0,0,0,0,0,0,0,0]) = 3283416029
N(O(5, 10), 31, [0,0,0,0,0,0,0,0,1,0], [1,0,0,0,0,0,0,0,0,0]) = 3283415817
N(O(5, 10), 31, [8,0,0,0,0,0,0,0,0,0], [2,0,0,0,0,0,0,0,0,0]) = 4137988520
N(O(5, 10), 31, [8,0,0,0,0,0,0,0,0,0], [0,1,0,0,0,0,0,0,0,0]) = 6349132236
N(O(5, 10), 31, [6,1,0,0,0,0,0,0,0,0], [2,0,0,0,0,0,0,0,0,0]) = 3950697770
N(O(5, 10), 31, [6,1,0,0,0,0,0,0,0,0], [0,1,0,0,0,0,0,0,0,0]) = 6042011680
N(O(5, 10), 31, [5,0,1,0,0,0,0,0,0,0], [2,0,0,0,0,0,0,0,0,0]) = 3857123390
N(O(5, 10), 31, [5,0,1,0,0,0,0,0,0,0], [0,1,0,0,0,0,0,0,0,0]) = 5888580798
N(O(5, 10), 31, [4,2,0,0,0,0,0,0,0,0], [2,0,0,0,0,0,0,0,0,0]) = 3770230620
N(O(5, 10), 31, [4,2,0,0,0,0,0,0,0,0], [0,1,0,0,0,0,0,0,0,0]) = 5746780212
N(O(5, 10), 31, [4,0,0,1,0,0,0,0,0,0], [2,0,0,0,0,0,0,0,0,0]) = 3766913480
N(O(5, 10), 31, [4,0,0,1,0,0,0,0,0,0], [0,1,0,0,0,0,0,0,0,0]) = 5741008196
N(O(5, 10), 31, [3,1,1,0,0,0,0,0,0,0], [2,0,0,0,0,0,0,0,0,0]) = 3680066738
N(O(5, 10), 31, [3,1,1,0,0,0,0,0,0,0], [0,1,0,0,0,0,0,0,0,0]) = 5599291378
N(O(5, 10), 31, [3,0,0,0,1,0,0,0,0,0], [2,0,0,0,0,0,0,0,0,0]) = 3678408385
N(O(5, 10), 31, [3,0,0,0,1,0,0,0,0,0], [0,1,0,0,0,0,0,0,0,0]) = 5596405786
N(O(5, 10), 31, [2,3,0,0,0,0,0,0,0,0], [2,0,0,0,0,0,0,0,0,0]) = 3596399510
N(O(5, 10), 31, [2,3,0,0,0,0,0,0,0,0], [0,1,0,0,0,0,0,0,0,0]) = 5463092936
N(O(5, 10), 31, [2,1,0,1,0,0,0,0,0,0], [2,0,0,0,0,0,0,0,0,0]) = 3593174414
N(O(5, 10), 31, [2,1,0,1,0,0,0,0,0,0], [0,1,0,0,0,0,0,0,0,0]) = 5457490040
N(O(5, 10), 31, [2,0,2,0,0,0,0,0,0,0], [2,0,0,0,0,0,0,0,0,0]) = 3591607454
N(O(5, 10), 31, [2,0,2,0,0,0,0,0,0,0], [0,1,0,0,0,0,0,0,0,0]) = 5454772320
N(O(5, 10), 31, [2,0,0,0,0,1,0,0,0,0], [2,0,0,0,0,0,0,0,0,0]) = 3591561866
N(O(5, 10), 31, [2,0,0,0,0,1,0,0,0,0], [0,1,0,0,0,0,0,0,0,0]) = 5454688592
N(O(5, 10), 31, [1,2,1,0,0,0,0,0,0,0], [2,0,0,0,0,0,0,0,0,0]) = 3509552358
N(O(5, 10), 31, [1,2,1,0,0,0,0,0,0,0], [0,1,0,0,0,0,0,0,0,0]) = 5321373726
N(O(5, 10), 31, [1,1,0,0,1,0,0,0,0,0], [2,0,0,0,0,0,0,0,0,0]) = 3507940025
N(O(5, 10), 31, [1,1,0,0,1,0,0,0,0,0], [0,1,0,0,0,0,0,0,0,0]) = 5318572690
N(O(5, 10), 31, [1,0,1,1,0,0,0,0,0,0], [2,0,0,0,0,0,0,0,0,0]) = 3506373278
N(O(5, 10), 31, [1,0,1,1,0,0,0,0,0,0], [0,1,0,0,0,0,0,0,0,0]) = 5315855378
N(O(5, 10), 31, [1,0,0,0,0,0,1,0,0,0], [2,0,0,0,0,0,0,0,0,0]) = 3506350485
N(O(5, 10), 31, [1,0,0,0,0,0,1,0,0,0], [0,1,0,0,0,0,0,0,0,0]) = 5315813516
N(O(5, 10), 31, [0,4,0,0,0,0,0,0,0,0], [2,0,0,0,0,0,0,0,0,0]) = 3429020336
N(O(5, 10), 31, [0,4,0,0,0,0,0,0,0,0], [0,1,0,0,0,0,0,0,0,0]) = 5190611612
N(O(5, 10), 31, [0,2,0,1,0,0,0,0,0,0], [2,0,0,0,0,0,0,0,0,0]) = 3425885572
N(O(5, 10), 31, [0,2,0,1,0,0,0,0,0,0], [0,1,0,0,0,0,0,0,0,0]) = 5185174540
N(O(5, 10), 31, [0,1,2,0,0,0,0,0,0,0], [2,0,0,0,0,0,0,0,0,0]) = 3424362926
N(O(5, 10), 31, [0,1,2,0,0,0,0,0,0,0], [0,1,0,0,0,0,0,0,0,0]) = 5182538092
N(O(5, 10), 31, [0,1,0,0,0,1,0,0,0,0], [2,0,0,0,0,0,0,0,0,0]) = 3424318190
N(O(5, 10), 31, [0,1,0,0,0,1,0,0,0,0], [0,1,0,0,0,0,0,0,0,0]) = 5182456004
N(O(5, 10), 31, [0,0,1,0,1,0,0,0,0,0], [2,0,0,0,0,0,0,0,0,0]) = 3422773600
N(O(5, 10), 31, [0,0,1,0,1,0,0,0,0,0], [0,1,0,0,0,0,0,0,0,0]) = 5179779328
N(O(5, 10), 31, [0,0,0,2,0,0,0,0,0,0], [2,0,0,0,0,0,0,0,0,0]) = 3422751656
N(O(5, 10), 31, [0,0,0,2,0,0,0,0,0,0], [0,1,0,0,0,0,0,0,0,0]) = 5179739100
N(O(5, 10), 31, [0,0,0,0,0,0,0,1,0,0], [2,0,0,0,0,0,0,0,0,0]) = 3422751232
N(O(5, 10), 31, [0,0,0,0,0,0,0,1,0,0], [0,1,0,0,0,0,0,0,0,0]) = 5179738284
N(O(5, 10), 31, [7,0,0,0,0,0,0,0,0,0], [3,0,0,0,0,0,0,0,0,0]) = 4140472296
N(O(5, 10), 31, [7,0,0,0,0,0,0,0,0,0], [1,1,0,0,0,0,0,0,0,0]) = 14128550144
N(O(5, 10), 31, [7,0,0,0,0,0,0,0,0,0], [0,0,1,0,0,0,0,0,0,0]) = 9246998688
N(O(5, 10), 31, [5,1,0,0,0,0,0,0,0,0], [3,0,0,0,0,0,0,0,0,0]) = 3953147162
N(O(5, 10), 31, [5,1,0,0,0,0,0,0,0,0], [1,1,0,0,0,0,0,0,0,0]) = 13463431176
N(O(5, 10), 31, [5,1,0,0,0,0,0,0,0,0], [0,0,1,0,0,0,0,0,0,0]) = 8796482802
N(O(5, 10), 31, [4,0,1,0,0,0,0,0,0,0], [3,0,0,0,0,0,0,0,0,0]) = 3859555590
N(O(5, 10), 31, [4,0,1,0,0,0,0,0,0,0], [1,1,0,0,0,0,0,0,0,0]) = 13131140306
N(O(5, 10), 31, [4,0,1,0,0,0,0,0,0,0], [0,0,1,0,0,0,0,0,0,0]) = 8571417000
N(O(5, 10), 31, [3,2,0,0,0,0,0,0,0,0], [3,0,0,0,0,0,0,0,0,0]) = 3772645852
N(O(5, 10), 31, [3,2,0,0,0,0,0,0,0,0], [1,1,0,0,0,0,0,0,0,0]) = 12823427904
N(O(5, 10), 31, [3,2,0,0,0,0,0,0,0,0], [0,0,1,0,0,0,0,0,0,0]) = 8363519784
N(O(5, 10), 31, [3,0,0,1,0,0,0,0,0,0], [3,0,0,0,0,0,0,0,0,0]) = 3769328600
N(O(5, 10), 31, [3,0,0,1,0,0,0,0,0,0], [1,1,0,0,0,0,0,0,0,0]) = 12811228208
N(O(5, 10), 31, [3,0,0,1,0,0,0,0,0,0], [0,0,1,0,0,0,0,0,0,0]) = 8354999538
N(O(5, 10), 31, [2,1,1,0,0,0,0,0,0,0], [3,0,0,0,0,0,0,0,0,0]) = 3682464890
N(O(5, 10), 31, [2,1,1,0,0,0,0,0,0,0], [1,1,0,0,0,0,0,0,0,0]) = 12503689806
N(O(5, 10), 31, [2,1,1,0,0,0,0,0,0,0], [0,0,1,0,0,0,0,0,0,0]) = 8147226690
N(O(5, 10), 31, [2,0,0,0,1,0,0,0,0,0], [3,0,0,0,0,0,0,0,0,0]) = 3680806481
N(O(5, 10), 31, [2,0,0,0,1,0,0,0,0,0], [1,1,0,0,0,0,0,0,0,0]) = 12497590804
N(O(5, 10), 31, [2,0,0,0,1,0,0,0,0,0], [0,0,1,0,0,0,0,0,0,0]) = 8142967188
N(O(5, 10), 31, [1,3,0,0,0,0,0,0,0,0], [3,0,0,0,0,0,0,0,0,0]) = 3598780806
N(O(5, 10), 31, [1,3,0,0,0,0,0,0,0,0], [1,1,0,0,0,0,0,0,0,0]) = 12207827560
N(O(5, 10), 31, [1,3,0,0,0,0,0,0,0,0], [0,0,1,0,0,0,0,0,0,0]) = 7947597474
N(O(5, 10), 31, [1,1,0,1,0,0,0,0,0,0], [3,0,0,0,0,0,0,0,0,0]) = 3595555598
N(O(5, 10), 31, [1,1,0,1,0,0,0,0,0,0], [1,1,0,0,0,0,0,0,0,0]) = 12195977480
N(O(5, 10), 31, [1,1,0,1,0,0,0,0,0,0], [0,0,1,0,0,0,0,0,0,0]) = 7939328340
N(O(5, 10), 31, [1,0,2,0,0,0,0,0,0,0], [3,0,0,0,0,0,0,0,0,0]) = 3593988582
N(O(5, 10), 31, [1,0,2,0,0,0,0,0,0,0], [1,1,0,0,0,0,0,0,0,0]) = 12190225556
N(O(5, 10), 31, [1,0,2,0,0,0,0,0,0,0], [0,0,1,0,0,0,0,0,0,0]) = 7935318087
N(O(5, 10), 31, [1,0,0,0,0,1,0,0,0,0], [3,0,0,0,0,0,0,0,0,0]) = 3593942994
N(O(5, 10), 31, [1,0,0,0,0,1,0,0,0,0], [1,1,0,0,0,0,0,0,0,0]) = 12190052440
N(O(5, 10), 31, [1,0,0,0,0,1,0,0,0,0], [0,0,1,0,0,0,0,0,0,0]) = 7935193773
N(O(5, 10), 31, [0,2,1,0,0,0,0,0,0,0], [3,0,0,0,0,0,0,0,0,0]) = 3511916686
N(O(5, 10), 31, [0,2,1,0,0,0,0,0,0,0], [1,1,0,0,0,0,0,0,0,0]) = 11900285898
N(O(5, 10), 31, [0,2,1,0,0,0,0,0,0,0], [0,0,1,0,0,0,0,0,0,0]) = 7739821044
N(O(5, 10), 31, [0,1,0,0,1,0,0,0,0,0], [3,0,0,0,0,0,0,0,0,0]) = 3510304297
N(O(5, 10), 31, [0,1,0,0,1,0,0,0,0,0], [1,1,0,0,0,0,0,0,0,0]) = 11894361696
N(O(5, 10), 31, [0,1,0,0,1,0,0,0,0,0], [0,0,1,0,0,0,0,0,0,0]) = 7735687092
N(O(5, 10), 31, [0,0,1,1,0,0,0,0,0,0], [3,0,0,0,0,0,0,0,0,0]) = 3508737494
N(O(5, 10), 31, [0,0,1,1,0,0,0,0,0,0], [1,1,0,0,0,0,0,0,0,0]) = 11888610602
N(O(5, 10), 31, [0,0,1,1,0,0,0,0,0,0], [0,0,1,0,0,0,0,0,0,0]) = 7731677448
N(O(5, 10), 31, [0,0,0,0,0,0,1,0,0,0], [3,0,0,0,0,0,0,0,0,0]) = 3508714701
N(O(5, 10), 31, [0,0,0,0,0,0,1,0,0,0], [1,1,0,0,0,0,0,0,0,0]) = 11888524048
N(O(5, 10), 31, [0,0,0,0,0,0,1,0,0,0], [0,0,1,0,0,0,0,0,0,0]) = 7731615294
N(O(5, 10), 31, [6,0,0,0,0,0,0,0,0,0], [4,0,0,0,0,0,0,0,0,0]) = 4140515052
N(O(5, 10), 31, [6,0,0,0,0,0,0,0,0,0], [2,1,0,0,0,0,0,0,0,0]) = 22030047604
N(O(5, 10), 31, [6,0,0,0,0,0,0,0,0,0], [1,0,1,0,0,0,0,0,0,0]) = 20633268066
N(O(5, 10), 31, [6,0,0,0,0,0,0,0,0,0], [0,2,0,0,0,0,0,0,0,0]) = 12084045872
N(O(5, 10), 31, [6,0,0,0,0,0,0,0,0,0], [0,0,0,1,0,0,0,0,0,0]) = 12022305576
N(O(5, 10), 31, [4,1,0,0,0,0,0,0,0,0], [4,0,0,0,0,0,0,0,0,0]) = 3953189666
N(O(5, 10), 31, [4,1,0,0,0,0,0,0,0,0], [2,1,0,0,0,0,0,0,0,0]) = 21003993664
N(O(5, 10), 31, [4,1,0,0,0,0,0,0,0,0], [1,0,1,0,0,0,0,0,0,0]) = 19656019572
N(O(5, 10), 31, [4,1,0,0,0,0,0,0,0,0], [0,2,0,0,0,0,0,0,0,0]) = 11493582768
N(O(5, 10), 31, [4,1,0,0,0,0,0,0,0,0], [0,0,0,1,0,0,0,0,0,0]) = 11433505080
N(O(5, 10), 31, [3,0,1,0,0,0,0,0,0,0], [4,0,0,0,0,0,0,0,0,0]) = 3859597968
N(O(5, 10), 31, [3,0,1,0,0,0,0,0,0,0], [2,1,0,0,0,0,0,0,0,0]) = 20491374694
N(O(5, 10), 31, [3,0,1,0,0,0,0,0,0,0], [1,0,1,0,0,0,0,0,0,0]) = 19167794340
N(O(5, 10), 31, [3,0,1,0,0,0,0,0,0,0], [0,2,0,0,0,0,0,0,0,0]) = 11198605016
N(O(5, 10), 31, [3,0,1,0,0,0,0,0,0,0], [0,0,0,1,0,0,0,0,0,0]) = 11139358524
N(O(5, 10), 31, [2,2,0,0,0,0,0,0,0,0], [4,0,0,0,0,0,0,0,0,0]) = 3772688104
N(O(5, 10), 31, [2,2,0,0,0,0,0,0,0,0], [2,1,0,0,0,0,0,0,0,0]) = 20016327500
N(O(5, 10), 31, [2,2,0,0,0,0,0,0,0,0], [1,0,1,0,0,0,0,0,0,0]) = 18715882302
N(O(5, 10), 31, [2,2,0,0,0,0,0,0,0,0], [0,2,0,0,0,0,0,0,0,0]) = 10926208048
N(O(5, 10), 31, [2,2,0,0,0,0,0,0,0,0], [0,0,0,1,0,0,0,0,0,0]) = 10867763528
N(O(5, 10), 31, [2,0,0,1,0,0,0,0,0,0], [4,0,0,0,0,0,0,0,0,0]) = 3769370852
N(O(5, 10), 31, [2,0,0,1,0,0,0,0,0,0], [2,1,0,0,0,0,0,0,0,0]) = 19997677612
N(O(5, 10), 31, [2,0,0,1,0,0,0,0,0,0], [1,0,1,0,0,0,0,0,0,0]) = 18697858710
N(O(5, 10), 31, [2,0,0,1,0,0,0,0,0,0], [0,2,0,0,0,0,0,0,0,0]) = 10915002256
N(O(5, 10), 31, [2,0,0,1,0,0,0,0,0,0], [0,0,0,1,0,0,0,0,0,0]) = 10856572312
N(O(5, 10), 31, [1,1,1,0,0,0,0,0,0,0], [4,0,0,0,0,0,0,0,0,0]) = 3682507016
N(O(5, 10), 31, [1,1,1,0,0,0,0,0,0,0], [2,1,0,0,0,0,0,0,0,0]) = 19522894762
N(O(5, 10), 31, [1,1,1,0,0,0,0,0,0,0], [1,0,1,0,0,0,0,0,0,0]) = 18246205104
N(O(5, 10), 31, [1,1,1,0,0,0,0,0,0,0], [0,2,0,0,0,0,0,0,0,0]) = 10642769544
N(O(5, 10), 31, [1,1,1,0,0,0,0,0,0,0], [0,0,0,1,0,0,0,0,0,0]) = 10585141500
N(O(5, 10), 31, [1,0,0,0,1,0,0,0,0,0], [4,0,0,0,0,0,0,0,0,0]) = 3680848607
N(O(5, 10), 31, [1,0,0,0,1,0,0,0,0,0], [2,1,0,0,0,0,0,0,0,0]) = 19513571094
N(O(5, 10), 31, [1,0,0,0,1,0,0,0,0,0], [1,0,1,0,0,0,0,0,0,0]) = 18237194571
N(O(5, 10), 31, [1,0,0,0,1,0,0,0,0,0], [0,2,0,0,0,0,0,0,0,0]) = 10637167472
N(O(5, 10), 31, [1,0,0,0,1,0,0,0,0,0], [0,0,0,1,0,0,0,0,0,0]) = 10579546716
N(O(5, 10), 31, [0,3,0,0,0,0,0,0,0,0], [4,0,0,0,0,0,0,0,0,0]) = 3598822806
N(O(5, 10), 31, [0,3,0,0,0,0,0,0,0,0], [2,1,0,0,0,0,0,0,0,0]) = 19065968136
N(O(5, 10), 31, [0,3,0,0,0,0,0,0,0,0], [1,0,1,0,0,0,0,0,0,0]) = 17811797472
N(O(5, 10), 31, [0,3,0,0,0,0,0,0,0,0], [0,2,0,0,0,0,0,0,0,0]) = 10381245232
N(O(5, 10), 31, [0,3,0,0,0,0,0,0,0,0], [0,0,0,1,0,0,0,0,0,0]) = 10324404696
N(O(5, 10), 31, [0,1,0,1,0,0,0,0,0,0], [4,0,0,0,0,0,0,0,0,0]) = 3595597598
N(O(5, 10), 31, [0,1,0,1,0,0,0,0,0,0], [2,1,0,0,0,0,0,0,0,0]) = 19047848528
N(O(5, 10), 31, [0,1,0,1,0,0,0,0,0,0], [1,0,1,0,0,0,0,0,0,0]) = 17794293168
N(O(5, 10), 31, [0,1,0,1,0,0,0,0,0,0], [0,2,0,0,0,0,0,0,0,0]) = 10370371088
N(O(5, 10), 31, [0,1,0,1,0,0,0,0,0,0], [0,0,0,1,0,0,0,0,0,0]) = 10313545000
N(O(5, 10), 31, [0,0,2,0,0,0,0,0,0,0], [4,0,0,0,0,0,0,0,0,0]) = 3594030582
N(O(5, 10), 31, [0,0,2,0,0,0,0,0,0,0], [2,1,0,0,0,0,0,0,0,0]) = 19039051312
N(O(5, 10), 31, [0,0,2,0,0,0,0,0,0,0], [1,0,1,0,0,0,0,0,0,0]) = 17785798134
N(O(5, 10), 31, [0,0,2,0,0,0,0,0,0,0], [0,2,0,0,0,0,0,0,0,0]) = 10365098192
N(O(5, 10), 31, [0,0,2,0,0,0,0,0,0,0], [0,0,0,1,0,0,0,0,0,0]) = 10308279264
N(O(5, 10), 31, [0,0,0,0,0,1,0,0,0,0], [4,0,0,0,0,0,0,0,0,0]) = 3593984994
N(O(5, 10), 31, [0,0,0,0,0,1,0,0,0,0], [2,1,0,0,0,0,0,0,0,0]) = 19038788724
N(O(5, 10), 31, [0,0,0,0,0,1,0,0,0,0], [1,0,1,0,0,0,0,0,0,0]) = 17785541016
N(O(5, 10), 31, [0,0,0,0,0,1,0,0,0,0], [0,2,0,0,0,0,0,0,0,0]) = 10364934016
N(O(5, 10), 31, [0,0,0,0,0,1,0,0,0,0], [0,0,0,1,0,0,0,0,0,0]) = 10308115152
N(O(5, 10), 31, [5,0,0,0,0,0,0,0,0,0], [5,0,0,0,0,0,0,0,0,0]) = 4140515304
N(O(5, 10), 31, [5,0,0,0,0,0,0,0,0,0], [3,1,0,0,0,0,0,0,0,0]) = 29936342936
N(O(5, 10), 31, [5,0,0,0,0,0,0,0,0,0], [2,0,1,0,0,0,0,0,0,0]) = 32204638740
N(O(5, 10), 31, [5,0,0,0,0,0,0,0,0,0], [1,2,0,0,0,0,0,0,0,0]) = 39010908896
N(O(5, 10), 31, [5,0,0,0,0,0,0,0,0,0], [1,0,0,1,0,0,0,0,0,0]) = 26846094440
N(O(5, 10), 31, [5,0,0,0,0,0,0,0,0,0], [0,1,1,0,0,0,0,0,0,0]) = 35258708250
N(O(5, 10), 31, [5,0,0,0,0,0,0,0,0,0], [0,0,0,0,1,0,0,0,0,0]) = 14652559895
N(O(5, 10), 31, [3,1,0,0,0,0,0,0,0,0], [5,0,0,0,0,0,0,0,0,0]) = 3953189918
N(O(5, 10), 31, [3,1,0,0,0,0,0,0,0,0], [3,1,0,0,0,0,0,0,0,0]) = 28549286376
N(O(5, 10), 31, [3,1,0,0,0,0,0,0,0,0], [2,0,1,0,0,0,0,0,0,0]) = 30696220290
N(O(5, 10), 31, [3,1,0,0,0,0,0,0,0,0], [1,2,0,0,0,0,0,0,0,0]) = 37140439248
N(O(5, 10), 31, [3,1,0,0,0,0,0,0,0,0], [1,0,0,1,0,0,0,0,0,0]) = 25568208672
N(O(5, 10), 31, [3,1,0,0,0,0,0,0,0,0], [0,1,1,0,0,0,0,0,0,0]) = 33524913954
N(O(5, 10), 31, [3,1,0,0,0,0,0,0,0,0], [0,0,0,0,1,0,0,0,0,0]) = 13931184585
N(O(5, 10), 31, [2,0,1,0,0,0,0,0,0,0], [5,0,0,0,0,0,0,0,0,0]) = 3859598220
N(O(5, 10), 31, [2,0,1,0,0,0,0,0,0,0], [3,1,0,0,0,0,0,0,0,0]) = 27856305482
N(O(5, 10), 31, [2,0,1,0,0,0,0,0,0,0], [2,0,1,0,0,0,0,0,0,0]) = 29942617206
N(O(5, 10), 31, [2,0,1,0,0,0,0,0,0,0], [1,2,0,0,0,0,0,0,0,0]) = 36205985300
N(O(5, 10), 31, [2,0,1,0,0,0,0,0,0,0], [1,0,0,1,0,0,0,0,0,0]) = 24929792732
N(O(5, 10), 31, [2,0,1,0,0,0,0,0,0,0], [0,1,1,0,0,0,0,0,0,0]) = 32658770592
N(O(5, 10), 31, [2,0,1,0,0,0,0,0,0,0], [0,0,0,0,1,0,0,0,0,0]) = 13570810940
N(O(5, 10), 31, [1,2,0,0,0,0,0,0,0,0], [5,0,0,0,0,0,0,0,0,0]) = 3772688356
N(O(5, 10), 31, [1,2,0,0,0,0,0,0,0,0], [3,1,0,0,0,0,0,0,0,0]) = 27213890120
N(O(5, 10), 31, [1,2,0,0,0,0,0,0,0,0], [2,0,1,0,0,0,0,0,0,0]) = 29244539880
N(O(5, 10), 31, [1,2,0,0,0,0,0,0,0,0], [1,2,0,0,0,0,0,0,0,0]) = 35341863840
N(O(5, 10), 31, [1,2,0,0,0,0,0,0,0,0], [1,0,0,1,0,0,0,0,0,0]) = 24339091800
N(O(5, 10), 31, [1,2,0,0,0,0,0,0,0,0], [0,1,1,0,0,0,0,0,0,0]) = 31859316378
N(O(5, 10), 31, [1,2,0,0,0,0,0,0,0,0], [0,0,0,0,1,0,0,0,0,0]) = 13238206175
N(O(5, 10), 31, [1,0,0,1,0,0,0,0,0,0], [5,0,0,0,0,0,0,0,0,0]) = 3769371104
N(O(5, 10), 31, [1,0,0,1,0,0,0,0,0,0], [3,1,0,0,0,0,0,0,0,0]) = 27188789816
N(O(5, 10), 31, [1,0,0,1,0,0,0,0,0,0], [2,0,1,0,0,0,0,0,0,0]) = 29216979048
N(O(5, 10), 31, [1,0,0,1,0,0,0,0,0,0], [1,2,0,0,0,0,0,0,0,0]) = 35306957888
N(O(5, 10), 31, [1,0,0,1,0,0,0,0,0,0], [1,0,0,1,0,0,0,0,0,0]) = 24315409944
N(O(5, 10), 31, [1,0,0,1,0,0,0,0,0,0], [0,1,1,0,0,0,0,0,0,0]) = 31826223066
N(O(5, 10), 31, [1,0,0,1,0,0,0,0,0,0], [0,0,0,0,1,0,0,0,0,0]) = 13224426405
N(O(5, 10), 31, [0,1,1,0,0,0,0,0,0,0], [5,0,0,0,0,0,0,0,0,0]) = 3682507268
N(O(5, 10), 31, [0,1,1,0,0,0,0,0,0,0], [3,1,0,0,0,0,0,0,0,0]) = 26546729142
N(O(5, 10), 31, [0,1,1,0,0,0,0,0,0,0], [2,0,1,0,0,0,0,0,0,0]) = 28519294386
N(O(5, 10), 31, [0,1,1,0,0,0,0,0,0,0], [1,2,0,0,0,0,0,0,0,0]) = 34443342012
N(O(5, 10), 31, [0,1,1,0,0,0,0,0,0,0], [1,0,0,1,0,0,0,0,0,0]) = 23725050252
N(O(5, 10), 31, [0,1,1,0,0,0,0,0,0,0], [0,1,1,0,0,0,0,0,0,0]) = 31027256616
N(O(5, 10), 31, [0,1,1,0,0,0,0,0,0,0], [0,0,0,0,1,0,0,0,0,0]) = 12892024830
N(O(5, 10), 31, [0,0,0,0,1,0,0,0,0,0], [5,0,0,0,0,0,0,0,0,0]) = 3680848859
N(O(5, 10), 31, [0,0,0,0,1,0,0,0,0,0], [3,1,0,0,0,0,0,0,0,0]) = 26534180696
N(O(5, 10), 31, [0,0,0,0,1,0,0,0,0,0], [2,0,1,0,0,0,0,0,0,0]) = 28505515875
N(O(5, 10), 31, [0,0,0,0,1,0,0,0,0,0], [1,2,0,0,0,0,0,0,0,0]) = 34425891536
N(O(5, 10), 31, [0,0,0,0,1,0,0,0,0,0], [1,0,0,1,0,0,0,0,0,0]) = 23713211000
N(O(5, 10), 31, [0,0,0,0,1,0,0,0,0,0], [0,1,1,0,0,0,0,0,0,0]) = 31010712420
N(O(5, 10), 31, [0,0,0,0,1,0,0,0,0,0], [0,0,0,0,1,0,0,0,0,0]) = 12885135970
N(O(5, 10), 31, [4,0,0,0,0,0,0,0,0,0], [6,0,0,0,0,0,0,0,0,0]) = 4140515304
N(O(5, 10), 31, [4,0,0,0,0,0,0,0,0,0], [4,1,0,0,0,0,0,0,0,0]) = 37842722268
N(O(5, 10), 31, [4,0,0,0,0,0,0,0,0,0], [3,0,1,0,0,0,0,0,0,0]) = 43783305510
N(O(5, 10), 31, [4,0,0,0,0,0,0,0,0,0], [2,2,0,0,0,0,0,0,0,0]) = 81018896224
N(O(5, 10), 31, [4,0,0,0,0,0,0,0,0,0], [2,0,0,1,0,0,0,0,0,0]) = 41913748360
N(O(5, 10), 31, [4,0,0,0,0,0,0,0,0,0], [1,1,1,0,0,0,0,0,0,0]) = 113964168312
N(O(5, 10), 31, [4,0,0,0,0,0,0,0,0,0], [1,0,0,0,1,0,0,0,0,0]) = 32743468150
N(O(5, 10), 31, [4,0,0,0,0,0,0,0,0,0], [0,3,0,0,0,0,0,0,0,0]) = 22987165536
N(O(5, 10), 31, [4,0,0,0,0,0,0,0,0,0], [0,1,0,1,0,0,0,0,0,0]) = 45831042944
N(O(5, 10), 31, [4,0,0,0,0,0,0,0,0,0], [0,0,2,0,0,0,0,0,0,0]) = 25714251000
N(O(5, 10), 31, [4,0,0,0,0,0,0,0,0,0], [0,0,0,0,0,1,0,0,0,0]) = 17141599596
N(O(5, 10), 31, [2,1,0,0,0,0,0,0,0,0], [6,0,0,0,0,0,0,0,0,0]) = 3953189918
N(O(5, 10), 31, [2,1,0,0,0,0,0,0,0,0], [4,1,0,0,0,0,0,0,0,0]) = 36094662584
N(O(5, 10), 31, [2,1,0,0,0,0,0,0,0,0], [3,0,1,0,0,0,0,0,0,0]) = 41743614960
N(O(5, 10), 31, [2,1,0,0,0,0,0,0,0,0], [2,2,0,0,0,0,0,0,0,0]) = 77173094248
N(O(5, 10), 31, [2,1,0,0,0,0,0,0,0,0], [2,0,0,1,0,0,0,0,0,0]) = 39940906328
N(O(5, 10), 31, [2,1,0,0,0,0,0,0,0,0], [1,1,1,0,0,0,0,0,0,0]) = 108467747976
N(O(5, 10), 31, [2,1,0,0,0,0,0,0,0,0], [1,0,0,0,1,0,0,0,0,0]) = 31177032730
N(O(5, 10), 31, [2,1,0,0,0,0,0,0,0,0], [0,3,0,0,0,0,0,0,0,0]) = 21852416096
N(O(5, 10), 31, [2,1,0,0,0,0,0,0,0,0], [0,1,0,1,0,0,0,0,0,0]) = 43565487216
N(O(5, 10), 31, [2,1,0,0,0,0,0,0,0,0], [0,0,2,0,0,0,0,0,0,0]) = 24441680070
N(O(5, 10), 31, [2,1,0,0,0,0,0,0,0,0], [0,0,0,0,0,1,0,0,0,0]) = 16293240948
N(O(5, 10), 31, [1,0,1,0,0,0,0,0,0,0], [6,0,0,0,0,0,0,0,0,0]) = 3859598220
N(O(5, 10), 31, [1,0,1,0,0,0,0,0,0,0], [4,1,0,0,0,0,0,0,0,0]) = 35221319514
N(O(5, 10), 31, [1,0,1,0,0,0,0,0,0,0], [3,0,1,0,0,0,0,0,0,0]) = 40724582952
N(O(5, 10), 31, [1,0,1,0,0,0,0,0,0,0], [2,2,0,0,0,0,0,0,0,0]) = 75251774824
N(O(5, 10), 31, [1,0,1,0,0,0,0,0,0,0], [2,0,0,1,0,0,0,0,0,0]) = 38955285844
N(O(5, 10), 31, [1,0,1,0,0,0,0,0,0,0], [1,1,1,0,0,0,0,0,0,0]) = 105721857468
N(O(5, 10), 31, [1,0,1,0,0,0,0,0,0,0], [1,0,0,0,1,0,0,0,0,0]) = 30394467385
N(O(5, 10), 31, [1,0,1,0,0,0,0,0,0,0], [0,3,0,0,0,0,0,0,0,0]) = 21285539088
N(O(5, 10), 31, [1,0,1,0,0,0,0,0,0,0], [0,1,0,1,0,0,0,0,0,0]) = 42433704512
N(O(5, 10), 31, [1,0,1,0,0,0,0,0,0,0], [0,0,2,0,0,0,0,0,0,0]) = 23805954261
N(O(5, 10), 31, [1,0,1,0,0,0,0,0,0,0], [0,0,0,0,0,1,0,0,0,0]) = 15869434728
N(O(5, 10), 31, [0,2,0,0,0,0,0,0,0,0], [6,0,0,0,0,0,0,0,0,0]) = 3772688356
N(O(5, 10), 31, [0,2,0,0,0,0,0,0,0,0], [4,1,0,0,0,0,0,0,0,0]) = 34411535732
N(O(5, 10), 31, [0,2,0,0,0,0,0,0,0,0], [3,0,1,0,0,0,0,0,0,0]) = 39780289938
N(O(5, 10), 31, [0,2,0,0,0,0,0,0,0,0], [2,2,0,0,0,0,0,0,0,0]) = 73473800112
N(O(5, 10), 31, [0,2,0,0,0,0,0,0,0,0], [2,0,0,1,0,0,0,0,0,0]) = 38042634088
N(O(5, 10), 31, [0,2,0,0,0,0,0,0,0,0], [1,1,1,0,0,0,0,0,0,0]) = 103183769016
N(O(5, 10), 31, [0,2,0,0,0,0,0,0,0,0], [1,0,0,0,1,0,0,0,0,0]) = 29670676150
N(O(5, 10), 31, [0,2,0,0,0,0,0,0,0,0], [0,3,0,0,0,0,0,0,0,0]) = 20762490464
N(O(5, 10), 31, [0,2,0,0,0,0,0,0,0,0], [0,1,0,1,0,0,0,0,0,0]) = 41389507552
N(O(5, 10), 31, [0,2,0,0,0,0,0,0,0,0], [0,0,2,0,0,0,0,0,0,0]) = 23219463132
N(O(5, 10), 31, [0,2,0,0,0,0,0,0,0,0], [0,0,0,0,0,1,0,0,0,0]) = 15478451436
N(O(5, 10), 31, [0,0,0,1,0,0,0,0,0,0], [6,0,0,0,0,0,0,0,0,0]) = 3769371104
N(O(5, 10), 31, [0,0,0,1,0,0,0,0,0,0], [4,1,0,0,0,0,0,0,0,0]) = 34379985012
N(O(5, 10), 31, [0,0,0,1,0,0,0,0,0,0], [3,0,1,0,0,0,0,0,0,0]) = 39743191530
N(O(5, 10), 31, [0,0,0,1,0,0,0,0,0,0], [2,2,0,0,0,0,0,0,0,0]) = 73402654944
N(O(5, 10), 31, [0,0,0,1,0,0,0,0,0,0], [2,0,0,1,0,0,0,0,0,0]) = 38006416568
N(O(5, 10), 31, [0,0,0,1,0,0,0,0,0,0], [1,1,1,0,0,0,0,0,0,0]) = 103080641208
N(O(5, 10), 31, [0,0,0,1,0,0,0,0,0,0], [1,0,0,0,1,0,0,0,0,0]) = 29641506550
N(O(5, 10), 31, [0,0,0,1,0,0,0,0,0,0], [0,3,0,0,0,0,0,0,0,0]) = 20740742176
N(O(5, 10), 31, [0,0,0,1,0,0,0,0,0,0], [0,1,0,1,0,0,0,0,0,0]) = 41346046400
N(O(5, 10), 31, [0,0,0,1,0,0,0,0,0,0], [0,0,2,0,0,0,0,0,0,0]) = 23195032344
N(O(5, 10), 31, [0,0,0,1,0,0,0,0,0,0], [0,0,0,0,0,1,0,0,0,0]) = 15462164340
N(O(5, 10), 31, [3,0,0,0,0,0,0,0,0,0], [7,0,0,0,0,0,0,0,0,0]) = 4140515304
N(O(5, 10), 31, [3,0,0,0,0,0,0,0,0,0], [5,1,0,0,0,0,0,0,0,0]) = 45749102104
N(O(5, 10), 31, [3,0,0,0,0,0,0,0,0,0], [4,0,1,0,0,0,0,0,0,0]) = 55362099414
N(O(5, 10), 31, [3,0,0,0,0,0,0,0,0,0], [3,2,0,0,0,0,0,0,0,0]) = 138117468976
N(O(5, 10), 31, [3,0,0,0,0,0,0,0,0,0], [3,0,0,1,0,0,0,0,0,0]) = 56991062760
N(O(5, 10), 31, [3,0,0,0,0,0,0,0,0,0], [2,1,1,0,0,0,0,0,0,0]) = 236830732974
N(O(5, 10), 31, [3,0,0,0,0,0,0,0,0,0], [2,0,0,0,1,0,0,0,0,0]) = 51135510075
N(O(5, 10), 31, [3,0,0,0,0,0,0,0,0,0], [1,3,0,0,0,0,0,0,0,0]) = 97268044032
N(O(5, 10), 31, [3,0,0,0,0,0,0,0,0,0], [1,1,0,1,0,0,0,0,0,0]) = 148212373120
N(O(5, 10), 31, [3,0,0,0,0,0,0,0,0,0], [1,0,2,0,0,0,0,0,0,0]) = 83217634020
N(O(5, 10), 31, [3,0,0,0,0,0,0,0,0,0], [1,0,0,0,0,1,0,0,0,0]) = 38334013464
N(O(5, 10), 31, [3,0,0,0,0,0,0,0,0,0], [0,2,1,0,0,0,0,0,0,0]) = 100645642956
N(O(5, 10), 31, [3,0,0,0,0,0,0,0,0,0], [0,1,0,0,1,0,0,0,0,0]) = 55844398100
N(O(5, 10), 31, [3,0,0,0,0,0,0,0,0,0], [0,0,1,1,0,0,0,0,0,0]) = 66838073724
N(O(5, 10), 31, [3,0,0,0,0,0,0,0,0,0], [0,0,0,0,0,0,1,0,0,0]) = 19493718132
N(O(5, 10), 31, [1,1,0,0,0,0,0,0,0,0], [7,0,0,0,0,0,0,0,0,0]) = 3953189918
N(O(5, 10), 31, [1,1,0,0,0,0,0,0,0,0], [5,1,0,0,0,0,0,0,0,0]) = 43640039296
N(O(5, 10), 31, [1,1,0,0,0,0,0,0,0,0], [4,0,1,0,0,0,0,0,0,0]) = 52791136008
N(O(5, 10), 31, [1,1,0,0,0,0,0,0,0,0], [3,2,0,0,0,0,0,0,0,0]) = 131600874488
N(O(5, 10), 31, [1,1,0,0,0,0,0,0,0,0], [3,0,0,1,0,0,0,0,0,0]) = 54323128720
N(O(5, 10), 31, [1,1,0,0,0,0,0,0,0,0], [2,1,1,0,0,0,0,0,0,0]) = 225525512022
N(O(5, 10), 31, [1,1,0,0,0,0,0,0,0,0], [2,0,0,0,1,0,0,0,0,0]) = 48716732855
N(O(5, 10), 31, [1,1,0,0,0,0,0,0,0,0], [1,3,0,0,0,0,0,0,0,0]) = 92536143776
N(O(5, 10), 31, [1,1,0,0,0,0,0,0,0,0], [1,1,0,1,0,0,0,0,0,0]) = 141027580736
N(O(5, 10), 31, [1,1,0,0,0,0,0,0,0,0], [1,0,2,0,0,0,0,0,0,0]) = 79180295382
N(O(5, 10), 31, [1,1,0,0,0,0,0,0,0,0], [1,0,0,0,0,1,0,0,0,0]) = 36490862580
N(O(5, 10), 31, [1,1,0,0,0,0,0,0,0,0], [0,2,1,0,0,0,0,0,0,0]) = 95646941388
N(O(5, 10), 31, [1,1,0,0,0,0,0,0,0,0], [0,1,0,0,1,0,0,0,0,0]) = 53069275800
N(O(5, 10), 31, [1,1,0,0,0,0,0,0,0,0], [0,0,1,1,0,0,0,0,0,0]) = 63512737860
N(O(5, 10), 31, [1,1,0,0,0,0,0,0,0,0], [0,0,0,0,0,0,1,0,0,0]) = 18523841322
N(O(5, 10), 31, [0,0,1,0,0,0,0,0,0,0], [7,0,0,0,0,0,0,0,0,0]) = 3859598220
N(O(5, 10), 31, [0,0,1,0,0,0,0,0,0,0], [5,1,0,0,0,0,0,0,0,0]) = 42586334050
N(O(5, 10), 31, [0,0,1,0,0,0,0,0,0,0], [4,0,1,0,0,0,0,0,0,0]) = 51506674698
N(O(5, 10), 31, [0,0,1,0,0,0,0,0,0,0], [3,2,0,0,0,0,0,0,0,0]) = 128345233108
N(O(5, 10), 31, [0,0,1,0,0,0,0,0,0,0], [3,0,0,1,0,0,0,0,0,0]) = 52990235820
N(O(5, 10), 31, [0,0,1,0,0,0,0,0,0,0], [2,1,1,0,0,0,0,0,0,0]) = 219877600176
N(O(5, 10), 31, [0,0,1,0,0,0,0,0,0,0], [2,0,0,0,1,0,0,0,0,0]) = 47508335385
N(O(5, 10), 31, [0,0,1,0,0,0,0,0,0,0], [1,3,0,0,0,0,0,0,0,0]) = 90172223112
N(O(5, 10), 31, [0,0,1,0,0,0,0,0,0,0], [1,1,0,1,0,0,0,0,0,0]) = 137438247424
N(O(5, 10), 31, [0,0,1,0,0,0,0,0,0,0], [1,0,2,0,0,0,0,0,0,0]) = 77163348663
N(O(5, 10), 31, [0,0,1,0,0,0,0,0,0,0], [1,0,0,0,0,1,0,0,0,0]) = 35570062434
N(O(5, 10), 31, [0,0,1,0,0,0,0,0,0,0], [0,2,1,0,0,0,0,0,0,0]) = 93149807808
N(O(5, 10), 31, [0,0,1,0,0,0,0,0,0,0], [0,1,0,0,1,0,0,0,0,0]) = 51682946300
N(O(5, 10), 31, [0,0,1,0,0,0,0,0,0,0], [0,0,1,1,0,0,0,0,0,0]) = 61851547584
N(O(5, 10), 31, [0,0,1,0,0,0,0,0,0,0], [0,0,0,0,0,0,1,0,0,0]) = 18039333900
N(O(5, 10), 31, [2,0,0,0,0,0,0,0,0,0], [8,0,0,0,0,0,0,0,0,0]) = 4140515304
N(O(5, 10), 31, [2,0,0,0,0,0,0,0,0,0], [6,1,0,0,0,0,0,0,0,0]) = 53655481940
N(O(5, 10), 31, [2,0,0,0,0,0,0,0,0,0], [5,0,1,0,0,0,0,0,0,0]) = 66940894074
N(O(5, 10), 31, [2,0,0,0,0,0,0,0,0,0], [4,2,0,0,0,0,0,0,0,0]) = 210306794144
N(O(5, 10), 31, [2,0,0,0,0,0,0,0,0,0], [4,0,0,1,0,0,0,0,0,0]) = 72068546168
N(O(5, 10), 31, [2,0,0,0,0,0,0,0,0,0], [3,1,1,0,0,0,0,0,0,0]) = 403886879340
N(O(5, 10), 31, [2,0,0,0,0,0,0,0,0,0], [3,0,0,0,1,0,0,0,0,0]) = 69539542480
N(O(5, 10), 31, [2,0,0,0,0,0,0,0,0,0], [2,3,0,0,0,0,0,0,0,0]) = 251614232528
N(O(5, 10), 31, [2,0,0,0,0,0,0,0,0,0], [2,1,0,1,0,0,0,0,0,0]) = 308084896224
N(O(5, 10), 31, [2,0,0,0,0,0,0,0,0,0], [2,0,2,0,0,0,0,0,0,0]) = 173045485638
N(O(5, 10), 31, [2,0,0,0,0,0,0,0,0,0], [2,0,0,0,0,1,0,0,0,0]) = 59883384660
N(O(5, 10), 31, [2,0,0,0,0,0,0,0,0,0], [1,2,1,0,0,0,0,0,0,0]) = 426199094808
N(O(5, 10), 31, [2,0,0,0,0,0,0,0,0,0], [1,1,0,0,1,0,0,0,0,0]) = 180686417580
N(O(5, 10), 31, [2,0,0,0,0,0,0,0,0,0], [1,0,1,1,0,0,0,0,0,0]) = 216418886760
N(O(5, 10), 31, [2,0,0,0,0,0,0,0,0,0], [1,0,0,0,0,0,1,0,0,0]) = 43626818298
N(O(5, 10), 31, [2,0,0,0,0,0,0,0,0,0], [0,4,0,0,0,0,0,0,0,0]) = 43704832192
N(O(5, 10), 31, [2,0,0,0,0,0,0,0,0,0], [0,2,0,1,0,0,0,0,0,0]) = 130790983456
N(O(5, 10), 31, [2,0,0,0,0,0,0,0,0,0], [0,1,2,0,0,0,0,0,0,0]) = 146859671916
N(O(5, 10), 31, [2,0,0,0,0,0,0,0,0,0], [0,1,0,0,0,1,0,0,0,0]) = 65314613448
N(O(5, 10), 31, [2,0,0,0,0,0,0,0,0,0], [0,0,1,0,1,0,0,0,0,0]) = 81427268760
N(O(5, 10), 31, [2,0,0,0,0,0,0,0,0,0], [0,0,0,2,0,0,0,0,0,0]) = 43426289248
N(O(5, 10), 31, [2,0,0,0,0,0,0,0,0,0], [0,0,0,0,0,0,0,1,0,0]) = 21713130048
N(O(5, 10), 31, [0,1,0,0,0,0,0,0,0,0], [8,0,0,0,0,0,0,0,0,0]) = 3953189918
N(O(5, 10), 31, [0,1,0,0,0,0,0,0,0,0], [6,1,0,0,0,0,0,0,0,0]) = 51185416008
N(O(5, 10), 31, [0,1,0,0,0,0,0,0,0,0], [5,0,1,0,0,0,0,0,0,0]) = 63838657812
N(O(5, 10), 31, [0,1,0,0,0,0,0,0,0,0], [4,2,0,0,0,0,0,0,0,0]) = 200423945952
N(O(5, 10), 31, [0,1,0,0,0,0,0,0,0,0], [4,0,0,1,0,0,0,0,0,0]) = 68705519112
N(O(5, 10), 31, [0,1,0,0,0,0,0,0,0,0], [3,1,1,0,0,0,0,0,0,0]) = 384726279324
N(O(5, 10), 31, [0,1,0,0,0,0,0,0,0,0], [3,0,0,0,1,0,0,0,0,0]) = 66268254340
N(O(5, 10), 31, [0,1,0,0,0,0,0,0,0,0], [2,3,0,0,0,0,0,0,0,0]) = 239483744000
N(O(5, 10), 31, [0,1,0,0,0,0,0,0,0,0], [2,1,0,1,0,0,0,0,0,0]) = 293304243024
N(O(5, 10), 31, [0,1,0,0,0,0,0,0,0,0], [2,0,2,0,0,0,0,0,0,0]) = 164738178540
N(O(5, 10), 31, [0,1,0,0,0,0,0,0,0,0], [2,0,0,0,0,1,0,0,0,0]) = 57036771720
N(O(5, 10), 31, [0,1,0,0,0,0,0,0,0,0], [1,2,1,0,0,0,0,0,0,0]) = 405344505456
N(O(5, 10), 31, [0,1,0,0,0,0,0,0,0,0], [1,1,0,0,1,0,0,0,0,0]) = 171882436580
N(O(5, 10), 31, [0,1,0,0,0,0,0,0,0,0], [1,0,1,1,0,0,0,0,0,0]) = 205865061288
N(O(5, 10), 31, [0,1,0,0,0,0,0,0,0,0], [1,0,0,0,0,0,1,0,0,0]) = 41518524922
N(O(5, 10), 31, [0,1,0,0,0,0,0,0,0,0], [0,4,0,0,0,0,0,0,0,0]) = 41524980928
N(O(5, 10), 31, [0,1,0,0,0,0,0,0,0,0], [0,2,0,1,0,0,0,0,0,0]) = 124260499456
N(O(5, 10), 31, [0,1,0,0,0,0,0,0,0,0], [0,1,2,0,0,0,0,0,0,0]) = 139520696112
N(O(5, 10), 31, [0,1,0,0,0,0,0,0,0,0], [0,1,0,0,0,1,0,0,0,0]) = 62051638896
N(O(5, 10), 31, [0,1,0,0,0,0,0,0,0,0], [0,0,1,0,1,0,0,0,0,0]) = 77354509950
N(O(5, 10), 31, [0,1,0,0,0,0,0,0,0,0], [0,0,0,2,0,0,0,0,0,0]) = 41254180000
N(O(5, 10), 31, [0,1,0,0,0,0,0,0,0,0], [0,0,0,0,0,0,0,1,0,0]) = 20627075552
N(O(5, 10), 31, [1,0,0,0,0,0,0,0,0,0], [9,0,0,0,0,0,0,0,0,0]) = 4140515304
N(O(5, 10), 31, [1,0,0,0,0,0,0,0,0,0], [7,1,0,0,0,0,0,0,0,0]) = 61561861776
N(O(5, 10), 31, [1,0,0,0,0,0,0,0,0,0], [6,0,1,0,0,0,0,0,0,0]) = 78519688734
N(O(5, 10), 31, [1,0,0,0,0,0,0,0,0,0], [5,2,0,0,0,0,0,0,0,0]) = 297586872736
N(O(5, 10), 31, [1,0,0,0,0,0,0,0,0,0], [5,0,0,1,0,0,0,0,0,0]) = 87146030584
N(O(5, 10), 31, [1,0,0,0,0,0,0,0,0,0], [4,1,1,0,0,0,0,0,0,0]) = 615133109898
N(O(5, 10), 31, [1,0,0,0,0,0,0,0,0,0], [4,0,0,0,1,0,0,0,0,0]) = 87943785515
N(O(5, 10), 31, [1,0,0,0,0,0,0,0,0,0], [3,3,0,0,0,0,0,0,0,0]) = 514815981504
N(O(5, 10), 31, [1,0,0,0,0,0,0,0,0,0], [3,1,0,1,0,0,0,0,0,0]) = 525486312928
N(O(5, 10), 31, [1,0,0,0,0,0,0,0,0,0], [3,0,2,0,0,0,0,0,0,0]) = 295219234494
N(O(5, 10), 31, [1,0,0,0,0,0,0,0,0,0], [3,0,0,0,0,1,0,0,0,0]) = 81447042624
N(O(5, 10), 31, [1,0,0,0,0,0,0,0,0,0], [2,2,1,0,0,0,0,0,0,0]) = 1103005443324
N(O(5, 10), 31, [1,0,0,0,0,0,0,0,0,0], [2,1,0,0,1,0,0,0,0,0]) = 375687738760
N(O(5, 10), 31, [1,0,0,0,0,0,0,0,0,0], [2,0,1,1,0,0,0,0,0,0]) = 450152660484
N(O(5, 10), 31, [1,0,0,0,0,0,0,0,0,0], [2,0,0,0,0,0,1,0,0,0]) = 68171271693
N(O(5, 10), 31, [1,0,0,0,0,0,0,0,0,0], [1,4,0,0,0,0,0,0,0,0]) = 228777119744
N(O(5, 10), 31, [1,0,0,0,0,0,0,0,0,0], [1,2,0,1,0,0,0,0,0,0]) = 554073976480
N(O(5, 10), 31, [1,0,0,0,0,0,0,0,0,0], [1,1,2,0,0,0,0,0,0,0]) = 622385835084
N(O(5, 10), 31, [1,0,0,0,0,0,0,0,0,0], [1,1,0,0,0,1,0,0,0,0]) = 211436653248
N(O(5, 10), 31, [1,0,0,0,0,0,0,0,0,0], [1,0,1,0,1,0,0,0,0,0]) = 263796643770
N(O(5, 10), 31, [1,0,0,0,0,0,0,0,0,0], [1,0,0,2,0,0,0,0,0,0]) = 140687929024
N(O(5, 10), 31, [1,0,0,0,0,0,0,0,0,0], [1,0,0,0,0,0,0,1,0,0]) = 48630801584
N(O(5, 10), 31, [1,0,0,0,0,0,0,0,0,0], [0,3,1,0,0,0,0,0,0,0]) = 255150500040
N(O(5, 10), 31, [1,0,0,0,0,0,0,0,0,0], [0,2,0,0,1,0,0,0,0,0]) = 159324388960
N(O(5, 10), 31, [1,0,0,0,0,0,0,0,0,0], [0,1,1,1,0,0,0,0,0,0]) = 381631481520
N(O(5, 10), 31, [1,0,0,0,0,0,0,0,0,0], [0,1,0,0,0,0,1,0,0,0]) = 74258377256
N(O(5, 10), 31, [1,0,0,0,0,0,0,0,0,0], [0,0,3,0,0,0,0,0,0,0]) = 71417862783
N(O(5, 10), 31, [1,0,0,0,0,0,0,0,0,0], [0,0,1,0,0,1,0,0,0,0]) = 95219466822
N(O(5, 10), 31, [1,0,0,0,0,0,0,0,0,0], [0,0,0,1,1,0,0,0,0,0]) = 105795439200
N(O(5, 10), 31, [1,0,0,0,0,0,0,0,0,0], [0,0,0,0,0,0,0,0,1,0]) = 23803965621
N(O(5, 10), 31, [0,0,0,0,0,0,0,0,0,0], [10,0,0,0,0,0,0,0,0,0]) = 4140515304
N(O(5, 10), 31, [0,0,0,0,0,0,0,0,0,0], [8,1,0,0,0,0,0,0,0,0]) = 69468241612
N(O(5, 10), 31, [0,0,0,0,0,0,0,0,0,0], [7,0,1,0,0,0,0,0,0,0]) = 90098483394
N(O(5, 10), 31, [0,0,0,0,0,0,0,0,0,0], [6,2,0,0,0,0,0,0,0,0]) = 399957704752
N(O(5, 10), 31, [0,0,0,0,0,0,0,0,0,0], [6,0,0,1,0,0,0,0,0,0]) = 102223515000
N(O(5, 10), 31, [0,0,0,0,0,0,0,0,0,0], [5,1,1,0,0,0,0,0,0,0]) = 870569427672
N(O(5, 10), 31, [0,0,0,0,0,0,0,0,0,0], [5,0,0,0,1,0,0,0,0,0]) = 106348029810
N(O(5, 10), 31, [0,0,0,0,0,0,0,0,0,0], [4,3,0,0,0,0,0,0,0,0]) = 915663873408
N(O(5, 10), 31, [0,0,0,0,0,0,0,0,0,0], [4,1,0,1,0,0,0,0,0,0]) = 800417291200
N(O(5, 10), 31, [0,0,0,0,0,0,0,0,0,0], [4,0,2,0,0,0,0,0,0,0]) = 449739258588
N(O(5, 10), 31, [0,0,0,0,0,0,0,0,0,0], [4,0,0,0,0,1,0,0,0,0]) = 103010952588
N(O(5, 10), 31, [0,0,0,0,0,0,0,0,0,0], [3,2,1,0,0,0,0,0,0,0]) = 2257493701296
N(O(5, 10), 31, [0,0,0,0,0,0,0,0,0,0], [3,1,0,0,1,0,0,0,0,0]) = 640895150920
N(O(5, 10), 31, [0,0,0,0,0,0,0,0,0,0], [3,0,1,1,0,0,0,0,0,0]) = 768096134064
N(O(5, 10), 31, [0,0,0,0,0,0,0,0,0,0], [3,0,0,0,0,0,1,0,0,0]) = 92732274600
N(O(5, 10), 31, [0,0,0,0,0,0,0,0,0,0], [2,4,0,0,0,0,0,0,0,0]) = 707744607744
N(O(5, 10), 31, [0,0,0,0,0,0,0,0,0,0], [2,2,0,1,0,0,0,0,0,0]) = 1434293082304
N(O(5, 10), 31, [0,0,0,0,0,0,0,0,0,0], [2,1,2,0,0,0,0,0,0,0]) = 1611494992692
N(O(5, 10), 31, [0,0,0,0,0,0,0,0,0,0], [2,1,0,0,0,1,0,0,0,0]) = 439742929032
N(O(5, 10), 31, [0,0,0,0,0,0,0,0,0,0], [2,0,1,0,1,0,0,0,0,0]) = 548849229300
N(O(5, 10), 31, [0,0,0,0,0,0,0,0,0,0], [2,0,0,2,0,0,0,0,0,0]) = 292713595296
N(O(5, 10), 31, [0,0,0,0,0,0,0,0,0,0], [2,0,0,0,0,0,0,1,0,0]) = 76012811440
N(O(5, 10), 31, [0,0,0,0,0,0,0,0,0,0], [1,3,1,0,0,0,0,0,0,0]) = 1336356180288
N(O(5, 10), 31, [0,0,0,0,0,0,0,0,0,0], [1,2,0,0,1,0,0,0,0,0]) = 675218719800
N(O(5, 10), 31, [0,0,0,0,0,0,0,0,0,0], [1,1,1,1,0,0,0,0,0,0]) = 1617998911200
N(O(5, 10), 31, [0,0,0,0,0,0,0,0,0,0], [1,1,0,0,0,0,1,0,0,0]) = 240515095436
N(O(5, 10), 31, [0,0,0,0,0,0,0,0,0,0], [1,0,3,0,0,0,0,0,0,0]) = 302907908772
N(O(5, 10), 31, [0,0,0,0,0,0,0,0,0,0], [1,0,1,0,0,1,0,0,0,0]) = 308642900220
N(O(5, 10), 31, [0,0,0,0,0,0,0,0,0,0], [1,0,0,1,1,0,0,0,0,0]) = 342927520400
N(O(5, 10), 31, [0,0,0,0,0,0,0,0,0,0], [1,0,0,0,0,0,0,0,1,0]) = 53354707974
N(O(5, 10), 31, [0,0,0,0,0,0,0,0,0,0], [0,5,0,0,0,0,0,0,0,0]) = 83049961856
N(O(5, 10), 31, [0,0,0,0,0,0,0,0,0,0], [0,3,0,1,0,0,0,0,0,0]) = 331483967616
N(O(5, 10), 31, [0,0,0,0,0,0,0,0,0,0], [0,2,2,0,0,0,0,0,0,0]) = 558490815648
N(O(5, 10), 31, [0,0,0,0,0,0,0,0,0,0], [0,2,0,0,0,1,0,0,0,0]) = 186292881888
N(O(5, 10), 31, [0,0,0,0,0,0,0,0,0,0], [0,1,1,0,1,0,0,0,0,0]) = 464811420900
N(O(5, 10), 31, [0,0,0,0,0,0,0,0,0,0], [0,1,0,2,0,0,0,0,0,0]) = 247892545600
N(O(5, 10), 31, [0,0,0,0,0,0,0,0,0,0], [0,1,0,0,0,0,0,1,0,0]) = 82692057376
N(O(5, 10), 31, [0,0,0,0,0,0,0,0,0,0], [0,0,2,1,0,0,0,0,0,0]) = 278334772128
N(O(5, 10), 31, [0,0,0,0,0,0,0,0,0,0], [0,0,1,0,0,0,1,0,0,0]) = 108239308758
N(O(5, 10), 31, [0,0,0,0,0,0,0,0,0,0], [0,0,0,1,0,1,0,0,0,0]) = 123697348272
N(O(5, 10), 31, [0,0,0,0,0,0,0,0,0,0], [0,0,0,0,2,0,0,0,0,0]) = 64425679850
N(O(5, 10), 31, [0,0,0,0,0,0,0,0,0,0], [0,0,0,0,0,0,0,0,0,1]) = 25770271860
