N(O(5, 10), 26, [10,0,0,0,0,0,0,0,0,0], [0,0,0,0,0,0,0,0,0,0]) = 9123275247260436
N(O(5, 10), 26, [8,1,0,0,0,0,0,0,0,0], [0,0,0,0,0,0,0,0,0,0]) = 8110547614576915
N(O(5, 10), 26, [7,0,1,0,0,0,0,0,0,0], [0,0,0,0,0,0,0,0,0,0]) = 7607633652230442
N(O(5, 10), 26, [6,2,0,0,0,0,0,0,0,0], [0,0,0,0,0,0,0,0,0,0]) = 7199486775557182
N(O(5, 10), 26, [6,0,0,1,0,0,0,0,0,0], [0,0,0,0,0,0,0,0,0,0]) = 7153253012336790
N(O(5, 10), 26, [5,1,1,0,0,0,0,0,0,0], [0,0,0,0,0,0,0,0,0,0]) = 6747135678448771
N(O(5, 10), 26, [5,0,0,0,1,0,0,0,0,0], [0,0,0,0,0,0,0,0,0,0]) = 6724063756650891
N(O(5, 10), 26, [4,3,0,0,0,0,0,0,0,0], [0,0,0,0,0,0,0,0,0,0]) = 6380984543269989
N(O(5, 10), 26, [4,1,0,1,0,0,0,0,0,0], [0,0,0,0,0,0,0,0,0,0]) = 6338944172414725
N(O(5, 10), 26, [4,0,2,0,0,0,0,0,0,0], [0,0,0,0,0,0,0,0,0,0]) = 6319931133308835
N(O(5, 10), 26, [4,0,0,0,0,1,0,0,0,0], [0,0,0,0,0,0,0,0,0,0]) = 6317924109600759
N(O(5, 10), 26, [3,2,1,0,0,0,0,0,0,0], [0,0,0,0,0,0,0,0,0,0]) = 5974660440666112
N(O(5, 10), 26, [3,1,0,0,1,0,0,0,0,0], [0,0,0,0,0,0,0,0,0,0]) = 5953682183697240
N(O(5, 10), 26, [3,0,1,1,0,0,0,0,0,0], [0,0,0,0,0,0,0,0,0,0]) = 5934708168153684
N(O(5, 10), 26, [3,0,0,0,0,0,1,0,0,0], [0,0,0,0,0,0,0,0,0,0]) = 5933706088312068
N(O(5, 10), 26, [2,4,0,0,0,0,0,0,0,0], [0,0,0,0,0,0,0,0,0,0]) = 5646648835731672
N(O(5, 10), 26, [2,2,0,1,0,0,0,0,0,0], [0,0,0,0,0,0,0,0,0,0]) = 5608468101485760
N(O(5, 10), 26, [2,1,2,0,0,0,0,0,0,0], [0,0,0,0,0,0,0,0,0,0]) = 5591224048752694
N(O(5, 10), 26, [2,1,0,0,0,1,0,0,0,0], [0,0,0,0,0,0,0,0,0,0]) = 5589377851410954
N(O(5, 10), 26, [2,0,1,0,1,0,0,0,0,0], [0,0,0,0,0,0,0,0,0,0]) = 5571288328156392
N(O(5, 10), 26, [2,0,0,2,0,0,0,0,0,0], [0,0,0,0,0,0,0,0,0,0]) = 5570442781457608
N(O(5, 10), 26, [2,0,0,0,0,0,0,1,0,0], [0,0,0,0,0,0,0,0,0,0]) = 5570365230412928
N(O(5, 10), 26, [1,3,1,0,0,0,0,0,0,0], [0,0,0,0,0,0,0,0,0,0]) = 5282172885548073
N(O(5, 10), 26, [1,2,0,0,1,0,0,0,0,0], [0,0,0,0,0,0,0,0,0,0]) = 5263121585974157
N(O(5, 10), 26, [1,1,1,1,0,0,0,0,0,0], [0,0,0,0,0,0,0,0,0,0]) = 5245913860642993
N(O(5, 10), 26, [1,1,0,0,0,0,1,0,0,0], [0,0,0,0,0,0,0,0,0,0]) = 5244992112537489
N(O(5, 10), 26, [1,0,3,0,0,0,0,0,0,0], [0,0,0,0,0,0,0,0,0,0]) = 5229550485301311
N(O(5, 10), 26, [1,0,1,0,0,1,0,0,0,0], [0,0,0,0,0,0,0,0,0,0]) = 5227784462457447
N(O(5, 10), 26, [1,0,0,1,1,0,0,0,0,0], [0,0,0,0,0,0,0,0,0,0]) = 5226940186793275
N(O(5, 10), 26, [1,0,0,0,0,0,0,0,1,0], [0,0,0,0,0,0,0,0,0,0]) = 5226901451036046
N(O(5, 10), 26, [0,5,0,0,0,0,0,0,0,0], [0,0,0,0,0,0,0,0,0,0]) = 4988755329088807
N(O(5, 10), 26, [0,3,0,1,0,0,0,0,0,0], [0,0,0,0,0,0,0,0,0,0]) = 4954123284011543
N(O(5, 10), 26, [0,2,2,0,0,0,0,0,0,0], [0,0,0,0,0,0,0,0,0,0]) = 4938503807769721
N(O(5, 10), 26, [0,2,0,0,0,1,0,0,0,0], [0,0,0,0,0,0,0,0,0,0]) = 4936807373144701
N(O(5, 10), 26, [0,1,1,0,1,0,0,0,0,0], [0,0,0,0,0,0,0,0,0,0]) = 4920411935192571
N(O(5, 10), 26, [0,1,0,2,0,0,0,0,0,0], [0,0,0,0,0,0,0,0,0,0]) = 4919635900826167
N(O(5, 10), 26, [0,1,0,0,0,0,0,1,0,0], [0,0,0,0,0,0,0,0,0,0]) = 4919563718775943
N(O(5, 10), 26, [0,0,2,1,0,0,0,0,0,0], [0,0,0,0,0,0,0,0,0,0]) = 4904083541858679
N(O(5, 10), 26, [0,0,1,0,0,0,1,0,0,0], [0,0,0,0,0,0,0,0,0,0]) = 4903201840325871
N(O(5, 10), 26, [0,0,0,1,0,1,0,0,0,0], [0,0,0,0,0,0,0,0,0,0]) = 4902392320812827
N(O(5, 10), 26, [0,0,0,0,2,0,0,0,0,0], [0,0,0,0,0,0,0,0,0,0]) = 4902358834801296
N(O(5, 10), 26, [0,0,0,0,0,0,0,0,0,1], [0,0,0,0,0,0,0,0,0,0]) = 4902356229803122
N(O(5, 10), 26, [9,0,0,0,0,0,0,0,0,0], [1,0,0,0,0,0,0,0,0,0]) = 13556393100618919
N(O(5, 10), 26, [7,1,0,0,0,0,0,0,0,0], [1,0,0,0,0,0,0,0,0,0]) = 12133860929205896
N(O(5, 10), 26, [6,0,1,0,0,0,0,0,0,0], [1,0,0,0,0,0,0,0,0,0]) = 11427041936377672
N(O(5, 10), 26, [5,2,0,0,0,0,0,0,0,0], [1,0,0,0,0,0,0,0,0,0]) = 10846385132074729
N(O(5, 10), 26, [5,0,0,1,0,0,0,0,0,0], [1,0,0,0,0,0,0,0,0,0]) = 10784786204550187
N(O(5, 10), 26, [4,1,1,0,0,0,0,0,0,0], [1,0,0,0,0,0,0,0,0,0]) = 10206763738975349
N(O(5, 10), 26, [4,0,0,0,1,0,0,0,0,0], [1,0,0,0,0,0,0,0,0,0]) = 10176019224949099
N(O(5, 10), 26, [3,3,0,0,0,0,0,0,0,0], [1,0,0,0,0,0,0,0,0,0]) = 9682507744058186
N(O(5, 10), 26, [3,1,0,1,0,0,0,0,0,0], [1,0,0,0,0,0,0,0,0,0]) = 9626197024348852
N(O(5, 10), 26, [3,0,2,0,0,0,0,0,0,0], [1,0,0,0,0,0,0,0,0,0]) = 9600576287285293
N(O(5, 10), 26, [3,0,0,0,0,1,0,0,0,0], [1,0,0,0,0,0,0,0,0,0]) = 9598041803242061
N(O(5, 10), 26, [2,2,1,0,0,0,0,0,0,0], [1,0,0,0,0,0,0,0,0,0]) = 9104376143259850
N(O(5, 10), 26, [2,1,0,0,1,0,0,0,0,0], [1,0,0,0,0,0,0,0,0,0]) = 9076272210284346
N(O(5, 10), 26, [2,0,1,1,0,0,0,0,0,0], [1,0,0,0,0,0,0,0,0,0]) = 9050699520212584
N(O(5, 10), 26, [2,0,0,0,0,0,1,0,0,0], [1,0,0,0,0,0,0,0,0,0]) = 9049433945009820
N(O(5, 10), 26, [1,4,0,0,0,0,0,0,0,0], [1,0,0,0,0,0,0,0,0,0]) = 8631625951736923
N(O(5, 10), 26, [1,2,0,1,0,0,0,0,0,0], [1,0,0,0,0,0,0,0,0,0]) = 8580204097237557
N(O(5, 10), 26, [1,1,2,0,0,0,0,0,0,0], [1,0,0,0,0,0,0,0,0,0]) = 8556835149030848
N(O(5, 10), 26, [1,1,0,0,0,1,0,0,0,0], [1,0,0,0,0,0,0,0,0,0]) = 8554493302705372
N(O(5, 10), 26, [1,0,1,0,1,0,0,0,0,0], [1,0,0,0,0,0,0,0,0,0]) = 8530046506073617
N(O(5, 10), 26, [1,0,0,2,0,0,0,0,0,0], [1,0,0,0,0,0,0,0,0,0]) = 8528968571179995
N(O(5, 10), 26, [1,0,0,0,0,0,0,1,0,0], [1,0,0,0,0,0,0,0,0,0]) = 8528875583915757
N(O(5, 10), 26, [0,3,1,0,0,0,0,0,0,0], [1,0,0,0,0,0,0,0,0,0]) = 8109702775200887
N(O(5, 10), 26, [0,2,0,0,1,0,0,0,0,0], [1,0,0,0,0,0,0,0,0,0]) = 8084039941183369
N(O(5, 10), 26, [0,1,1,1,0,0,0,0,0,0], [1,0,0,0,0,0,0,0,0,0]) = 8060715889364773
N(O(5, 10), 26, [0,1,0,0,0,0,1,0,0,0], [1,0,0,0,0,0,0,0,0,0]) = 8059546542504295
N(O(5, 10), 26, [0,0,3,0,0,0,0,0,0,0], [1,0,0,0,0,0,0,0,0,0]) = 8038468369041109
N(O(5, 10), 26, [0,0,1,0,0,1,0,0,0,0], [1,0,0,0,0,0,0,0,0,0]) = 8036222576150663
N(O(5, 10), 26, [0,0,0,1,1,0,0,0,0,0], [1,0,0,0,0,0,0,0,0,0]) = 8035146129117447
N(O(5, 10), 26, [0,0,0,0,0,0,0,0,1,0], [1,0,0,0,0,0,0,0,0,0]) = 8035099679705983
N(O(5, 10), 26, [8,0,0,0,0,0,0,0,0,0], [2,0,0,0,0,0,0,0,0,0]) = 14492420781805581
N(O(5, 10), 26, [8,0,0,0,0,0,0,0,0,0], [0,1,0,0,0,0,0,0,0,0]) = 16591179877298930
N(O(5, 10), 26, [6,1,0,0,0,0,0,0,0,0], [2,0,0,0,0,0,0,0,0,0]) = 12999832156147828
N(O(5, 10), 26, [6,1,0,0,0,0,0,0,0,0], [0,1,0,0,0,0,0,0,0,0]) = 14738689295606528
N(O(5, 10), 26, [5,0,1,0,0,0,0,0,0,0], [2,0,0,0,0,0,0,0,0,0]) = 12258099603898644
N(O(5, 10), 26, [5,0,1,0,0,0,0,0,0,0], [0,1,0,0,0,0,0,0,0,0]) = 13818858691597370
N(O(5, 10), 26, [4,2,0,0,0,0,0,0,0,0], [2,0,0,0,0,0,0,0,0,0]) = 11646769631962967
N(O(5, 10), 26, [4,2,0,0,0,0,0,0,0,0], [0,1,0,0,0,0,0,0,0,0]) = 13073468864995502
N(O(5, 10), 26, [4,0,0,1,0,0,0,0,0,0], [2,0,0,0,0,0,0,0,0,0]) = 11583088729810007
N(O(5, 10), 26, [4,0,0,1,0,0,0,0,0,0], [0,1,0,0,0,0,0,0,0,0]) = 12988386376453714
N(O(5, 10), 26, [3,1,1,0,0,0,0,0,0,0], [2,0,0,0,0,0,0,0,0,0]) = 10974464524755655
N(O(5, 10), 26, [3,1,1,0,0,0,0,0,0,0], [0,1,0,0,0,0,0,0,0,0]) = 12246765939481304
N(O(5, 10), 26, [3,0,0,0,1,0,0,0,0,0], [2,0,0,0,0,0,0,0,0,0]) = 10942679858819531
N(O(5, 10), 26, [3,0,0,0,1,0,0,0,0,0], [0,1,0,0,0,0,0,0,0,0]) = 12204309014796840
N(O(5, 10), 26, [2,3,0,0,0,0,0,0,0,0], [2,0,0,0,0,0,0,0,0,0]) = 10421539472251758
N(O(5, 10), 26, [2,3,0,0,0,0,0,0,0,0], [0,1,0,0,0,0,0,0,0,0]) = 11578606043181532
N(O(5, 10), 26, [2,1,0,1,0,0,0,0,0,0], [2,0,0,0,0,0,0,0,0,0]) = 10363257972807970
N(O(5, 10), 26, [2,1,0,1,0,0,0,0,0,0], [0,1,0,0,0,0,0,0,0,0]) = 11501303311267984
N(O(5, 10), 26, [2,0,2,0,0,0,0,0,0,0], [2,0,0,0,0,0,0,0,0,0]) = 10336705774588467
N(O(5, 10), 26, [2,0,2,0,0,0,0,0,0,0], [0,1,0,0,0,0,0,0,0,0]) = 11466373891812098
N(O(5, 10), 26, [2,0,0,0,0,1,0,0,0,0], [2,0,0,0,0,0,0,0,0,0]) = 10334117362523169
N(O(5, 10), 26, [2,0,0,0,0,1,0,0,0,0], [0,1,0,0,0,0,0,0,0,0]) = 11462652179857726
N(O(5, 10), 26, [1,2,1,0,0,0,0,0,0,0], [2,0,0,0,0,0,0,0,0,0]) = 9812836283346722
N(O(5, 10), 26, [1,2,1,0,0,0,0,0,0,0], [0,1,0,0,0,0,0,0,0,0]) = 10836609029926886
N(O(5, 10), 26, [1,1,0,0,1,0,0,0,0,0], [2,0,0,0,0,0,0,0,0,0]) = 9783747768156918
N(O(5, 10), 26, [1,1,0,0,1,0,0,0,0,0], [0,1,0,0,0,0,0,0,0,0]) = 10798036243899038
N(O(5, 10), 26, [1,0,1,1,0,0,0,0,0,0], [2,0,0,0,0,0,0,0,0,0]) = 9757244397530588
N(O(5, 10), 26, [1,0,1,1,0,0,0,0,0,0], [0,1,0,0,0,0,0,0,0,0]) = 10763179906696978
N(O(5, 10), 26, [1,0,0,0,0,0,1,0,0,0], [2,0,0,0,0,0,0,0,0,0]) = 9755951871727697
N(O(5, 10), 26, [1,0,0,0,0,0,1,0,0,0], [0,1,0,0,0,0,0,0,0,0]) = 10761321760465900
N(O(5, 10), 26, [0,4,0,0,0,0,0,0,0,0], [2,0,0,0,0,0,0,0,0,0]) = 9313312941758801
N(O(5, 10), 26, [0,4,0,0,0,0,0,0,0,0], [0,1,0,0,0,0,0,0,0,0]) = 10238530007972298
N(O(5, 10), 26, [0,2,0,1,0,0,0,0,0,0], [2,0,0,0,0,0,0,0,0,0]) = 9260026799559753
N(O(5, 10), 26, [0,2,0,1,0,0,0,0,0,0], [0,1,0,0,0,0,0,0,0,0]) = 10168382178678494
N(O(5, 10), 26, [0,1,2,0,0,0,0,0,0,0], [2,0,0,0,0,0,0,0,0,0]) = 9235777340255842
N(O(5, 10), 26, [0,1,2,0,0,0,0,0,0,0], [0,1,0,0,0,0,0,0,0,0]) = 10136729230433816
N(O(5, 10), 26, [0,1,0,0,0,1,0,0,0,0], [2,0,0,0,0,0,0,0,0,0]) = 9233383861856336
N(O(5, 10), 26, [0,1,0,0,0,1,0,0,0,0], [0,1,0,0,0,0,0,0,0,0]) = 10133308487817036
N(O(5, 10), 26, [0,0,1,0,1,0,0,0,0,0], [2,0,0,0,0,0,0,0,0,0]) = 9208031859696764
N(O(5, 10), 26, [0,0,1,0,1,0,0,0,0,0], [0,1,0,0,0,0,0,0,0,0]) = 10100090384485680
N(O(5, 10), 26, [0,0,0,2,0,0,0,0,0,0], [2,0,0,0,0,0,0,0,0,0]) = 9206929229923657
N(O(5, 10), 26, [0,0,0,2,0,0,0,0,0,0], [0,1,0,0,0,0,0,0,0,0]) = 10098525083795018
N(O(5, 10), 26, [0,0,0,0,0,0,0,1,0,0], [2,0,0,0,0,0,0,0,0,0]) = 9206835121503657
N(O(5, 10), 26, [0,0,0,0,0,0,0,1,0,0], [0,1,0,0,0,0,0,0,0,0]) = 10098380014970446
N(O(5, 10), 26, [7,0,0,0,0,0,0,0,0,0], [3,0,0,0,0,0,0,0,0,0]) = 14602681209259468
N(O(5, 10), 26, [7,0,0,0,0,0,0,0,0,0], [1,1,0,0,0,0,0,0,0,0]) = 40986615118465394
N(O(5, 10), 26, [7,0,0,0,0,0,0,0,0,0], [0,0,1,0,0,0,0,0,0,0]) = 22845483372374406
N(O(5, 10), 26, [5,1,0,0,0,0,0,0,0,0], [3,0,0,0,0,0,0,0,0,0]) = 13103651455426021
N(O(5, 10), 26, [5,1,0,0,0,0,0,0,0,0], [1,1,0,0,0,0,0,0,0,0]) = 36550958836549898
N(O(5, 10), 26, [5,1,0,0,0,0,0,0,0,0], [0,0,1,0,0,0,0,0,0,0]) = 20262386963948151
N(O(5, 10), 26, [4,0,1,0,0,0,0,0,0,0], [3,0,0,0,0,0,0,0,0,0]) = 12358704882029074
N(O(5, 10), 26, [4,0,1,0,0,0,0,0,0,0], [1,1,0,0,0,0,0,0,0,0]) = 34347787862765780
N(O(5, 10), 26, [4,0,1,0,0,0,0,0,0,0], [0,0,1,0,0,0,0,0,0,0]) = 18979974159302088
N(O(5, 10), 26, [3,2,0,0,0,0,0,0,0,0], [3,0,0,0,0,0,0,0,0,0]) = 11744454573456742
N(O(5, 10), 26, [3,2,0,0,0,0,0,0,0,0], [1,1,0,0,0,0,0,0,0,0]) = 32550206511738658
N(O(5, 10), 26, [3,2,0,0,0,0,0,0,0,0], [0,0,1,0,0,0,0,0,0,0]) = 17943454405196352
N(O(5, 10), 26, [3,0,0,1,0,0,0,0,0,0], [3,0,0,0,0,0,0,0,0,0]) = 11680629010003536
N(O(5, 10), 26, [3,0,0,1,0,0,0,0,0,0], [1,1,0,0,0,0,0,0,0,0]) = 32352296715711706
N(O(5, 10), 26, [3,0,0,1,0,0,0,0,0,0], [0,0,1,0,0,0,0,0,0,0]) = 17823552532562322
N(O(5, 10), 26, [2,1,1,0,0,0,0,0,0,0], [3,0,0,0,0,0,0,0,0,0]) = 11069088637939621
N(O(5, 10), 26, [2,1,1,0,0,0,0,0,0,0], [1,1,0,0,0,0,0,0,0,0]) = 30563360977296152
N(O(5, 10), 26, [2,1,1,0,0,0,0,0,0,0], [0,0,1,0,0,0,0,0,0,0]) = 16792393801071783
N(O(5, 10), 26, [2,0,0,0,1,0,0,0,0,0], [3,0,0,0,0,0,0,0,0,0]) = 11037231673394448
N(O(5, 10), 26, [2,0,0,0,1,0,0,0,0,0], [1,1,0,0,0,0,0,0,0,0]) = 30464593305538034
N(O(5, 10), 26, [2,0,0,0,1,0,0,0,0,0], [0,0,1,0,0,0,0,0,0,0]) = 16732564125059406
N(O(5, 10), 26, [1,3,0,0,0,0,0,0,0,0], [3,0,0,0,0,0,0,0,0,0]) = 10513385460920991
N(O(5, 10), 26, [1,3,0,0,0,0,0,0,0,0], [1,1,0,0,0,0,0,0,0,0]) = 28946221549200298
N(O(5, 10), 26, [1,3,0,0,0,0,0,0,0,0], [0,0,1,0,0,0,0,0,0,0]) = 15864575910309585
N(O(5, 10), 26, [1,1,0,1,0,0,0,0,0,0], [3,0,0,0,0,0,0,0,0,0]) = 10454964726415905
N(O(5, 10), 26, [1,1,0,1,0,0,0,0,0,0], [1,1,0,0,0,0,0,0,0,0]) = 28765878029539690
N(O(5, 10), 26, [1,1,0,1,0,0,0,0,0,0], [0,0,1,0,0,0,0,0,0,0]) = 15755755986738459
N(O(5, 10), 26, [1,0,2,0,0,0,0,0,0,0], [3,0,0,0,0,0,0,0,0,0]) = 10428345559734889
N(O(5, 10), 26, [1,0,2,0,0,0,0,0,0,0], [1,1,0,0,0,0,0,0,0,0]) = 28684116463196750
N(O(5, 10), 26, [1,0,2,0,0,0,0,0,0,0], [0,0,1,0,0,0,0,0,0,0]) = 15706645512774885
N(O(5, 10), 26, [1,0,0,0,0,1,0,0,0,0], [3,0,0,0,0,0,0,0,0,0]) = 10425754498611045
N(O(5, 10), 26, [1,0,0,0,0,1,0,0,0,0], [1,1,0,0,0,0,0,0,0,0]) = 28675706769711754
N(O(5, 10), 26, [1,0,0,0,0,1,0,0,0,0], [0,0,1,0,0,0,0,0,0,0]) = 15701346367760133
N(O(5, 10), 26, [0,2,1,0,0,0,0,0,0,0], [3,0,0,0,0,0,0,0,0,0]) = 9901768957659904
N(O(5, 10), 26, [0,2,1,0,0,0,0,0,0,0], [1,1,0,0,0,0,0,0,0,0]) = 27156707746340500
N(O(5, 10), 26, [0,2,1,0,0,0,0,0,0,0], [0,0,1,0,0,0,0,0,0,0]) = 14832862678743462
N(O(5, 10), 26, [0,1,0,0,1,0,0,0,0,0], [3,0,0,0,0,0,0,0,0,0]) = 9872610856342061
N(O(5, 10), 26, [0,1,0,0,1,0,0,0,0,0], [1,1,0,0,0,0,0,0,0,0]) = 27066710804579598
N(O(5, 10), 26, [0,1,0,0,1,0,0,0,0,0], [0,0,1,0,0,0,0,0,0,0]) = 14778565649539971
N(O(5, 10), 26, [0,0,1,1,0,0,0,0,0,0], [3,0,0,0,0,0,0,0,0,0]) = 9846040548029034
N(O(5, 10), 26, [0,0,1,1,0,0,0,0,0,0], [1,1,0,0,0,0,0,0,0,0]) = 26985112163729416
N(O(5, 10), 26, [0,0,1,1,0,0,0,0,0,0], [0,0,1,0,0,0,0,0,0,0]) = 14729560134192972
N(O(5, 10), 26, [0,0,0,0,0,0,1,0,0,0], [3,0,0,0,0,0,0,0,0,0]) = 9844746698009002
N(O(5, 10), 26, [0,0,0,0,0,0,1,0,0,0], [1,1,0,0,0,0,0,0,0,0]) = 26980913179940790
N(O(5, 10), 26, [0,0,0,0,0,0,1,0,0,0], [0,0,1,0,0,0,0,0,0,0]) = 14726914491533274
N(O(5, 10), 26, [6,0,0,0,0,0,0,0,0,0], [4,0,0,0,0,0,0,0,0,0]) = 14610472879072228
N(O(5, 10), 26, [6,0,0,0,0,0,0,0,0,0], [2,1,0,0,0,0,0,0,0,0]) = 67004069994519688
N(O(5, 10), 26, [6,0,0,0,0,0,0,0,0,0], [1,0,1,0,0,0,0,0,0,0]) = 57132702270622212
N(O(5, 10), 26, [6,0,0,0,0,0,0,0,0,0], [0,2,0,0,0,0,0,0,0,0]) = 29481145449146368
N(O(5, 10), 26, [6,0,0,0,0,0,0,0,0,0], [0,0,0,1,0,0,0,0,0,0]) = 28614074595099504
N(O(5, 10), 26, [4,1,0,0,0,0,0,0,0,0], [4,0,0,0,0,0,0,0,0,0]) = 13111104666485873
N(O(5, 10), 26, [4,1,0,0,0,0,0,0,0,0], [2,1,0,0,0,0,0,0,0,0]) = 59861433600305254
N(O(5, 10), 26, [4,1,0,0,0,0,0,0,0,0], [1,0,1,0,0,0,0,0,0,0]) = 50888446741817676
N(O(5, 10), 26, [4,1,0,0,0,0,0,0,0,0], [0,2,0,0,0,0,0,0,0,0]) = 26150502437545580
N(O(5, 10), 26, [4,1,0,0,0,0,0,0,0,0], [0,0,0,1,0,0,0,0,0,0]) = 25356775799153036
N(O(5, 10), 26, [3,0,1,0,0,0,0,0,0,0], [4,0,0,0,0,0,0,0,0,0]) = 12365989054547272
N(O(5, 10), 26, [3,0,1,0,0,0,0,0,0,0], [2,1,0,0,0,0,0,0,0,0]) = 56313225431361484
N(O(5, 10), 26, [3,0,1,0,0,0,0,0,0,0], [1,0,1,0,0,0,0,0,0,0]) = 47787309554778258
N(O(5, 10), 26, [3,0,1,0,0,0,0,0,0,0], [0,2,0,0,0,0,0,0,0,0]) = 24496995662596216
N(O(5, 10), 26, [3,0,1,0,0,0,0,0,0,0], [0,0,0,1,0,0,0,0,0,0]) = 23739800117123400
N(O(5, 10), 26, [2,2,0,0,0,0,0,0,0,0], [4,0,0,0,0,0,0,0,0,0]) = 11751580594682226
N(O(5, 10), 26, [2,2,0,0,0,0,0,0,0,0], [2,1,0,0,0,0,0,0,0,0]) = 53409397886441476
N(O(5, 10), 26, [2,2,0,0,0,0,0,0,0,0], [1,0,1,0,0,0,0,0,0,0]) = 45262040567875428
N(O(5, 10), 26, [2,2,0,0,0,0,0,0,0,0], [0,2,0,0,0,0,0,0,0,0]) = 23160583248122536
N(O(5, 10), 26, [2,2,0,0,0,0,0,0,0,0], [0,0,0,1,0,0,0,0,0,0]) = 22434811148361224
N(O(5, 10), 26, [2,0,0,1,0,0,0,0,0,0], [4,0,0,0,0,0,0,0,0,0]) = 11687749651216010
N(O(5, 10), 26, [2,0,0,1,0,0,0,0,0,0], [2,1,0,0,0,0,0,0,0,0]) = 53094909829336360
N(O(5, 10), 26, [2,0,0,1,0,0,0,0,0,0], [1,0,1,0,0,0,0,0,0,0]) = 44981102291718972
N(O(5, 10), 26, [2,0,0,1,0,0,0,0,0,0], [0,2,0,0,0,0,0,0,0,0]) = 23005973683694664
N(O(5, 10), 26, [2,0,0,1,0,0,0,0,0,0], [0,0,0,1,0,0,0,0,0,0]) = 22282708404515600
N(O(5, 10), 26, [1,1,1,0,0,0,0,0,0,0], [4,0,0,0,0,0,0,0,0,0]) = 11076051251735021
N(O(5, 10), 26, [1,1,1,0,0,0,0,0,0,0], [2,1,0,0,0,0,0,0,0,0]) = 50204734979478322
N(O(5, 10), 26, [1,1,1,0,0,0,0,0,0,0], [1,0,1,0,0,0,0,0,0,0]) = 42468201798274404
N(O(5, 10), 26, [1,1,1,0,0,0,0,0,0,0], [0,2,0,0,0,0,0,0,0,0]) = 21676492596412844
N(O(5, 10), 26, [1,1,1,0,0,0,0,0,0,0], [0,0,0,1,0,0,0,0,0,0]) = 20984564053123772
N(O(5, 10), 26, [1,0,0,0,1,0,0,0,0,0], [4,0,0,0,0,0,0,0,0,0]) = 11044191597741188
N(O(5, 10), 26, [1,0,0,0,1,0,0,0,0,0], [2,1,0,0,0,0,0,0,0,0]) = 50047782648097458
N(O(5, 10), 26, [1,0,0,0,1,0,0,0,0,0], [1,0,1,0,0,0,0,0,0,0]) = 42328002927121497
N(O(5, 10), 26, [1,0,0,0,1,0,0,0,0,0], [0,2,0,0,0,0,0,0,0,0]) = 21599344974651848
N(O(5, 10), 26, [1,0,0,0,1,0,0,0,0,0], [0,0,0,1,0,0,0,0,0,0]) = 20908668626103684
N(O(5, 10), 26, [0,3,0,0,0,0,0,0,0,0], [4,0,0,0,0,0,0,0,0,0]) = 10520195294237527
N(O(5, 10), 26, [0,3,0,0,0,0,0,0,0,0], [2,1,0,0,0,0,0,0,0,0]) = 47588167918399746
N(O(5, 10), 26, [0,3,0,0,0,0,0,0,0,0], [1,0,1,0,0,0,0,0,0,0]) = 40198844410809924
N(O(5, 10), 26, [0,3,0,0,0,0,0,0,0,0], [0,2,0,0,0,0,0,0,0,0]) = 20480245963841780
N(O(5, 10), 26, [0,3,0,0,0,0,0,0,0,0], [0,0,0,1,0,0,0,0,0,0]) = 19817374466688356
N(O(5, 10), 26, [0,1,0,1,0,0,0,0,0,0], [4,0,0,0,0,0,0,0,0,0]) = 10461769308752391
N(O(5, 10), 26, [0,1,0,1,0,0,0,0,0,0], [2,1,0,0,0,0,0,0,0,0]) = 47301237271923542
N(O(5, 10), 26, [0,1,0,1,0,0,0,0,0,0], [1,0,1,0,0,0,0,0,0,0]) = 39943057503019200
N(O(5, 10), 26, [0,1,0,1,0,0,0,0,0,0], [0,2,0,0,0,0,0,0,0,0]) = 20339946336217140
N(O(5, 10), 26, [0,1,0,1,0,0,0,0,0,0], [0,0,0,1,0,0,0,0,0,0]) = 19679423525192268
N(O(5, 10), 26, [0,0,2,0,0,0,0,0,0,0], [4,0,0,0,0,0,0,0,0,0]) = 10435147579982275
N(O(5, 10), 26, [0,0,2,0,0,0,0,0,0,0], [2,1,0,0,0,0,0,0,0,0]) = 47170969571946802
N(O(5, 10), 26, [0,0,2,0,0,0,0,0,0,0], [1,0,1,0,0,0,0,0,0,0]) = 39827201406721062
N(O(5, 10), 26, [0,0,2,0,0,0,0,0,0,0], [0,2,0,0,0,0,0,0,0,0]) = 20276638519801180
N(O(5, 10), 26, [0,0,2,0,0,0,0,0,0,0], [0,0,0,1,0,0,0,0,0,0]) = 19617213411943764
N(O(5, 10), 26, [0,0,0,0,0,1,0,0,0,0], [4,0,0,0,0,0,0,0,0,0]) = 10432556455457551
N(O(5, 10), 26, [0,0,0,0,0,1,0,0,0,0], [2,1,0,0,0,0,0,0,0,0]) = 47157772715480202
N(O(5, 10), 26, [0,0,0,0,0,1,0,0,0,0], [1,0,1,0,0,0,0,0,0,0]) = 39815164781043024
N(O(5, 10), 26, [0,0,0,0,0,1,0,0,0,0], [0,2,0,0,0,0,0,0,0,0]) = 20269796969975780
N(O(5, 10), 26, [0,0,0,0,0,1,0,0,0,0], [0,0,0,1,0,0,0,0,0,0]) = 19610448500761652
N(O(5, 10), 26, [5,0,0,0,0,0,0,0,0,0], [5,0,0,0,0,0,0,0,0,0]) = 14610806004594275
N(O(5, 10), 26, [5,0,0,0,0,0,0,0,0,0], [3,1,0,0,0,0,0,0,0,0]) = 93212633123121118
N(O(5, 10), 26, [5,0,0,0,0,0,0,0,0,0], [2,0,1,0,0,0,0,0,0,0]) = 93907634553180720
N(O(5, 10), 26, [5,0,0,0,0,0,0,0,0,0], [1,2,0,0,0,0,0,0,0,0]) = 102583856387348896
N(O(5, 10), 26, [5,0,0,0,0,0,0,0,0,0], [1,0,0,1,0,0,0,0,0,0]) = 71753433951639476
N(O(5, 10), 26, [5,0,0,0,0,0,0,0,0,0], [0,1,1,0,0,0,0,0,0,0]) = 81981650129087868
N(O(5, 10), 26, [5,0,0,0,0,0,0,0,0,0], [0,0,0,0,1,0,0,0,0,0]) = 33620358228940465
N(O(5, 10), 26, [3,1,0,0,0,0,0,0,0,0], [5,0,0,0,0,0,0,0,0,0]) = 13111427718451258
N(O(5, 10), 26, [3,1,0,0,0,0,0,0,0,0], [3,1,0,0,0,0,0,0,0,0]) = 83351560568884366
N(O(5, 10), 26, [3,1,0,0,0,0,0,0,0,0], [2,0,1,0,0,0,0,0,0,0]) = 83812450047249135
N(O(5, 10), 26, [3,1,0,0,0,0,0,0,0,0], [1,2,0,0,0,0,0,0,0,0]) = 91251678742462740
N(O(5, 10), 26, [3,1,0,0,0,0,0,0,0,0], [1,0,0,1,0,0,0,0,0,0]) = 63861769371789444
N(O(5, 10), 26, [3,1,0,0,0,0,0,0,0,0], [0,1,1,0,0,0,0,0,0,0]) = 72627493964041524
N(O(5, 10), 26, [3,1,0,0,0,0,0,0,0,0], [0,0,0,0,1,0,0,0,0,0]) = 29768448455090950
N(O(5, 10), 26, [2,0,1,0,0,0,0,0,0,0], [5,0,0,0,0,0,0,0,0,0]) = 12366307072409528
N(O(5, 10), 26, [2,0,1,0,0,0,0,0,0,0], [3,1,0,0,0,0,0,0,0,0]) = 78452599343833834
N(O(5, 10), 26, [2,0,1,0,0,0,0,0,0,0], [2,0,1,0,0,0,0,0,0,0]) = 78798024748146888
N(O(5, 10), 26, [2,0,1,0,0,0,0,0,0,0], [1,2,0,0,0,0,0,0,0,0]) = 85624465917538456
N(O(5, 10), 26, [2,0,1,0,0,0,0,0,0,0], [1,0,0,1,0,0,0,0,0,0]) = 59942799145335440
N(O(5, 10), 26, [2,0,1,0,0,0,0,0,0,0], [0,1,1,0,0,0,0,0,0,0]) = 67984190222518446
N(O(5, 10), 26, [2,0,1,0,0,0,0,0,0,0], [0,0,0,0,1,0,0,0,0,0]) = 27856478223763450
N(O(5, 10), 26, [1,2,0,0,0,0,0,0,0,0], [5,0,0,0,0,0,0,0,0,0]) = 11751893786560989
N(O(5, 10), 26, [1,2,0,0,0,0,0,0,0,0], [3,1,0,0,0,0,0,0,0,0]) = 74437345249994606
N(O(5, 10), 26, [1,2,0,0,0,0,0,0,0,0], [2,0,1,0,0,0,0,0,0,0]) = 74701136055439662
N(O(5, 10), 26, [1,2,0,0,0,0,0,0,0,0], [1,2,0,0,0,0,0,0,0,0]) = 81053760468137224
N(O(5, 10), 26, [1,2,0,0,0,0,0,0,0,0], [1,0,0,1,0,0,0,0,0,0]) = 56755824234218372
N(O(5, 10), 26, [1,2,0,0,0,0,0,0,0,0], [0,1,1,0,0,0,0,0,0,0]) = 64239253860277092
N(O(5, 10), 26, [1,2,0,0,0,0,0,0,0,0], [0,0,0,0,1,0,0,0,0,0]) = 26315643628258715
N(O(5, 10), 26, [1,0,0,1,0,0,0,0,0,0], [5,0,0,0,0,0,0,0,0,0]) = 11688062739926689
N(O(5, 10), 26, [1,0,0,1,0,0,0,0,0,0], [3,1,0,0,0,0,0,0,0,0]) = 74006015233107158
N(O(5, 10), 26, [1,0,0,1,0,0,0,0,0,0], [2,0,1,0,0,0,0,0,0,0]) = 74253421809856344
N(O(5, 10), 26, [1,0,0,1,0,0,0,0,0,0], [1,2,0,0,0,0,0,0,0,0]) = 80538463466791616
N(O(5, 10), 26, [1,0,0,1,0,0,0,0,0,0], [1,0,0,1,0,0,0,0,0,0]) = 56398779248653516
N(O(5, 10), 26, [1,0,0,1,0,0,0,0,0,0], [0,1,1,0,0,0,0,0,0,0]) = 63801326447619600
N(O(5, 10), 26, [1,0,0,1,0,0,0,0,0,0], [0,0,0,0,1,0,0,0,0,0]) = 26134736598145245
N(O(5, 10), 26, [0,1,1,0,0,0,0,0,0,0], [5,0,0,0,0,0,0,0,0,0]) = 11076359516222725
N(O(5, 10), 26, [0,1,1,0,0,0,0,0,0,0], [3,1,0,0,0,0,0,0,0,0]) = 70009428659372638
N(O(5, 10), 26, [0,1,1,0,0,0,0,0,0,0], [2,0,1,0,0,0,0,0,0,0]) = 70176108917937549
N(O(5, 10), 26, [0,1,1,0,0,0,0,0,0,0], [1,2,0,0,0,0,0,0,0,0]) = 75990627641410596
N(O(5, 10), 26, [0,1,1,0,0,0,0,0,0,0], [1,0,0,1,0,0,0,0,0,0]) = 53227619921941656
N(O(5, 10), 26, [0,1,1,0,0,0,0,0,0,0], [0,1,1,0,0,0,0,0,0,0]) = 60076181811257814
N(O(5, 10), 26, [0,1,1,0,0,0,0,0,0,0], [0,0,0,0,1,0,0,0,0,0]) = 24602094456143935
N(O(5, 10), 26, [0,0,0,0,1,0,0,0,0,0], [5,0,0,0,0,0,0,0,0,0]) = 11044499810648675
N(O(5, 10), 26, [0,0,0,0,1,0,0,0,0,0], [3,1,0,0,0,0,0,0,0,0]) = 69794159879991468
N(O(5, 10), 26, [0,0,0,0,1,0,0,0,0,0], [2,0,1,0,0,0,0,0,0,0]) = 69952673449134180
N(O(5, 10), 26, [0,0,0,0,1,0,0,0,0,0], [1,2,0,0,0,0,0,0,0,0]) = 75733485937350536
N(O(5, 10), 26, [0,0,0,0,1,0,0,0,0,0], [1,0,0,1,0,0,0,0,0,0]) = 53049445385196256
N(O(5, 10), 26, [0,0,0,0,1,0,0,0,0,0], [0,1,1,0,0,0,0,0,0,0]) = 59857671117106158
N(O(5, 10), 26, [0,0,0,0,1,0,0,0,0,0], [0,0,0,0,1,0,0,0,0,0]) = 24511828937085665
N(O(5, 10), 26, [4,0,0,0,0,0,0,0,0,0], [6,0,0,0,0,0,0,0,0,0]) = 14610814353125658
N(O(5, 10), 26, [4,0,0,0,0,0,0,0,0,0], [4,1,0,0,0,0,0,0,0,0]) = 119434889913905594
N(O(5, 10), 26, [4,0,0,0,0,0,0,0,0,0], [3,0,1,0,0,0,0,0,0,0]) = 130983780607470384
N(O(5, 10), 26, [4,0,0,0,0,0,0,0,0,0], [2,2,0,0,0,0,0,0,0,0]) = 222306783332245608
N(O(5, 10), 26, [4,0,0,0,0,0,0,0,0,0], [2,0,0,1,0,0,0,0,0,0]) = 118085804541636968
N(O(5, 10), 26, [4,0,0,0,0,0,0,0,0,0], [1,1,1,0,0,0,0,0,0,0]) = 286801951682437884
N(O(5, 10), 26, [4,0,0,0,0,0,0,0,0,0], [1,0,0,0,1,0,0,0,0,0]) = 84500459974383780
N(O(5, 10), 26, [4,0,0,0,0,0,0,0,0,0], [0,3,0,0,0,0,0,0,0,0]) = 52301014229100544
N(O(5, 10), 26, [4,0,0,0,0,0,0,0,0,0], [0,1,0,1,0,0,0,0,0,0]) = 102667105563311984
N(O(5, 10), 26, [4,0,0,0,0,0,0,0,0,0], [0,0,2,0,0,0,0,0,0,0]) = 56939927231382336
N(O(5, 10), 26, [4,0,0,0,0,0,0,0,0,0], [0,0,0,0,0,1,0,0,0,0]) = 37907545797558888
N(O(5, 10), 26, [2,1,0,0,0,0,0,0,0,0], [6,0,0,0,0,0,0,0,0,0]) = 13111435906956611
N(O(5, 10), 26, [2,1,0,0,0,0,0,0,0,0], [4,1,0,0,0,0,0,0,0,0]) = 106854768198441508
N(O(5, 10), 26, [2,1,0,0,0,0,0,0,0,0], [3,0,1,0,0,0,0,0,0,0]) = 117019746614875500
N(O(5, 10), 26, [2,1,0,0,0,0,0,0,0,0], [2,2,0,0,0,0,0,0,0,0]) = 198070532810795816
N(O(5, 10), 26, [2,1,0,0,0,0,0,0,0,0], [2,0,0,1,0,0,0,0,0,0]) = 105314816506737492
N(O(5, 10), 26, [2,1,0,0,0,0,0,0,0,0], [1,1,1,0,0,0,0,0,0,0]) = 254841701288698608
N(O(5, 10), 26, [2,1,0,0,0,0,0,0,0,0], [1,0,0,0,1,0,0,0,0,0]) = 75149814950453510
N(O(5, 10), 26, [2,1,0,0,0,0,0,0,0,0], [0,3,0,0,0,0,0,0,0,0]) = 46321175590257016
N(O(5, 10), 26, [2,1,0,0,0,0,0,0,0,0], [0,1,0,1,0,0,0,0,0,0]) = 90874843732322368
N(O(5, 10), 26, [2,1,0,0,0,0,0,0,0,0], [0,0,2,0,0,0,0,0,0,0]) = 50377186005653961
N(O(5, 10), 26, [2,1,0,0,0,0,0,0,0,0], [0,0,0,0,0,1,0,0,0,0]) = 33536268206088594
N(O(5, 10), 26, [1,0,1,0,0,0,0,0,0,0], [6,0,0,0,0,0,0,0,0,0]) = 12366315180917175
N(O(5, 10), 26, [1,0,1,0,0,0,0,0,0,0], [4,1,0,0,0,0,0,0,0,0]) = 100604747778799406
N(O(5, 10), 26, [1,0,1,0,0,0,0,0,0,0], [3,0,1,0,0,0,0,0,0,0]) = 110083091704057797
N(O(5, 10), 26, [1,0,1,0,0,0,0,0,0,0], [2,2,0,0,0,0,0,0,0,0]) = 186033993447716904
N(O(5, 10), 26, [1,0,1,0,0,0,0,0,0,0], [2,0,0,1,0,0,0,0,0,0]) = 98971791765717104
N(O(5, 10), 26, [1,0,1,0,0,0,0,0,0,0], [1,1,1,0,0,0,0,0,0,0]) = 238972985853663852
N(O(5, 10), 26, [1,0,1,0,0,0,0,0,0,0], [1,0,0,0,1,0,0,0,0,0]) = 70506716109725595
N(O(5, 10), 26, [1,0,1,0,0,0,0,0,0,0], [0,3,0,0,0,0,0,0,0,0]) = 43352994156880096
N(O(5, 10), 26, [1,0,1,0,0,0,0,0,0,0], [0,1,0,1,0,0,0,0,0,0]) = 85021855789281728
N(O(5, 10), 26, [1,0,1,0,0,0,0,0,0,0], [0,0,2,0,0,0,0,0,0,0]) = 47119941065272563
N(O(5, 10), 26, [1,0,1,0,0,0,0,0,0,0], [0,0,0,0,0,1,0,0,0,0]) = 31366707851211288
N(O(5, 10), 26, [0,2,0,0,0,0,0,0,0,0], [6,0,0,0,0,0,0,0,0,0]) = 11751901816909040
N(O(5, 10), 26, [0,2,0,0,0,0,0,0,0,0], [4,1,0,0,0,0,0,0,0,0]) = 95477781274561910
N(O(5, 10), 26, [0,2,0,0,0,0,0,0,0,0], [3,0,1,0,0,0,0,0,0,0]) = 104406472839283056
N(O(5, 10), 26, [0,2,0,0,0,0,0,0,0,0], [2,2,0,0,0,0,0,0,0,0]) = 176230153173784840
N(O(5, 10), 26, [0,2,0,0,0,0,0,0,0,0], [2,0,0,1,0,0,0,0,0,0]) = 93795946256674688
N(O(5, 10), 26, [0,2,0,0,0,0,0,0,0,0], [1,1,1,0,0,0,0,0,0,0]) = 226107107975413284
N(O(5, 10), 26, [0,2,0,0,0,0,0,0,0,0], [1,0,0,0,1,0,0,0,0,0]) = 66735848605083280
N(O(5, 10), 26, [0,2,0,0,0,0,0,0,0,0], [0,3,0,0,0,0,0,0,0,0]) = 40960500766396528
N(O(5, 10), 26, [0,2,0,0,0,0,0,0,0,0], [0,1,0,1,0,0,0,0,0,0]) = 80308285575681904
N(O(5, 10), 26, [0,2,0,0,0,0,0,0,0,0], [0,0,2,0,0,0,0,0,0,0]) = 44498592490851882
N(O(5, 10), 26, [0,2,0,0,0,0,0,0,0,0], [0,0,0,0,0,1,0,0,0,0]) = 29620845295261404
N(O(5, 10), 26, [0,0,0,1,0,0,0,0,0,0], [6,0,0,0,0,0,0,0,0,0]) = 11688070769360788
N(O(5, 10), 26, [0,0,0,1,0,0,0,0,0,0], [4,1,0,0,0,0,0,0,0,0]) = 94929599280094870
N(O(5, 10), 26, [0,0,0,1,0,0,0,0,0,0], [3,0,1,0,0,0,0,0,0,0]) = 103791573359209848
N(O(5, 10), 26, [0,0,0,1,0,0,0,0,0,0], [2,2,0,0,0,0,0,0,0,0]) = 175140994868622744
N(O(5, 10), 26, [0,0,0,1,0,0,0,0,0,0], [2,0,0,1,0,0,0,0,0,0]) = 93226510988879288
N(O(5, 10), 26, [0,0,0,1,0,0,0,0,0,0], [1,1,1,0,0,0,0,0,0,0]) = 224642819988653916
N(O(5, 10), 26, [0,0,0,1,0,0,0,0,0,0], [1,0,0,0,1,0,0,0,0,0]) = 66310472512820560
N(O(5, 10), 26, [0,0,0,1,0,0,0,0,0,0], [0,3,0,0,0,0,0,0,0,0]) = 40679901508852928
N(O(5, 10), 26, [0,0,0,1,0,0,0,0,0,0], [0,1,0,1,0,0,0,0,0,0]) = 79752955310359104
N(O(5, 10), 26, [0,0,0,1,0,0,0,0,0,0], [0,0,2,0,0,0,0,0,0,0]) = 44188684855627608
N(O(5, 10), 26, [0,0,0,1,0,0,0,0,0,0], [0,0,0,0,0,1,0,0,0,0]) = 29414354980731888
N(O(5, 10), 26, [3,0,0,0,0,0,0,0,0,0], [7,0,0,0,0,0,0,0,0,0]) = 14610814467384577
N(O(5, 10), 26, [3,0,0,0,0,0,0,0,0,0], [5,1,0,0,0,0,0,0,0,0]) = 145657746267675414
N(O(5, 10), 26, [3,0,0,0,0,0,0,0,0,0], [4,0,1,0,0,0,0,0,0,0]) = 168081748525945470
N(O(5, 10), 26, [3,0,0,0,0,0,0,0,0,0], [3,2,0,0,0,0,0,0,0,0]) = 389009906408756740
N(O(5, 10), 26, [3,0,0,0,0,0,0,0,0,0], [3,0,0,1,0,0,0,0,0,0]) = 164808321079695648
N(O(5, 10), 26, [3,0,0,0,0,0,0,0,0,0], [2,1,1,0,0,0,0,0,0,0]) = 623366530221804858
N(O(5, 10), 26, [3,0,0,0,0,0,0,0,0,0], [2,0,0,0,1,0,0,0,0,0]) = 139213859533103480
N(O(5, 10), 26, [3,0,0,0,0,0,0,0,0,0], [1,3,0,0,0,0,0,0,0,0]) = 234804372631259976
N(O(5, 10), 26, [3,0,0,0,0,0,0,0,0,0], [1,1,0,1,0,0,0,0,0,0]) = 359799831978874912
N(O(5, 10), 26, [3,0,0,0,0,0,0,0,0,0], [1,0,2,0,0,0,0,0,0,0]) = 200301856350628014
N(O(5, 10), 26, [3,0,0,0,0,0,0,0,0,0], [1,0,0,0,0,1,0,0,0,0]) = 95495796722335176
N(O(5, 10), 26, [3,0,0,0,0,0,0,0,0,0], [0,2,1,0,0,0,0,0,0,0]) = 218745975495340488
N(O(5, 10), 26, [3,0,0,0,0,0,0,0,0,0], [0,1,0,0,1,0,0,0,0,0]) = 120558442150887730
N(O(5, 10), 26, [3,0,0,0,0,0,0,0,0,0], [0,0,1,1,0,0,0,0,0,0]) = 142513610681570952
N(O(5, 10), 26, [3,0,0,0,0,0,0,0,0,0], [0,0,0,0,0,0,1,0,0,0]) = 41535942642768630
N(O(5, 10), 26, [1,1,0,0,0,0,0,0,0,0], [7,0,0,0,0,0,0,0,0,0]) = 13111436020012682
N(O(5, 10), 26, [1,1,0,0,0,0,0,0,0,0], [5,1,0,0,0,0,0,0,0,0]) = 130358556677580318
N(O(5, 10), 26, [1,1,0,0,0,0,0,0,0,0], [4,0,1,0,0,0,0,0,0,0]) = 150247901114856063
N(O(5, 10), 26, [1,1,0,0,0,0,0,0,0,0], [3,2,0,0,0,0,0,0,0,0]) = 346945225223418708
N(O(5, 10), 26, [1,1,0,0,0,0,0,0,0,0], [3,0,0,1,0,0,0,0,0,0]) = 147134675902868448
N(O(5, 10), 26, [1,1,0,0,0,0,0,0,0,0], [2,1,1,0,0,0,0,0,0,0]) = 554858180455704150
N(O(5, 10), 26, [1,1,0,0,0,0,0,0,0,0], [2,0,0,0,1,0,0,0,0,0]) = 124068554051177925
N(O(5, 10), 26, [1,1,0,0,0,0,0,0,0,0], [1,3,0,0,0,0,0,0,0,0]) = 208428697429494696
N(O(5, 10), 26, [1,1,0,0,0,0,0,0,0,0], [1,1,0,1,0,0,0,0,0,0]) = 319450005113571088
N(O(5, 10), 26, [1,1,0,0,0,0,0,0,0,0], [1,0,2,0,0,0,0,0,0,0]) = 177781791847242339
N(O(5, 10), 26, [1,1,0,0,0,0,0,0,0,0], [1,0,0,0,0,1,0,0,0,0]) = 84863228125423080
N(O(5, 10), 26, [1,1,0,0,0,0,0,0,0,0], [0,2,1,0,0,0,0,0,0,0]) = 193507986078766284
N(O(5, 10), 26, [1,1,0,0,0,0,0,0,0,0], [0,1,0,0,1,0,0,0,0,0]) = 106621468639176150
N(O(5, 10), 26, [1,1,0,0,0,0,0,0,0,0], [0,0,1,1,0,0,0,0,0,0]) = 125976716302007832
N(O(5, 10), 26, [1,1,0,0,0,0,0,0,0,0], [0,0,0,0,0,0,1,0,0,0]) = 36714944811706343
N(O(5, 10), 26, [0,0,1,0,0,0,0,0,0,0], [7,0,0,0,0,0,0,0,0,0]) = 12366315293371846
N(O(5, 10), 26, [0,0,1,0,0,0,0,0,0,0], [5,1,0,0,0,0,0,0,0,0]) = 122757467711836704
N(O(5, 10), 26, [0,0,1,0,0,0,0,0,0,0], [4,0,1,0,0,0,0,0,0,0]) = 141388535183751507
N(O(5, 10), 26, [0,0,1,0,0,0,0,0,0,0], [3,2,0,0,0,0,0,0,0,0]) = 326052852666042220
N(O(5, 10), 26, [0,0,1,0,0,0,0,0,0,0], [3,0,0,1,0,0,0,0,0,0]) = 138355954444512216
N(O(5, 10), 26, [0,0,1,0,0,0,0,0,0,0], [2,1,1,0,0,0,0,0,0,0]) = 520838114506525188
N(O(5, 10), 26, [0,0,1,0,0,0,0,0,0,0], [2,0,0,0,1,0,0,0,0,0]) = 116546875665808310
N(O(5, 10), 26, [0,0,1,0,0,0,0,0,0,0], [1,3,0,0,0,0,0,0,0,0]) = 195334250335529640
N(O(5, 10), 26, [0,0,1,0,0,0,0,0,0,0], [1,1,0,1,0,0,0,0,0,0]) = 299417545075494496
N(O(5, 10), 26, [0,0,1,0,0,0,0,0,0,0], [1,0,2,0,0,0,0,0,0,0]) = 166601545728128370
N(O(5, 10), 26, [0,0,1,0,0,0,0,0,0,0], [1,0,0,0,0,1,0,0,0,0]) = 79584043410106794
N(O(5, 10), 26, [0,0,1,0,0,0,0,0,0,0], [0,2,1,0,0,0,0,0,0,0]) = 180982279745645556
N(O(5, 10), 26, [0,0,1,0,0,0,0,0,0,0], [0,1,0,0,1,0,0,0,0,0]) = 99704640996100930
N(O(5, 10), 26, [0,0,1,0,0,0,0,0,0,0], [0,0,1,1,0,0,0,0,0,0]) = 117769880966151684
N(O(5, 10), 26, [0,0,1,0,0,0,0,0,0,0], [0,0,0,0,0,0,1,0,0,0]) = 34322412905904942
N(O(5, 10), 26, [2,0,0,0,0,0,0,0,0,0], [8,0,0,0,0,0,0,0,0,0]) = 14610814468137118
N(O(5, 10), 26, [2,0,0,0,0,0,0,0,0,0], [6,1,0,0,0,0,0,0,0,0]) = 171880618089746786
N(O(5, 10), 26, [2,0,0,0,0,0,0,0,0,0], [5,0,1,0,0,0,0,0,0,0]) = 205180669751243076
N(O(5, 10), 26, [2,0,0,0,0,0,0,0,0,0], [4,2,0,0,0,0,0,0,0,0]) = 602719442831875356
N(O(5, 10), 26, [2,0,0,0,0,0,0,0,0,0], [4,0,0,1,0,0,0,0,0,0]) = 211559319691211408
N(O(5, 10), 26, [2,0,0,0,0,0,0,0,0,0], [3,1,1,0,0,0,0,0,0,0]) = 1092763821521897760
N(O(5, 10), 26, [2,0,0,0,0,0,0,0,0,0], [3,0,0,0,1,0,0,0,0,0]) = 194400017904776040
N(O(5, 10), 26, [2,0,0,0,0,0,0,0,0,0], [2,3,0,0,0,0,0,0,0,0]) = 630945438278045368
N(O(5, 10), 26, [2,0,0,0,0,0,0,0,0,0], [2,1,0,1,0,0,0,0,0,0]) = 782809104331589432
N(O(5, 10), 26, [2,0,0,0,0,0,0,0,0,0], [2,0,2,0,0,0,0,0,0,0]) = 436695930607382082
N(O(5, 10), 26, [2,0,0,0,0,0,0,0,0,0], [2,0,0,0,0,1,0,0,0,0]) = 157500500900264496
N(O(5, 10), 26, [2,0,0,0,0,0,0,0,0,0], [1,2,1,0,0,0,0,0,0,0]) = 985302775857208176
N(O(5, 10), 26, [2,0,0,0,0,0,0,0,0,0], [1,1,0,0,1,0,0,0,0,0]) = 423181038588474840
N(O(5, 10), 26, [2,0,0,0,0,0,0,0,0,0], [1,0,1,1,0,0,0,0,0,0]) = 502266417295239048
N(O(5, 10), 26, [2,0,0,0,0,0,0,0,0,0], [1,0,0,0,0,0,1,0,0,0]) = 104881980259125972
N(O(5, 10), 26, [2,0,0,0,0,0,0,0,0,0], [0,4,0,0,0,0,0,0,0,0]) = 92642351183946208
N(O(5, 10), 26, [2,0,0,0,0,0,0,0,0,0], [0,2,0,1,0,0,0,0,0,0]) = 273773582206370816
N(O(5, 10), 26, [2,0,0,0,0,0,0,0,0,0], [0,1,2,0,0,0,0,0,0,0]) = 304706942686677600
N(O(5, 10), 26, [2,0,0,0,0,0,0,0,0,0], [0,1,0,0,0,1,0,0,0,0]) = 135848449493445924
N(O(5, 10), 26, [2,0,0,0,0,0,0,0,0,0], [0,0,1,0,1,0,0,0,0,0]) = 167232255299239770
N(O(5, 10), 26, [2,0,0,0,0,0,0,0,0,0], [0,0,0,2,0,0,0,0,0,0]) = 89130833619477008
N(O(5, 10), 26, [2,0,0,0,0,0,0,0,0,0], [0,0,0,0,0,0,0,1,0,0]) = 44562921843667856
N(O(5, 10), 26, [0,1,0,0,0,0,0,0,0,0], [8,0,0,0,0,0,0,0,0,0]) = 13111436020761839
N(O(5, 10), 26, [0,1,0,0,0,0,0,0,0,0], [6,1,0,0,0,0,0,0,0,0]) = 153862360319515164
N(O(5, 10), 26, [0,1,0,0,0,0,0,0,0,0], [5,0,1,0,0,0,0,0,0,0]) = 183476979671547000
N(O(5, 10), 26, [0,1,0,0,0,0,0,0,0,0], [4,2,0,0,0,0,0,0,0,0]) = 537900787798625968
N(O(5, 10), 26, [0,1,0,0,0,0,0,0,0,0], [4,0,0,1,0,0,0,0,0,0]) = 188981753144485972
N(O(5, 10), 26, [0,1,0,0,0,0,0,0,0,0], [3,1,1,0,0,0,0,0,0,0]) = 973699412150969856
N(O(5, 10), 26, [0,1,0,0,0,0,0,0,0,0], [3,0,0,0,1,0,0,0,0,0]) = 173431608337552350
N(O(5, 10), 26, [0,1,0,0,0,0,0,0,0,0], [2,3,0,0,0,0,0,0,0,0]) = 560889003802088216
N(O(5, 10), 26, [0,1,0,0,0,0,0,0,0,0], [2,1,0,1,0,0,0,0,0,0]) = 696246846736337848
N(O(5, 10), 26, [0,1,0,0,0,0,0,0,0,0], [2,0,2,0,0,0,0,0,0,0]) = 388310118613272270
N(O(5, 10), 26, [0,1,0,0,0,0,0,0,0,0], [2,0,0,0,0,1,0,0,0,0]) = 140263531299325554
N(O(5, 10), 26, [0,1,0,0,0,0,0,0,0,0], [1,2,1,0,0,0,0,0,0,0]) = 873694084985427744
N(O(5, 10), 26, [0,1,0,0,0,0,0,0,0,0], [1,1,0,0,1,0,0,0,0,0]) = 375426719881146140
N(O(5, 10), 26, [0,1,0,0,0,0,0,0,0,0], [1,0,1,1,0,0,0,0,0,0]) = 445431806090594112
N(O(5, 10), 26, [0,1,0,0,0,0,0,0,0,0], [1,0,0,0,0,0,1,0,0,0]) = 93131770610510086
N(O(5, 10), 26, [0,1,0,0,0,0,0,0,0,0], [0,4,0,0,0,0,0,0,0,0]) = 81921001536197712
N(O(5, 10), 26, [0,1,0,0,0,0,0,0,0,0], [0,2,0,1,0,0,0,0,0,0]) = 241976356503113552
N(O(5, 10), 26, [0,1,0,0,0,0,0,0,0,0], [0,1,2,0,0,0,0,0,0,0]) = 269225730423217026
N(O(5, 10), 26, [0,1,0,0,0,0,0,0,0,0], [0,1,0,0,0,1,0,0,0,0]) = 120041541519522444
N(O(5, 10), 26, [0,1,0,0,0,0,0,0,0,0], [0,0,1,0,1,0,0,0,0,0]) = 147699111618752850
N(O(5, 10), 26, [0,1,0,0,0,0,0,0,0,0], [0,0,0,2,0,0,0,0,0,0]) = 78717694102167040
N(O(5, 10), 26, [0,1,0,0,0,0,0,0,0,0], [0,0,0,0,0,0,0,1,0,0]) = 39356509750566376
N(O(5, 10), 26, [1,0,0,0,0,0,0,0,0,0], [9,0,0,0,0,0,0,0,0,0]) = 14610814468138999
N(O(5, 10), 26, [1,0,0,0,0,0,0,0,0,0], [7,1,0,0,0,0,0,0,0,0]) = 198103490129798790
N(O(5, 10), 26, [1,0,0,0,0,0,0,0,0,0], [6,0,1,0,0,0,0,0,0,0]) = 242279615294025492
N(O(5, 10), 26, [1,0,0,0,0,0,0,0,0,0], [5,2,0,0,0,0,0,0,0,0]) = 863436556187158044
N(O(5, 10), 26, [1,0,0,0,0,0,0,0,0,0], [5,0,0,1,0,0,0,0,0,0]) = 258311570650948860
N(O(5, 10), 26, [1,0,0,0,0,0,0,0,0,0], [4,1,1,0,0,0,0,0,0,0]) = 1695073867088235264
N(O(5, 10), 26, [1,0,0,0,0,0,0,0,0,0], [4,0,0,0,1,0,0,0,0,0]) = 249620975893509205
N(O(5, 10), 26, [1,0,0,0,0,0,0,0,0,0], [3,3,0,0,0,0,0,0,0,0]) = 1324835888725081984
N(O(5, 10), 26, [1,0,0,0,0,0,0,0,0,0], [3,1,0,1,0,0,0,0,0,0]) = 1373102517069926640
N(O(5, 10), 26, [1,0,0,0,0,0,0,0,0,0], [3,0,2,0,0,0,0,0,0,0]) = 766945205719652043
N(O(5, 10), 26, [1,0,0,0,0,0,0,0,0,0], [3,0,0,0,0,1,0,0,0,0]) = 220055027891952390
N(O(5, 10), 26, [1,0,0,0,0,0,0,0,0,0], [2,2,1,0,0,0,0,0,0,0]) = 2653121117112147708
N(O(5, 10), 26, [1,0,0,0,0,0,0,0,0,0], [2,1,0,0,1,0,0,0,0,0]) = 921557059931424300
N(O(5, 10), 26, [1,0,0,0,0,0,0,0,0,0], [2,0,1,1,0,0,0,0,0,0]) = 1096195479831943320
N(O(5, 10), 26, [1,0,0,0,0,0,0,0,0,0], [2,0,0,0,0,0,1,0,0,0]) = 173173643361234866
N(O(5, 10), 26, [1,0,0,0,0,0,0,0,0,0], [1,4,0,0,0,0,0,0,0,0]) = 509499746043018880
N(O(5, 10), 26, [1,0,0,0,0,0,0,0,0,0], [1,2,0,1,0,0,0,0,0,0]) = 1234827446300846688
N(O(5, 10), 26, [1,0,0,0,0,0,0,0,0,0], [1,1,2,0,0,0,0,0,0,0]) = 1377189483942341970
N(O(5, 10), 26, [1,0,0,0,0,0,0,0,0,0], [1,1,0,0,0,1,0,0,0,0]) = 477629146362613080
N(O(5, 10), 26, [1,0,0,0,0,0,0,0,0,0], [1,0,1,0,1,0,0,0,0,0]) = 590392418264087130
N(O(5, 10), 26, [1,0,0,0,0,0,0,0,0,0], [1,0,0,2,0,0,0,0,0,0]) = 314725950614124720
N(O(5, 10), 26, [1,0,0,0,0,0,0,0,0,0], [1,0,0,0,0,0,0,1,0,0]) = 112793926515002408
N(O(5, 10), 26, [1,0,0,0,0,0,0,0,0,0], [0,3,1,0,0,0,0,0,0,0]) = 517074954628255032
N(O(5, 10), 26, [1,0,0,0,0,0,0,0,0,0], [0,2,0,0,1,0,0,0,0,0]) = 321239662151652760
N(O(5, 10), 26, [1,0,0,0,0,0,0,0,0,0], [0,1,1,1,0,0,0,0,0,0]) = 762224305762438176
N(O(5, 10), 26, [1,0,0,0,0,0,0,0,0,0], [0,1,0,0,0,0,1,0,0,0]) = 148759141946688490
N(O(5, 10), 26, [1,0,0,0,0,0,0,0,0,0], [0,0,3,0,0,0,0,0,0,0]) = 141359823195836238
N(O(5, 10), 26, [1,0,0,0,0,0,0,0,0,0], [0,0,1,0,0,1,0,0,0,0]) = 188308201760213310
N(O(5, 10), 26, [1,0,0,0,0,0,0,0,0,0], [0,0,0,1,1,0,0,0,0,0]) = 209082289523120120
N(O(5, 10), 26, [1,0,0,0,0,0,0,0,0,0], [0,0,0,0,0,0,0,0,1,0]) = 47042113059327555
N(O(5, 10), 26, [0,0,0,0,0,0,0,0,0,0], [10,0,0,0,0,0,0,0,0,0]) = 14610814468139000
N(O(5, 10), 26, [0,0,0,0,0,0,0,0,0,0], [8,1,0,0,0,0,0,0,0,0]) = 224326362171322486
N(O(5, 10), 26, [0,0,0,0,0,0,0,0,0,0], [7,0,1,0,0,0,0,0,0,0]) = 279378561174141054
N(O(5, 10), 26, [0,0,0,0,0,0,0,0,0,0], [6,2,0,0,0,0,0,0,0,0]) = 1171161276826188484
N(O(5, 10), 26, [0,0,0,0,0,0,0,0,0,0], [6,0,0,1,0,0,0,0,0,0]) = 305063853728392040
N(O(5, 10), 26, [0,0,0,0,0,0,0,0,0,0], [5,1,1,0,0,0,0,0,0,0]) = 2430300229566839628
N(O(5, 10), 26, [0,0,0,0,0,0,0,0,0,0], [5,0,0,0,1,0,0,0,0,0]) = 304843474946752610
N(O(5, 10), 26, [0,0,0,0,0,0,0,0,0,0], [4,3,0,0,0,0,0,0,0,0]) = 2400637464322334200
N(O(5, 10), 26, [0,0,0,0,0,0,0,0,0,0], [4,1,0,1,0,0,0,0,0,0]) = 2130784420479278304
N(O(5, 10), 26, [0,0,0,0,0,0,0,0,0,0], [4,0,2,0,0,0,0,0,0,0]) = 1191110811270906699
N(O(5, 10), 26, [0,0,0,0,0,0,0,0,0,0], [4,0,0,0,0,1,0,0,0,0]) = 282650366624697726
N(O(5, 10), 26, [0,0,0,0,0,0,0,0,0,0], [3,2,1,0,0,0,0,0,0,0]) = 5578678499412214800
N(O(5, 10), 26, [0,0,0,0,0,0,0,0,0,0], [3,1,0,0,1,0,0,0,0,0]) = 1617391076006486540
N(O(5, 10), 26, [0,0,0,0,0,0,0,0,0,0], [3,0,1,1,0,0,0,0,0,0]) = 1926429636602319600
N(O(5, 10), 26, [0,0,0,0,0,0,0,0,0,0], [3,0,0,0,0,0,1,0,0,0]) = 242086870247297908
N(O(5, 10), 26, [0,0,0,0,0,0,0,0,0,0], [2,4,0,0,0,0,0,0,0,0]) = 1631277753647195552
N(O(5, 10), 26, [0,0,0,0,0,0,0,0,0,0], [2,2,0,1,0,0,0,0,0,0]) = 3327885119248013840
N(O(5, 10), 26, [0,0,0,0,0,0,0,0,0,0], [2,1,2,0,0,0,0,0,0,0]) = 3716324064688462614
N(O(5, 10), 26, [0,0,0,0,0,0,0,0,0,0], [2,1,0,0,0,1,0,0,0,0]) = 1041102845254145544
N(O(5, 10), 26, [0,0,0,0,0,0,0,0,0,0], [2,0,1,0,1,0,0,0,0,0]) = 1289796412507183140
N(O(5, 10), 26, [0,0,0,0,0,0,0,0,0,0], [2,0,0,2,0,0,0,0,0,0]) = 687631994569641968
N(O(5, 10), 26, [0,0,0,0,0,0,0,0,0,0], [2,0,0,0,0,0,0,1,0,0]) = 186448607487031688
N(O(5, 10), 26, [0,0,0,0,0,0,0,0,0,0], [1,3,1,0,0,0,0,0,0,0]) = 2850465875605699920
N(O(5, 10), 26, [0,0,0,0,0,0,0,0,0,0], [1,2,0,0,1,0,0,0,0,0]) = 1450760531600697960
N(O(5, 10), 26, [0,0,0,0,0,0,0,0,0,0], [1,1,1,1,0,0,0,0,0,0]) = 3449911833124726128
N(O(5, 10), 26, [0,0,0,0,0,0,0,0,0,0], [1,1,0,0,0,0,1,0,0,0]) = 523889075427294276
N(O(5, 10), 26, [0,0,0,0,0,0,0,0,0,0], [1,0,3,0,0,0,0,0,0,0]) = 641164460380221456
N(O(5, 10), 26, [0,0,0,0,0,0,0,0,0,0], [1,0,1,0,0,1,0,0,0,0]) = 665951320676791944
N(O(5, 10), 26, [0,0,0,0,0,0,0,0,0,0], [1,0,0,1,1,0,0,0,0,0]) = 739571406500383760
N(O(5, 10), 26, [0,0,0,0,0,0,0,0,0,0], [1,0,0,0,0,0,0,0,1,0]) = 119358010176681420
N(O(5, 10), 26, [0,0,0,0,0,0,0,0,0,0], [0,5,0,0,0,0,0,0,0,0]) = 163842003072395456
N(O(5, 10), 26, [0,0,0,0,0,0,0,0,0,0], [0,3,0,1,0,0,0,0,0,0]) = 646672319041638944
N(O(5, 10), 26, [0,0,0,0,0,0,0,0,0,0], [0,2,2,0,0,0,0,0,0,0]) = 1081398300083370936
N(O(5, 10), 26, [0,0,0,0,0,0,0,0,0,0], [0,2,0,0,0,1,0,0,0,0]) = 361701864858899640
N(O(5, 10), 26, [0,0,0,0,0,0,0,0,0,0], [0,1,1,0,1,0,0,0,0,0]) = 893800501811339460
N(O(5, 10), 26, [0,0,0,0,0,0,0,0,0,0], [0,1,0,2,0,0,0,0,0,0]) = 476447209445770592
N(O(5, 10), 26, [0,0,0,0,0,0,0,0,0,0], [0,1,0,0,0,0,0,1,0,0]) = 159500059620896352
N(O(5, 10), 26, [0,0,0,0,0,0,0,0,0,0], [0,0,2,1,0,0,0,0,0,0]) = 530064382320965592
N(O(5, 10), 26, [0,0,0,0,0,0,0,0,0,0], [0,0,1,0,0,0,1,0,0,0]) = 206055640158447786
N(O(5, 10), 26, [0,0,0,0,0,0,0,0,0,0], [0,0,0,1,0,1,0,0,0,0]) = 235320110927497512
N(O(5, 10), 26, [0,0,0,0,0,0,0,0,0,0], [0,0,0,0,2,0,0,0,0,0]) = 122559144685428350
N(O(5, 10), 26, [0,0,0,0,0,0,0,0,0,0], [0,0,0,0,0,0,0,0,0,1]) = 49023562298031230
