N(O(6, 10), 43, [10,0,0,0,0,0,0,0,0,0], [0,0,0,0,0,0,0,0,0,0]) = 40212
N(O(6, 10), 43, [8,1,0,0,0,0,0,0,0,0], [0,0,0,0,0,0,0,0,0,0]) = 39644
N(O(6, 10), 43, [7,0,1,0,0,0,0,0,0,0], [0,0,0,0,0,0,0,0,0,0]) = 39360
N(O(6, 10), 43, [6,2,0,0,0,0,0,0,0,0], [0,0,0,0,0,0,0,0,0,0]) = 39080
N(O(6, 10), 43, [6,0,0,1,0,0,0,0,0,0], [0,0,0,0,0,0,0,0,0,0]) = 39078
N(O(6, 10), 43, [5,1,1,0,0,0,0,0,0,0], [0,0,0,0,0,0,0,0,0,0]) = 38798
N(O(6, 10), 43, [5,0,0,0,1,0,0,0,0,0], [0,0,0,0,0,0,0,0,0,0]) = 38797
N(O(6, 10), 43, [4,3,0,0,0,0,0,0,0,0], [0,0,0,0,0,0,0,0,0,0]) = 38520
N(O(6, 10), 43, [4,1,0,1,0,0,0,0,0,0], [0,0,0,0,0,0,0,0,0,0]) = 38518
N(O(6, 10), 43, [4,0,2,0,0,0,0,0,0,0], [0,0,0,0,0,0,0,0,0,0]) = 38517
N(O(6, 10), 43, [4,0,0,0,0,1,0,0,0,0], [0,0,0,0,0,0,0,0,0,0]) = 38517
N(O(6, 10), 43, [3,2,1,0,0,0,0,0,0,0], [0,0,0,0,0,0,0,0,0,0]) = 38240
N(O(6, 10), 43, [3,1,0,0,1,0,0,0,0,0], [0,0,0,0,0,0,0,0,0,0]) = 38239
N(O(6, 10), 43, [3,0,1,1,0,0,0,0,0,0], [0,0,0,0,0,0,0,0,0,0]) = 38238
N(O(6, 10), 43, [3,0,0,0,0,0,1,0,0,0], [0,0,0,0,0,0,0,0,0,0]) = 38238
N(O(6, 10), 43, [2,4,0,0,0,0,0,0,0,0], [0,0,0,0,0,0,0,0,0,0]) = 37964
N(O(6, 10), 43, [2,2,0,1,0,0,0,0,0,0], [0,0,0,0,0,0,0,0,0,0]) = 37962
N(O(6, 10), 43, [2,1,2,0,0,0,0,0,0,0], [0,0,0,0,0,0,0,0,0,0]) = 37961
N(O(6, 10), 43, [2,1,0,0,0,1,0,0,0,0], [0,0,0,0,0,0,0,0,0,0]) = 37961
N(O(6, 10), 43, [2,0,1,0,1,0,0,0,0,0], [0,0,0,0,0,0,0,0,0,0]) = 37960
N(O(6, 10), 43, [2,0,0,2,0,0,0,0,0,0], [0,0,0,0,0,0,0,0,0,0]) = 37960
N(O(6, 10), 43, [2,0,0,0,0,0,0,1,0,0], [0,0,0,0,0,0,0,0,0,0]) = 37960
N(O(6, 10), 43, [1,3,1,0,0,0,0,0,0,0], [0,0,0,0,0,0,0,0,0,0]) = 37686
N(O(6, 10), 43, [1,2,0,0,1,0,0,0,0,0], [0,0,0,0,0,0,0,0,0,0]) = 37685
N(O(6, 10), 43, [1,1,1,1,0,0,0,0,0,0], [0,0,0,0,0,0,0,0,0,0]) = 37684
N(O(6, 10), 43, [1,1,0,0,0,0,1,0,0,0], [0,0,0,0,0,0,0,0,0,0]) = 37684
N(O(6, 10), 43, [1,0,3,0,0,0,0,0,0,0], [0,0,0,0,0,0,0,0,0,0]) = 37683
N(O(6, 10), 43, [1,0,1,0,0,1,0,0,0,0], [0,0,0,0,0,0,0,0,0,0]) = 37683
N(O(6, 10), 43, [1,0,0,1,1,0,0,0,0,0], [0,0,0,0,0,0,0,0,0,0]) = 37683
N(O(6, 10), 43, [1,0,0,0,0,0,0,0,1,0], [0,0,0,0,0,0,0,0,0,0]) = 37683
N(O(6, 10), 43, [0,5,0,0,0,0,0,0,0,0], [0,0,0,0,0,0,0,0,0,0]) = 37412
N(O(6, 10), 43, [0,3,0,1,0,0,0,0,0,0], [0,0,0,0,0,0,0,0,0,0]) = 37410
N(O(6, 10), 43, [0,2,2,0,0,0,0,0,0,0], [0,0,0,0,0,0,0,0,0,0]) = 37409
N(O(6, 10), 43, [0,2,0,0,0,1,0,0,0,0], [0,0,0,0,0,0,0,0,0,0]) = 37409
N(O(6, 10), 43, [0,1,1,0,1,0,0,0,0,0], [0,0,0,0,0,0,0,0,0,0]) = 37408
N(O(6, 10), 43, [0,1,0,2,0,0,0,0,0,0], [0,0,0,0,0,0,0,0,0,0]) = 37408
N(O(6, 10), 43, [0,1,0,0,0,0,0,1,0,0], [0,0,0,0,0,0,0,0,0,0]) = 37408
N(O(6, 10), 43, [0,0,2,1,0,0,0,0,0,0], [0,0,0,0,0,0,0,0,0,0]) = 37407
N(O(6, 10), 43, [0,0,1,0,0,0,1,0,0,0], [0,0,0,0,0,0,0,0,0,0]) = 37407
N(O(6, 10), 43, [0,0,0,1,0,1,0,0,0,0], [0,0,0,0,0,0,0,0,0,0]) = 37407
N(O(6, 10), 43, [0,0,0,0,2,0,0,0,0,0], [0,0,0,0,0,0,0,0,0,0]) = 37407
N(O(6, 10), 43, [0,0,0,0,0,0,0,0,0,1], [0,0,0,0,0,0,0,0,0,0]) = 37407
N(O(6, 10), 43, [9,0,0,0,0,0,0,0,0,0], [1,0,0,0,0,0,0,0,0,0]) = 43021
N(O(6, 10), 43, [7,1,0,0,0,0,0,0,0,0], [1,0,0,0,0,0,0,0,0,0]) = 42435
N(O(6, 10), 43, [6,0,1,0,0,0,0,0,0,0], [1,0,0,0,0,0,0,0,0,0]) = 42142
N(O(6, 10), 43, [5,2,0,0,0,0,0,0,0,0], [1,0,0,0,0,0,0,0,0,0]) = 41853
N(O(6, 10), 43, [5,0,0,1,0,0,0,0,0,0], [1,0,0,0,0,0,0,0,0,0]) = 41851
N(O(6, 10), 43, [4,1,1,0,0,0,0,0,0,0], [1,0,0,0,0,0,0,0,0,0]) = 41562
N(O(6, 10), 43, [4,0,0,0,1,0,0,0,0,0], [1,0,0,0,0,0,0,0,0,0]) = 41561
N(O(6, 10), 43, [3,3,0,0,0,0,0,0,0,0], [1,0,0,0,0,0,0,0,0,0]) = 41275
N(O(6, 10), 43, [3,1,0,1,0,0,0,0,0,0], [1,0,0,0,0,0,0,0,0,0]) = 41273
N(O(6, 10), 43, [3,0,2,0,0,0,0,0,0,0], [1,0,0,0,0,0,0,0,0,0]) = 41272
N(O(6, 10), 43, [3,0,0,0,0,1,0,0,0,0], [1,0,0,0,0,0,0,0,0,0]) = 41272
N(O(6, 10), 43, [2,2,1,0,0,0,0,0,0,0], [1,0,0,0,0,0,0,0,0,0]) = 40986
N(O(6, 10), 43, [2,1,0,0,1,0,0,0,0,0], [1,0,0,0,0,0,0,0,0,0]) = 40985
N(O(6, 10), 43, [2,0,1,1,0,0,0,0,0,0], [1,0,0,0,0,0,0,0,0,0]) = 40984
N(O(6, 10), 43, [2,0,0,0,0,0,1,0,0,0], [1,0,0,0,0,0,0,0,0,0]) = 40984
N(O(6, 10), 43, [1,4,0,0,0,0,0,0,0,0], [1,0,0,0,0,0,0,0,0,0]) = 40701
N(O(6, 10), 43, [1,2,0,1,0,0,0,0,0,0], [1,0,0,0,0,0,0,0,0,0]) = 40699
N(O(6, 10), 43, [1,1,2,0,0,0,0,0,0,0], [1,0,0,0,0,0,0,0,0,0]) = 40698
N(O(6, 10), 43, [1,1,0,0,0,1,0,0,0,0], [1,0,0,0,0,0,0,0,0,0]) = 40698
N(O(6, 10), 43, [1,0,1,0,1,0,0,0,0,0], [1,0,0,0,0,0,0,0,0,0]) = 40697
N(O(6, 10), 43, [1,0,0,2,0,0,0,0,0,0], [1,0,0,0,0,0,0,0,0,0]) = 40697
N(O(6, 10), 43, [1,0,0,0,0,0,0,1,0,0], [1,0,0,0,0,0,0,0,0,0]) = 40697
N(O(6, 10), 43, [0,3,1,0,0,0,0,0,0,0], [1,0,0,0,0,0,0,0,0,0]) = 40414
N(O(6, 10), 43, [0,2,0,0,1,0,0,0,0,0], [1,0,0,0,0,0,0,0,0,0]) = 40413
N(O(6, 10), 43, [0,1,1,1,0,0,0,0,0,0], [1,0,0,0,0,0,0,0,0,0]) = 40412
N(O(6, 10), 43, [0,1,0,0,0,0,1,0,0,0], [1,0,0,0,0,0,0,0,0,0]) = 40412
N(O(6, 10), 43, [0,0,3,0,0,0,0,0,0,0], [1,0,0,0,0,0,0,0,0,0]) = 40411
N(O(6, 10), 43, [0,0,1,0,0,1,0,0,0,0], [1,0,0,0,0,0,0,0,0,0]) = 40411
N(O(6, 10), 43, [0,0,0,1,1,0,0,0,0,0], [1,0,0,0,0,0,0,0,0,0]) = 40411
N(O(6, 10), 43, [0,0,0,0,0,0,0,0,1,0], [1,0,0,0,0,0,0,0,0,0]) = 40411
N(O(6, 10), 43, [8,0,0,0,0,0,0,0,0,0], [2,0,0,0,0,0,0,0,0,0]) = 43066
N(O(6, 10), 43, [8,0,0,0,0,0,0,0,0,0], [0,1,0,0,0,0,0,0,0,0]) = 79306
N(O(6, 10), 43, [6,1,0,0,0,0,0,0,0,0], [2,0,0,0,0,0,0,0,0,0]) = 42480
N(O(6, 10), 43, [6,1,0,0,0,0,0,0,0,0], [0,1,0,0,0,0,0,0,0,0]) = 78178
N(O(6, 10), 43, [5,0,1,0,0,0,0,0,0,0], [2,0,0,0,0,0,0,0,0,0]) = 42187
N(O(6, 10), 43, [5,0,1,0,0,0,0,0,0,0], [0,1,0,0,0,0,0,0,0,0]) = 77614
N(O(6, 10), 43, [4,2,0,0,0,0,0,0,0,0], [2,0,0,0,0,0,0,0,0,0]) = 41898
N(O(6, 10), 43, [4,2,0,0,0,0,0,0,0,0], [0,1,0,0,0,0,0,0,0,0]) = 77058
N(O(6, 10), 43, [4,0,0,1,0,0,0,0,0,0], [2,0,0,0,0,0,0,0,0,0]) = 41896
N(O(6, 10), 43, [4,0,0,1,0,0,0,0,0,0], [0,1,0,0,0,0,0,0,0,0]) = 77054
N(O(6, 10), 43, [3,1,1,0,0,0,0,0,0,0], [2,0,0,0,0,0,0,0,0,0]) = 41607
N(O(6, 10), 43, [3,1,1,0,0,0,0,0,0,0], [0,1,0,0,0,0,0,0,0,0]) = 76498
N(O(6, 10), 43, [3,0,0,0,1,0,0,0,0,0], [2,0,0,0,0,0,0,0,0,0]) = 41606
N(O(6, 10), 43, [3,0,0,0,1,0,0,0,0,0], [0,1,0,0,0,0,0,0,0,0]) = 76496
N(O(6, 10), 43, [2,3,0,0,0,0,0,0,0,0], [2,0,0,0,0,0,0,0,0,0]) = 41320
N(O(6, 10), 43, [2,3,0,0,0,0,0,0,0,0], [0,1,0,0,0,0,0,0,0,0]) = 75946
N(O(6, 10), 43, [2,1,0,1,0,0,0,0,0,0], [2,0,0,0,0,0,0,0,0,0]) = 41318
N(O(6, 10), 43, [2,1,0,1,0,0,0,0,0,0], [0,1,0,0,0,0,0,0,0,0]) = 75942
N(O(6, 10), 43, [2,0,2,0,0,0,0,0,0,0], [2,0,0,0,0,0,0,0,0,0]) = 41317
N(O(6, 10), 43, [2,0,2,0,0,0,0,0,0,0], [0,1,0,0,0,0,0,0,0,0]) = 75940
N(O(6, 10), 43, [2,0,0,0,0,1,0,0,0,0], [2,0,0,0,0,0,0,0,0,0]) = 41317
N(O(6, 10), 43, [2,0,0,0,0,1,0,0,0,0], [0,1,0,0,0,0,0,0,0,0]) = 75940
N(O(6, 10), 43, [1,2,1,0,0,0,0,0,0,0], [2,0,0,0,0,0,0,0,0,0]) = 41031
N(O(6, 10), 43, [1,2,1,0,0,0,0,0,0,0], [0,1,0,0,0,0,0,0,0,0]) = 75390
N(O(6, 10), 43, [1,1,0,0,1,0,0,0,0,0], [2,0,0,0,0,0,0,0,0,0]) = 41030
N(O(6, 10), 43, [1,1,0,0,1,0,0,0,0,0], [0,1,0,0,0,0,0,0,0,0]) = 75388
N(O(6, 10), 43, [1,0,1,1,0,0,0,0,0,0], [2,0,0,0,0,0,0,0,0,0]) = 41029
N(O(6, 10), 43, [1,0,1,1,0,0,0,0,0,0], [0,1,0,0,0,0,0,0,0,0]) = 75386
N(O(6, 10), 43, [1,0,0,0,0,0,1,0,0,0], [2,0,0,0,0,0,0,0,0,0]) = 41029
N(O(6, 10), 43, [1,0,0,0,0,0,1,0,0,0], [0,1,0,0,0,0,0,0,0,0]) = 75386
N(O(6, 10), 43, [0,4,0,0,0,0,0,0,0,0], [2,0,0,0,0,0,0,0,0,0]) = 40746
N(O(6, 10), 43, [0,4,0,0,0,0,0,0,0,0], [0,1,0,0,0,0,0,0,0,0]) = 74842
N(O(6, 10), 43, [0,2,0,1,0,0,0,0,0,0], [2,0,0,0,0,0,0,0,0,0]) = 40744
N(O(6, 10), 43, [0,2,0,1,0,0,0,0,0,0], [0,1,0,0,0,0,0,0,0,0]) = 74838
N(O(6, 10), 43, [0,1,2,0,0,0,0,0,0,0], [2,0,0,0,0,0,0,0,0,0]) = 40743
N(O(6, 10), 43, [0,1,2,0,0,0,0,0,0,0], [0,1,0,0,0,0,0,0,0,0]) = 74836
N(O(6, 10), 43, [0,1,0,0,0,1,0,0,0,0], [2,0,0,0,0,0,0,0,0,0]) = 40743
N(O(6, 10), 43, [0,1,0,0,0,1,0,0,0,0], [0,1,0,0,0,0,0,0,0,0]) = 74836
N(O(6, 10), 43, [0,0,1,0,1,0,0,0,0,0], [2,0,0,0,0,0,0,0,0,0]) = 40742
N(O(6, 10), 43, [0,0,1,0,1,0,0,0,0,0], [0,1,0,0,0,0,0,0,0,0]) = 74834
N(O(6, 10), 43, [0,0,0,2,0,0,0,0,0,0], [2,0,0,0,0,0,0,0,0,0]) = 40742
N(O(6, 10), 43, [0,0,0,2,0,0,0,0,0,0], [0,1,0,0,0,0,0,0,0,0]) = 74834
N(O(6, 10), 43, [0,0,0,0,0,0,0,1,0,0], [2,0,0,0,0,0,0,0,0,0]) = 40742
N(O(6, 10), 43, [0,0,0,0,0,0,0,1,0,0], [0,1,0,0,0,0,0,0,0,0]) = 74834
N(O(6, 10), 43, [7,0,0,0,0,0,0,0,0,0], [3,0,0,0,0,0,0,0,0,0]) = 43066
N(O(6, 10), 43, [7,0,0,0,0,0,0,0,0,0], [1,1,0,0,0,0,0,0,0,0]) = 164176
N(O(6, 10), 43, [7,0,0,0,0,0,0,0,0,0], [0,0,1,0,0,0,0,0,0,0]) = 118080
N(O(6, 10), 43, [5,1,0,0,0,0,0,0,0,0], [3,0,0,0,0,0,0,0,0,0]) = 42480
N(O(6, 10), 43, [5,1,0,0,0,0,0,0,0,0], [1,1,0,0,0,0,0,0,0,0]) = 161884
N(O(6, 10), 43, [5,1,0,0,0,0,0,0,0,0], [0,0,1,0,0,0,0,0,0,0]) = 116394
N(O(6, 10), 43, [4,0,1,0,0,0,0,0,0,0], [3,0,0,0,0,0,0,0,0,0]) = 42187
N(O(6, 10), 43, [4,0,1,0,0,0,0,0,0,0], [1,1,0,0,0,0,0,0,0,0]) = 160738
N(O(6, 10), 43, [4,0,1,0,0,0,0,0,0,0], [0,0,1,0,0,0,0,0,0,0]) = 115551
N(O(6, 10), 43, [3,2,0,0,0,0,0,0,0,0], [3,0,0,0,0,0,0,0,0,0]) = 41898
N(O(6, 10), 43, [3,2,0,0,0,0,0,0,0,0], [1,1,0,0,0,0,0,0,0,0]) = 159608
N(O(6, 10), 43, [3,2,0,0,0,0,0,0,0,0], [0,0,1,0,0,0,0,0,0,0]) = 114720
N(O(6, 10), 43, [3,0,0,1,0,0,0,0,0,0], [3,0,0,0,0,0,0,0,0,0]) = 41896
N(O(6, 10), 43, [3,0,0,1,0,0,0,0,0,0], [1,1,0,0,0,0,0,0,0,0]) = 159600
N(O(6, 10), 43, [3,0,0,1,0,0,0,0,0,0], [0,0,1,0,0,0,0,0,0,0]) = 114714
N(O(6, 10), 43, [2,1,1,0,0,0,0,0,0,0], [3,0,0,0,0,0,0,0,0,0]) = 41607
N(O(6, 10), 43, [2,1,1,0,0,0,0,0,0,0], [1,1,0,0,0,0,0,0,0,0]) = 158470
N(O(6, 10), 43, [2,1,1,0,0,0,0,0,0,0], [0,0,1,0,0,0,0,0,0,0]) = 113883
N(O(6, 10), 43, [2,0,0,0,1,0,0,0,0,0], [3,0,0,0,0,0,0,0,0,0]) = 41606
N(O(6, 10), 43, [2,0,0,0,1,0,0,0,0,0], [1,1,0,0,0,0,0,0,0,0]) = 158466
N(O(6, 10), 43, [2,0,0,0,1,0,0,0,0,0], [0,0,1,0,0,0,0,0,0,0]) = 113880
N(O(6, 10), 43, [1,3,0,0,0,0,0,0,0,0], [3,0,0,0,0,0,0,0,0,0]) = 41320
N(O(6, 10), 43, [1,3,0,0,0,0,0,0,0,0], [1,1,0,0,0,0,0,0,0,0]) = 157348
N(O(6, 10), 43, [1,3,0,0,0,0,0,0,0,0], [0,0,1,0,0,0,0,0,0,0]) = 113058
N(O(6, 10), 43, [1,1,0,1,0,0,0,0,0,0], [3,0,0,0,0,0,0,0,0,0]) = 41318
N(O(6, 10), 43, [1,1,0,1,0,0,0,0,0,0], [1,1,0,0,0,0,0,0,0,0]) = 157340
N(O(6, 10), 43, [1,1,0,1,0,0,0,0,0,0], [0,0,1,0,0,0,0,0,0,0]) = 113052
N(O(6, 10), 43, [1,0,2,0,0,0,0,0,0,0], [3,0,0,0,0,0,0,0,0,0]) = 41317
N(O(6, 10), 43, [1,0,2,0,0,0,0,0,0,0], [1,1,0,0,0,0,0,0,0,0]) = 157336
N(O(6, 10), 43, [1,0,2,0,0,0,0,0,0,0], [0,0,1,0,0,0,0,0,0,0]) = 113049
N(O(6, 10), 43, [1,0,0,0,0,1,0,0,0,0], [3,0,0,0,0,0,0,0,0,0]) = 41317
N(O(6, 10), 43, [1,0,0,0,0,1,0,0,0,0], [1,1,0,0,0,0,0,0,0,0]) = 157336
N(O(6, 10), 43, [1,0,0,0,0,1,0,0,0,0], [0,0,1,0,0,0,0,0,0,0]) = 113049
N(O(6, 10), 43, [0,2,1,0,0,0,0,0,0,0], [3,0,0,0,0,0,0,0,0,0]) = 41031
N(O(6, 10), 43, [0,2,1,0,0,0,0,0,0,0], [1,1,0,0,0,0,0,0,0,0]) = 156218
N(O(6, 10), 43, [0,2,1,0,0,0,0,0,0,0], [0,0,1,0,0,0,0,0,0,0]) = 112227
N(O(6, 10), 43, [0,1,0,0,1,0,0,0,0,0], [3,0,0,0,0,0,0,0,0,0]) = 41030
N(O(6, 10), 43, [0,1,0,0,1,0,0,0,0,0], [1,1,0,0,0,0,0,0,0,0]) = 156214
N(O(6, 10), 43, [0,1,0,0,1,0,0,0,0,0], [0,0,1,0,0,0,0,0,0,0]) = 112224
N(O(6, 10), 43, [0,0,1,1,0,0,0,0,0,0], [3,0,0,0,0,0,0,0,0,0]) = 41029
N(O(6, 10), 43, [0,0,1,1,0,0,0,0,0,0], [1,1,0,0,0,0,0,0,0,0]) = 156210
N(O(6, 10), 43, [0,0,1,1,0,0,0,0,0,0], [0,0,1,0,0,0,0,0,0,0]) = 112221
N(O(6, 10), 43, [0,0,0,0,0,0,1,0,0,0], [3,0,0,0,0,0,0,0,0,0]) = 41029
N(O(6, 10), 43, [0,0,0,0,0,0,1,0,0,0], [1,1,0,0,0,0,0,0,0,0]) = 156210
N(O(6, 10), 43, [0,0,0,0,0,0,1,0,0,0], [0,0,1,0,0,0,0,0,0,0]) = 112221
N(O(6, 10), 43, [6,0,0,0,0,0,0,0,0,0], [4,0,0,0,0,0,0,0,0,0]) = 43066
N(O(6, 10), 43, [6,0,0,0,0,0,0,0,0,0], [2,1,0,0,0,0,0,0,0,0]) = 249136
N(O(6, 10), 43, [6,0,0,0,0,0,0,0,0,0], [1,0,1,0,0,0,0,0,0,0]) = 244506
N(O(6, 10), 43, [6,0,0,0,0,0,0,0,0,0], [0,2,0,0,0,0,0,0,0,0]) = 156356
N(O(6, 10), 43, [6,0,0,0,0,0,0,0,0,0], [0,0,0,1,0,0,0,0,0,0]) = 156312
N(O(6, 10), 43, [4,1,0,0,0,0,0,0,0,0], [4,0,0,0,0,0,0,0,0,0]) = 42480
N(O(6, 10), 43, [4,1,0,0,0,0,0,0,0,0], [2,1,0,0,0,0,0,0,0,0]) = 245680
N(O(6, 10), 43, [4,1,0,0,0,0,0,0,0,0], [1,0,1,0,0,0,0,0,0,0]) = 241080
N(O(6, 10), 43, [4,1,0,0,0,0,0,0,0,0], [0,2,0,0,0,0,0,0,0,0]) = 154116
N(O(6, 10), 43, [4,1,0,0,0,0,0,0,0,0], [0,0,0,1,0,0,0,0,0,0]) = 154072
N(O(6, 10), 43, [3,0,1,0,0,0,0,0,0,0], [4,0,0,0,0,0,0,0,0,0]) = 42187
N(O(6, 10), 43, [3,0,1,0,0,0,0,0,0,0], [2,1,0,0,0,0,0,0,0,0]) = 243952
N(O(6, 10), 43, [3,0,1,0,0,0,0,0,0,0], [1,0,1,0,0,0,0,0,0,0]) = 239367
N(O(6, 10), 43, [3,0,1,0,0,0,0,0,0,0], [0,2,0,0,0,0,0,0,0,0]) = 152996
N(O(6, 10), 43, [3,0,1,0,0,0,0,0,0,0], [0,0,0,1,0,0,0,0,0,0]) = 152952
N(O(6, 10), 43, [2,2,0,0,0,0,0,0,0,0], [4,0,0,0,0,0,0,0,0,0]) = 41898
N(O(6, 10), 43, [2,2,0,0,0,0,0,0,0,0], [2,1,0,0,0,0,0,0,0,0]) = 242248
N(O(6, 10), 43, [2,2,0,0,0,0,0,0,0,0], [1,0,1,0,0,0,0,0,0,0]) = 237678
N(O(6, 10), 43, [2,2,0,0,0,0,0,0,0,0], [0,2,0,0,0,0,0,0,0,0]) = 151892
N(O(6, 10), 43, [2,2,0,0,0,0,0,0,0,0], [0,0,0,1,0,0,0,0,0,0]) = 151848
N(O(6, 10), 43, [2,0,0,1,0,0,0,0,0,0], [4,0,0,0,0,0,0,0,0,0]) = 41896
N(O(6, 10), 43, [2,0,0,1,0,0,0,0,0,0], [2,1,0,0,0,0,0,0,0,0]) = 242236
N(O(6, 10), 43, [2,0,0,1,0,0,0,0,0,0], [1,0,1,0,0,0,0,0,0,0]) = 237666
N(O(6, 10), 43, [2,0,0,1,0,0,0,0,0,0], [0,2,0,0,0,0,0,0,0,0]) = 151884
N(O(6, 10), 43, [2,0,0,1,0,0,0,0,0,0], [0,0,0,1,0,0,0,0,0,0]) = 151840
N(O(6, 10), 43, [1,1,1,0,0,0,0,0,0,0], [4,0,0,0,0,0,0,0,0,0]) = 41607
N(O(6, 10), 43, [1,1,1,0,0,0,0,0,0,0], [2,1,0,0,0,0,0,0,0,0]) = 240532
N(O(6, 10), 43, [1,1,1,0,0,0,0,0,0,0], [1,0,1,0,0,0,0,0,0,0]) = 235977
N(O(6, 10), 43, [1,1,1,0,0,0,0,0,0,0], [0,2,0,0,0,0,0,0,0,0]) = 150780
N(O(6, 10), 43, [1,1,1,0,0,0,0,0,0,0], [0,0,0,1,0,0,0,0,0,0]) = 150736
N(O(6, 10), 43, [1,0,0,0,1,0,0,0,0,0], [4,0,0,0,0,0,0,0,0,0]) = 41606
N(O(6, 10), 43, [1,0,0,0,1,0,0,0,0,0], [2,1,0,0,0,0,0,0,0,0]) = 240526
N(O(6, 10), 43, [1,0,0,0,1,0,0,0,0,0], [1,0,1,0,0,0,0,0,0,0]) = 235971
N(O(6, 10), 43, [1,0,0,0,1,0,0,0,0,0], [0,2,0,0,0,0,0,0,0,0]) = 150776
N(O(6, 10), 43, [1,0,0,0,1,0,0,0,0,0], [0,0,0,1,0,0,0,0,0,0]) = 150732
N(O(6, 10), 43, [0,3,0,0,0,0,0,0,0,0], [4,0,0,0,0,0,0,0,0,0]) = 41320
N(O(6, 10), 43, [0,3,0,0,0,0,0,0,0,0], [2,1,0,0,0,0,0,0,0,0]) = 238840
N(O(6, 10), 43, [0,3,0,0,0,0,0,0,0,0], [1,0,1,0,0,0,0,0,0,0]) = 234300
N(O(6, 10), 43, [0,3,0,0,0,0,0,0,0,0], [0,2,0,0,0,0,0,0,0,0]) = 149684
N(O(6, 10), 43, [0,3,0,0,0,0,0,0,0,0], [0,0,0,1,0,0,0,0,0,0]) = 149640
N(O(6, 10), 43, [0,1,0,1,0,0,0,0,0,0], [4,0,0,0,0,0,0,0,0,0]) = 41318
N(O(6, 10), 43, [0,1,0,1,0,0,0,0,0,0], [2,1,0,0,0,0,0,0,0,0]) = 238828
N(O(6, 10), 43, [0,1,0,1,0,0,0,0,0,0], [1,0,1,0,0,0,0,0,0,0]) = 234288
N(O(6, 10), 43, [0,1,0,1,0,0,0,0,0,0], [0,2,0,0,0,0,0,0,0,0]) = 149676
N(O(6, 10), 43, [0,1,0,1,0,0,0,0,0,0], [0,0,0,1,0,0,0,0,0,0]) = 149632
N(O(6, 10), 43, [0,0,2,0,0,0,0,0,0,0], [4,0,0,0,0,0,0,0,0,0]) = 41317
N(O(6, 10), 43, [0,0,2,0,0,0,0,0,0,0], [2,1,0,0,0,0,0,0,0,0]) = 238822
N(O(6, 10), 43, [0,0,2,0,0,0,0,0,0,0], [1,0,1,0,0,0,0,0,0,0]) = 234282
N(O(6, 10), 43, [0,0,2,0,0,0,0,0,0,0], [0,2,0,0,0,0,0,0,0,0]) = 149672
N(O(6, 10), 43, [0,0,2,0,0,0,0,0,0,0], [0,0,0,1,0,0,0,0,0,0]) = 149628
N(O(6, 10), 43, [0,0,0,0,0,1,0,0,0,0], [4,0,0,0,0,0,0,0,0,0]) = 41317
N(O(6, 10), 43, [0,0,0,0,0,1,0,0,0,0], [2,1,0,0,0,0,0,0,0,0]) = 238822
N(O(6, 10), 43, [0,0,0,0,0,1,0,0,0,0], [1,0,1,0,0,0,0,0,0,0]) = 234282
N(O(6, 10), 43, [0,0,0,0,0,1,0,0,0,0], [0,2,0,0,0,0,0,0,0,0]) = 149672
N(O(6, 10), 43, [0,0,0,0,0,1,0,0,0,0], [0,0,0,1,0,0,0,0,0,0]) = 149628
N(O(6, 10), 43, [5,0,0,0,0,0,0,0,0,0], [5,0,0,0,0,0,0,0,0,0]) = 43066
N(O(6, 10), 43, [5,0,0,0,0,0,0,0,0,0], [3,1,0,0,0,0,0,0,0,0]) = 334096
N(O(6, 10), 43, [5,0,0,0,0,0,0,0,0,0], [2,0,1,0,0,0,0,0,0,0]) = 371067
N(O(6, 10), 43, [5,0,0,0,0,0,0,0,0,0], [1,2,0,0,0,0,0,0,0,0]) = 480124
N(O(6, 10), 43, [5,0,0,0,0,0,0,0,0,0], [1,0,0,1,0,0,0,0,0,0]) = 323716
N(O(6, 10), 43, [5,0,0,0,0,0,0,0,0,0], [0,1,1,0,0,0,0,0,0,0]) = 465630
N(O(6, 10), 43, [5,0,0,0,0,0,0,0,0,0], [0,0,0,0,1,0,0,0,0,0]) = 193985
N(O(6, 10), 43, [3,1,0,0,0,0,0,0,0,0], [5,0,0,0,0,0,0,0,0,0]) = 42480
N(O(6, 10), 43, [3,1,0,0,0,0,0,0,0,0], [3,1,0,0,0,0,0,0,0,0]) = 329476
N(O(6, 10), 43, [3,1,0,0,0,0,0,0,0,0], [2,0,1,0,0,0,0,0,0,0]) = 365901
N(O(6, 10), 43, [3,1,0,0,0,0,0,0,0,0], [1,2,0,0,0,0,0,0,0,0]) = 473332
N(O(6, 10), 43, [3,1,0,0,0,0,0,0,0,0], [1,0,0,1,0,0,0,0,0,0]) = 319164
N(O(6, 10), 43, [3,1,0,0,0,0,0,0,0,0], [0,1,1,0,0,0,0,0,0,0]) = 458934
N(O(6, 10), 43, [3,1,0,0,0,0,0,0,0,0], [0,0,0,0,1,0,0,0,0,0]) = 191195
N(O(6, 10), 43, [2,0,1,0,0,0,0,0,0,0], [5,0,0,0,0,0,0,0,0,0]) = 42187
N(O(6, 10), 43, [2,0,1,0,0,0,0,0,0,0], [3,1,0,0,0,0,0,0,0,0]) = 327166
N(O(6, 10), 43, [2,0,1,0,0,0,0,0,0,0], [2,0,1,0,0,0,0,0,0,0]) = 363318
N(O(6, 10), 43, [2,0,1,0,0,0,0,0,0,0], [1,2,0,0,0,0,0,0,0,0]) = 469936
N(O(6, 10), 43, [2,0,1,0,0,0,0,0,0,0], [1,0,0,1,0,0,0,0,0,0]) = 316888
N(O(6, 10), 43, [2,0,1,0,0,0,0,0,0,0], [0,1,1,0,0,0,0,0,0,0]) = 455586
N(O(6, 10), 43, [2,0,1,0,0,0,0,0,0,0], [0,0,0,0,1,0,0,0,0,0]) = 189800
N(O(6, 10), 43, [1,2,0,0,0,0,0,0,0,0], [5,0,0,0,0,0,0,0,0,0]) = 41898
N(O(6, 10), 43, [1,2,0,0,0,0,0,0,0,0], [3,1,0,0,0,0,0,0,0,0]) = 324888
N(O(6, 10), 43, [1,2,0,0,0,0,0,0,0,0], [2,0,1,0,0,0,0,0,0,0]) = 360771
N(O(6, 10), 43, [1,2,0,0,0,0,0,0,0,0], [1,2,0,0,0,0,0,0,0,0]) = 466588
N(O(6, 10), 43, [1,2,0,0,0,0,0,0,0,0], [1,0,0,1,0,0,0,0,0,0]) = 314644
N(O(6, 10), 43, [1,2,0,0,0,0,0,0,0,0], [0,1,1,0,0,0,0,0,0,0]) = 452286
N(O(6, 10), 43, [1,2,0,0,0,0,0,0,0,0], [0,0,0,0,1,0,0,0,0,0]) = 188425
N(O(6, 10), 43, [1,0,0,1,0,0,0,0,0,0], [5,0,0,0,0,0,0,0,0,0]) = 41896
N(O(6, 10), 43, [1,0,0,1,0,0,0,0,0,0], [3,1,0,0,0,0,0,0,0,0]) = 324872
N(O(6, 10), 43, [1,0,0,1,0,0,0,0,0,0], [2,0,1,0,0,0,0,0,0,0]) = 360753
N(O(6, 10), 43, [1,0,0,1,0,0,0,0,0,0], [1,2,0,0,0,0,0,0,0,0]) = 466564
N(O(6, 10), 43, [1,0,0,1,0,0,0,0,0,0], [1,0,0,1,0,0,0,0,0,0]) = 314628
N(O(6, 10), 43, [1,0,0,1,0,0,0,0,0,0], [0,1,1,0,0,0,0,0,0,0]) = 452262
N(O(6, 10), 43, [1,0,0,1,0,0,0,0,0,0], [0,0,0,0,1,0,0,0,0,0]) = 188415
N(O(6, 10), 43, [0,1,1,0,0,0,0,0,0,0], [5,0,0,0,0,0,0,0,0,0]) = 41607
N(O(6, 10), 43, [0,1,1,0,0,0,0,0,0,0], [3,1,0,0,0,0,0,0,0,0]) = 322594
N(O(6, 10), 43, [0,1,1,0,0,0,0,0,0,0], [2,0,1,0,0,0,0,0,0,0]) = 358206
N(O(6, 10), 43, [0,1,1,0,0,0,0,0,0,0], [1,2,0,0,0,0,0,0,0,0]) = 463216
N(O(6, 10), 43, [0,1,1,0,0,0,0,0,0,0], [1,0,0,1,0,0,0,0,0,0]) = 312384
N(O(6, 10), 43, [0,1,1,0,0,0,0,0,0,0], [0,1,1,0,0,0,0,0,0,0]) = 448962
N(O(6, 10), 43, [0,1,1,0,0,0,0,0,0,0], [0,0,0,0,1,0,0,0,0,0]) = 187040
N(O(6, 10), 43, [0,0,0,0,1,0,0,0,0,0], [5,0,0,0,0,0,0,0,0,0]) = 41606
N(O(6, 10), 43, [0,0,0,0,1,0,0,0,0,0], [3,1,0,0,0,0,0,0,0,0]) = 322586
N(O(6, 10), 43, [0,0,0,0,1,0,0,0,0,0], [2,0,1,0,0,0,0,0,0,0]) = 358197
N(O(6, 10), 43, [0,0,0,0,1,0,0,0,0,0], [1,2,0,0,0,0,0,0,0,0]) = 463204
N(O(6, 10), 43, [0,0,0,0,1,0,0,0,0,0], [1,0,0,1,0,0,0,0,0,0]) = 312376
N(O(6, 10), 43, [0,0,0,0,1,0,0,0,0,0], [0,1,1,0,0,0,0,0,0,0]) = 448950
N(O(6, 10), 43, [0,0,0,0,1,0,0,0,0,0], [0,0,0,0,1,0,0,0,0,0]) = 187035
N(O(6, 10), 43, [4,0,0,0,0,0,0,0,0,0], [6,0,0,0,0,0,0,0,0,0]) = 43066
N(O(6, 10), 43, [4,0,0,0,0,0,0,0,0,0], [4,1,0,0,0,0,0,0,0,0]) = 419056
N(O(6, 10), 43, [4,0,0,0,0,0,0,0,0,0], [3,0,1,0,0,0,0,0,0,0]) = 497628
N(O(6, 10), 43, [4,0,0,0,0,0,0,0,0,0], [2,2,0,0,0,0,0,0,0,0]) = 971484
N(O(6, 10), 43, [4,0,0,0,0,0,0,0,0,0], [2,0,0,1,0,0,0,0,0,0]) = 491300
N(O(6, 10), 43, [4,0,0,0,0,0,0,0,0,0], [1,1,1,0,0,0,0,0,0,0]) = 1430004
N(O(6, 10), 43, [4,0,0,0,0,0,0,0,0,0], [1,0,0,0,1,0,0,0,0,0]) = 401790
N(O(6, 10), 43, [4,0,0,0,0,0,0,0,0,0], [0,3,0,0,0,0,0,0,0,0]) = 308232
N(O(6, 10), 43, [4,0,0,0,0,0,0,0,0,0], [0,1,0,1,0,0,0,0,0,0]) = 616360
N(O(6, 10), 43, [4,0,0,0,0,0,0,0,0,0], [0,0,2,0,0,0,0,0,0,0]) = 346653
N(O(6, 10), 43, [4,0,0,0,0,0,0,0,0,0], [0,0,0,0,0,1,0,0,0,0]) = 231102
N(O(6, 10), 43, [2,1,0,0,0,0,0,0,0,0], [6,0,0,0,0,0,0,0,0,0]) = 42480
N(O(6, 10), 43, [2,1,0,0,0,0,0,0,0,0], [4,1,0,0,0,0,0,0,0,0]) = 413272
N(O(6, 10), 43, [2,1,0,0,0,0,0,0,0,0], [3,0,1,0,0,0,0,0,0,0]) = 490722
N(O(6, 10), 43, [2,1,0,0,0,0,0,0,0,0], [2,2,0,0,0,0,0,0,0,0]) = 957828
N(O(6, 10), 43, [2,1,0,0,0,0,0,0,0,0], [2,0,0,1,0,0,0,0,0,0]) = 484436
N(O(6, 10), 43, [2,1,0,0,0,0,0,0,0,0], [1,1,1,0,0,0,0,0,0,0]) = 1409700
N(O(6, 10), 43, [2,1,0,0,0,0,0,0,0,0], [1,0,0,0,1,0,0,0,0,0]) = 396120
N(O(6, 10), 43, [2,1,0,0,0,0,0,0,0,0], [0,3,0,0,0,0,0,0,0,0]) = 303784
N(O(6, 10), 43, [2,1,0,0,0,0,0,0,0,0], [0,1,0,1,0,0,0,0,0,0]) = 607464
N(O(6, 10), 43, [2,1,0,0,0,0,0,0,0,0], [0,0,2,0,0,0,0,0,0,0]) = 341649
N(O(6, 10), 43, [2,1,0,0,0,0,0,0,0,0], [0,0,0,0,0,1,0,0,0,0]) = 227766
N(O(6, 10), 43, [1,0,1,0,0,0,0,0,0,0], [6,0,0,0,0,0,0,0,0,0]) = 42187
N(O(6, 10), 43, [1,0,1,0,0,0,0,0,0,0], [4,1,0,0,0,0,0,0,0,0]) = 410380
N(O(6, 10), 43, [1,0,1,0,0,0,0,0,0,0], [3,0,1,0,0,0,0,0,0,0]) = 487269
N(O(6, 10), 43, [1,0,1,0,0,0,0,0,0,0], [2,2,0,0,0,0,0,0,0,0]) = 951000
N(O(6, 10), 43, [1,0,1,0,0,0,0,0,0,0], [2,0,0,1,0,0,0,0,0,0]) = 481004
N(O(6, 10), 43, [1,0,1,0,0,0,0,0,0,0], [1,1,1,0,0,0,0,0,0,0]) = 1399548
N(O(6, 10), 43, [1,0,1,0,0,0,0,0,0,0], [1,0,0,0,1,0,0,0,0,0]) = 393285
N(O(6, 10), 43, [1,0,1,0,0,0,0,0,0,0], [0,3,0,0,0,0,0,0,0,0]) = 301560
N(O(6, 10), 43, [1,0,1,0,0,0,0,0,0,0], [0,1,0,1,0,0,0,0,0,0]) = 603016
N(O(6, 10), 43, [1,0,1,0,0,0,0,0,0,0], [0,0,2,0,0,0,0,0,0,0]) = 339147
N(O(6, 10), 43, [1,0,1,0,0,0,0,0,0,0], [0,0,0,0,0,1,0,0,0,0]) = 226098
N(O(6, 10), 43, [0,2,0,0,0,0,0,0,0,0], [6,0,0,0,0,0,0,0,0,0]) = 41898
N(O(6, 10), 43, [0,2,0,0,0,0,0,0,0,0], [4,1,0,0,0,0,0,0,0,0]) = 407528
N(O(6, 10), 43, [0,2,0,0,0,0,0,0,0,0], [3,0,1,0,0,0,0,0,0,0]) = 483864
N(O(6, 10), 43, [0,2,0,0,0,0,0,0,0,0], [2,2,0,0,0,0,0,0,0,0]) = 944268
N(O(6, 10), 43, [0,2,0,0,0,0,0,0,0,0], [2,0,0,1,0,0,0,0,0,0]) = 477620
N(O(6, 10), 43, [0,2,0,0,0,0,0,0,0,0], [1,1,1,0,0,0,0,0,0,0]) = 1389540
N(O(6, 10), 43, [0,2,0,0,0,0,0,0,0,0], [1,0,0,0,1,0,0,0,0,0]) = 390490
N(O(6, 10), 43, [0,2,0,0,0,0,0,0,0,0], [0,3,0,0,0,0,0,0,0,0]) = 299368
N(O(6, 10), 43, [0,2,0,0,0,0,0,0,0,0], [0,1,0,1,0,0,0,0,0,0]) = 598632
N(O(6, 10), 43, [0,2,0,0,0,0,0,0,0,0], [0,0,2,0,0,0,0,0,0,0]) = 336681
N(O(6, 10), 43, [0,2,0,0,0,0,0,0,0,0], [0,0,0,0,0,1,0,0,0,0]) = 224454
N(O(6, 10), 43, [0,0,0,1,0,0,0,0,0,0], [6,0,0,0,0,0,0,0,0,0]) = 41896
N(O(6, 10), 43, [0,0,0,1,0,0,0,0,0,0], [4,1,0,0,0,0,0,0,0,0]) = 407508
N(O(6, 10), 43, [0,0,0,1,0,0,0,0,0,0], [3,0,1,0,0,0,0,0,0,0]) = 483840
N(O(6, 10), 43, [0,0,0,1,0,0,0,0,0,0], [2,2,0,0,0,0,0,0,0,0]) = 944220
N(O(6, 10), 43, [0,0,0,1,0,0,0,0,0,0], [2,0,0,1,0,0,0,0,0,0]) = 477596
N(O(6, 10), 43, [0,0,0,1,0,0,0,0,0,0], [1,1,1,0,0,0,0,0,0,0]) = 1389468
N(O(6, 10), 43, [0,0,0,1,0,0,0,0,0,0], [1,0,0,0,1,0,0,0,0,0]) = 390470
N(O(6, 10), 43, [0,0,0,1,0,0,0,0,0,0], [0,3,0,0,0,0,0,0,0,0]) = 299352
N(O(6, 10), 43, [0,0,0,1,0,0,0,0,0,0], [0,1,0,1,0,0,0,0,0,0]) = 598600
N(O(6, 10), 43, [0,0,0,1,0,0,0,0,0,0], [0,0,2,0,0,0,0,0,0,0]) = 336663
N(O(6, 10), 43, [0,0,0,1,0,0,0,0,0,0], [0,0,0,0,0,1,0,0,0,0]) = 224442
N(O(6, 10), 43, [3,0,0,0,0,0,0,0,0,0], [7,0,0,0,0,0,0,0,0,0]) = 43066
N(O(6, 10), 43, [3,0,0,0,0,0,0,0,0,0], [5,1,0,0,0,0,0,0,0,0]) = 504016
N(O(6, 10), 43, [3,0,0,0,0,0,0,0,0,0], [4,0,1,0,0,0,0,0,0,0]) = 624189
N(O(6, 10), 43, [3,0,0,0,0,0,0,0,0,0], [3,2,0,0,0,0,0,0,0,0]) = 1630436
N(O(6, 10), 43, [3,0,0,0,0,0,0,0,0,0], [3,0,0,1,0,0,0,0,0,0]) = 658884
N(O(6, 10), 43, [3,0,0,0,0,0,0,0,0,0], [2,1,1,0,0,0,0,0,0,0]) = 2893662
N(O(6, 10), 43, [3,0,0,0,0,0,0,0,0,0], [2,0,0,0,1,0,0,0,0,0]) = 609820
N(O(6, 10), 43, [3,0,0,0,0,0,0,0,0,0], [1,3,0,0,0,0,0,0,0,0]) = 1254896
N(O(6, 10), 43, [3,0,0,0,0,0,0,0,0,0], [1,1,0,1,0,0,0,0,0,0]) = 1893088
N(O(6, 10), 43, [3,0,0,0,0,0,0,0,0,0], [1,0,2,0,0,0,0,0,0,0]) = 1064754
N(O(6, 10), 43, [3,0,0,0,0,0,0,0,0,0], [1,0,0,0,0,1,0,0,0,0]) = 478734
N(O(6, 10), 43, [3,0,0,0,0,0,0,0,0,0], [0,2,1,0,0,0,0,0,0,0]) = 1376856
N(O(6, 10), 43, [3,0,0,0,0,0,0,0,0,0], [0,1,0,0,1,0,0,0,0,0]) = 764870
N(O(6, 10), 43, [3,0,0,0,0,0,0,0,0,0], [0,0,1,1,0,0,0,0,0,0]) = 917712
N(O(6, 10), 43, [3,0,0,0,0,0,0,0,0,0], [0,0,0,0,0,0,1,0,0,0]) = 267666
N(O(6, 10), 43, [1,1,0,0,0,0,0,0,0,0], [7,0,0,0,0,0,0,0,0,0]) = 42480
N(O(6, 10), 43, [1,1,0,0,0,0,0,0,0,0], [5,1,0,0,0,0,0,0,0,0]) = 497068
N(O(6, 10), 43, [1,1,0,0,0,0,0,0,0,0], [4,0,1,0,0,0,0,0,0,0]) = 615543
N(O(6, 10), 43, [1,1,0,0,0,0,0,0,0,0], [3,2,0,0,0,0,0,0,0,0]) = 1607604
N(O(6, 10), 43, [1,1,0,0,0,0,0,0,0,0], [3,0,0,1,0,0,0,0,0,0]) = 649708
N(O(6, 10), 43, [1,1,0,0,0,0,0,0,0,0], [2,1,1,0,0,0,0,0,0,0]) = 2852838
N(O(6, 10), 43, [1,1,0,0,0,0,0,0,0,0], [2,0,0,0,1,0,0,0,0,0]) = 601270
N(O(6, 10), 43, [1,1,0,0,0,0,0,0,0,0], [1,3,0,0,0,0,0,0,0,0]) = 1236960
N(O(6, 10), 43, [1,1,0,0,0,0,0,0,0,0], [1,1,0,1,0,0,0,0,0,0]) = 1866112
N(O(6, 10), 43, [1,1,0,0,0,0,0,0,0,0], [1,0,2,0,0,0,0,0,0,0]) = 1049580
N(O(6, 10), 43, [1,1,0,0,0,0,0,0,0,0], [1,0,0,0,0,1,0,0,0,0]) = 471954
N(O(6, 10), 43, [1,1,0,0,0,0,0,0,0,0], [0,2,1,0,0,0,0,0,0,0]) = 1356912
N(O(6, 10), 43, [1,1,0,0,0,0,0,0,0,0], [0,1,0,0,1,0,0,0,0,0]) = 753790
N(O(6, 10), 43, [1,1,0,0,0,0,0,0,0,0], [0,0,1,1,0,0,0,0,0,0]) = 904416
N(O(6, 10), 43, [1,1,0,0,0,0,0,0,0,0], [0,0,0,0,0,0,1,0,0,0]) = 263788
N(O(6, 10), 43, [0,0,1,0,0,0,0,0,0,0], [7,0,0,0,0,0,0,0,0,0]) = 42187
N(O(6, 10), 43, [0,0,1,0,0,0,0,0,0,0], [5,1,0,0,0,0,0,0,0,0]) = 493594
N(O(6, 10), 43, [0,0,1,0,0,0,0,0,0,0], [4,0,1,0,0,0,0,0,0,0]) = 611220
N(O(6, 10), 43, [0,0,1,0,0,0,0,0,0,0], [3,2,0,0,0,0,0,0,0,0]) = 1596188
N(O(6, 10), 43, [0,0,1,0,0,0,0,0,0,0], [3,0,0,1,0,0,0,0,0,0]) = 645120
N(O(6, 10), 43, [0,0,1,0,0,0,0,0,0,0], [2,1,1,0,0,0,0,0,0,0]) = 2832426
N(O(6, 10), 43, [0,0,1,0,0,0,0,0,0,0], [2,0,0,0,1,0,0,0,0,0]) = 596995
N(O(6, 10), 43, [0,0,1,0,0,0,0,0,0,0], [1,3,0,0,0,0,0,0,0,0]) = 1227992
N(O(6, 10), 43, [0,0,1,0,0,0,0,0,0,0], [1,1,0,1,0,0,0,0,0,0]) = 1852624
N(O(6, 10), 43, [0,0,1,0,0,0,0,0,0,0], [1,0,2,0,0,0,0,0,0,0]) = 1041993
N(O(6, 10), 43, [0,0,1,0,0,0,0,0,0,0], [1,0,0,0,0,1,0,0,0,0]) = 468564
N(O(6, 10), 43, [0,0,1,0,0,0,0,0,0,0], [0,2,1,0,0,0,0,0,0,0]) = 1346940
N(O(6, 10), 43, [0,0,1,0,0,0,0,0,0,0], [0,1,0,0,1,0,0,0,0,0]) = 748250
N(O(6, 10), 43, [0,0,1,0,0,0,0,0,0,0], [0,0,1,1,0,0,0,0,0,0]) = 897768
N(O(6, 10), 43, [0,0,1,0,0,0,0,0,0,0], [0,0,0,0,0,0,1,0,0,0]) = 261849
N(O(6, 10), 43, [2,0,0,0,0,0,0,0,0,0], [8,0,0,0,0,0,0,0,0,0]) = 43066
N(O(6, 10), 43, [2,0,0,0,0,0,0,0,0,0], [6,1,0,0,0,0,0,0,0,0]) = 588976
N(O(6, 10), 43, [2,0,0,0,0,0,0,0,0,0], [5,0,1,0,0,0,0,0,0,0]) = 750750
N(O(6, 10), 43, [2,0,0,0,0,0,0,0,0,0], [4,2,0,0,0,0,0,0,0,0]) = 2456980
N(O(6, 10), 43, [2,0,0,0,0,0,0,0,0,0], [4,0,0,1,0,0,0,0,0,0]) = 826468
N(O(6, 10), 43, [2,0,0,0,0,0,0,0,0,0], [3,1,1,0,0,0,0,0,0,0]) = 4856604
N(O(6, 10), 43, [2,0,0,0,0,0,0,0,0,0], [3,0,0,0,1,0,0,0,0,0]) = 817850
N(O(6, 10), 43, [2,0,0,0,0,0,0,0,0,0], [2,3,0,0,0,0,0,0,0,0]) = 3170552
N(O(6, 10), 43, [2,0,0,0,0,0,0,0,0,0], [2,1,0,1,0,0,0,0,0,0]) = 3830904
N(O(6, 10), 43, [2,0,0,0,0,0,0,0,0,0], [2,0,2,0,0,0,0,0,0,0]) = 2154708
N(O(6, 10), 43, [2,0,0,0,0,0,0,0,0,0], [2,0,0,0,0,1,0,0,0,0]) = 726636
N(O(6, 10), 43, [2,0,0,0,0,0,0,0,0,0], [1,2,1,0,0,0,0,0,0,0]) = 5606064
N(O(6, 10), 43, [2,0,0,0,0,0,0,0,0,0], [1,1,0,0,1,0,0,0,0,0]) = 2349440
N(O(6, 10), 43, [2,0,0,0,0,0,0,0,0,0], [1,0,1,1,0,0,0,0,0,0]) = 2819040
N(O(6, 10), 43, [2,0,0,0,0,0,0,0,0,0], [1,0,0,0,0,0,1,0,0,0]) = 554554
N(O(6, 10), 43, [2,0,0,0,0,0,0,0,0,0], [0,4,0,0,0,0,0,0,0,0]) = 607568
N(O(6, 10), 43, [2,0,0,0,0,0,0,0,0,0], [0,2,0,1,0,0,0,0,0,0]) = 1822464
N(O(6, 10), 43, [2,0,0,0,0,0,0,0,0,0], [0,1,2,0,0,0,0,0,0,0]) = 2050056
N(O(6, 10), 43, [2,0,0,0,0,0,0,0,0,0], [0,1,0,0,0,1,0,0,0,0]) = 911172
N(O(6, 10), 43, [2,0,0,0,0,0,0,0,0,0], [0,0,1,0,1,0,0,0,0,0]) = 1138800
N(O(6, 10), 43, [2,0,0,0,0,0,0,0,0,0], [0,0,0,2,0,0,0,0,0,0]) = 607360
N(O(6, 10), 43, [2,0,0,0,0,0,0,0,0,0], [0,0,0,0,0,0,0,1,0,0]) = 303680
N(O(6, 10), 43, [0,1,0,0,0,0,0,0,0,0], [8,0,0,0,0,0,0,0,0,0]) = 42480
N(O(6, 10), 43, [0,1,0,0,0,0,0,0,0,0], [6,1,0,0,0,0,0,0,0,0]) = 580864
N(O(6, 10), 43, [0,1,0,0,0,0,0,0,0,0], [5,0,1,0,0,0,0,0,0,0]) = 740364
N(O(6, 10), 43, [0,1,0,0,0,0,0,0,0,0], [4,2,0,0,0,0,0,0,0,0]) = 2422660
N(O(6, 10), 43, [0,1,0,0,0,0,0,0,0,0], [4,0,0,1,0,0,0,0,0,0]) = 814980
N(O(6, 10), 43, [0,1,0,0,0,0,0,0,0,0], [3,1,1,0,0,0,0,0,0,0]) = 4788348
N(O(6, 10), 43, [0,1,0,0,0,0,0,0,0,0], [3,0,0,0,1,0,0,0,0,0]) = 806420
N(O(6, 10), 43, [0,1,0,0,0,0,0,0,0,0], [2,3,0,0,0,0,0,0,0,0]) = 3125496
N(O(6, 10), 43, [0,1,0,0,0,0,0,0,0,0], [2,1,0,1,0,0,0,0,0,0]) = 3776664
N(O(6, 10), 43, [0,1,0,0,0,0,0,0,0,0], [2,0,2,0,0,0,0,0,0,0]) = 2124198
N(O(6, 10), 43, [0,1,0,0,0,0,0,0,0,0], [2,0,0,0,0,1,0,0,0,0]) = 716412
N(O(6, 10), 43, [0,1,0,0,0,0,0,0,0,0], [1,2,1,0,0,0,0,0,0,0]) = 5525640
N(O(6, 10), 43, [0,1,0,0,0,0,0,0,0,0], [1,1,0,0,1,0,0,0,0,0]) = 2315840
N(O(6, 10), 43, [0,1,0,0,0,0,0,0,0,0], [1,0,1,1,0,0,0,0,0,0]) = 2778720
N(O(6, 10), 43, [0,1,0,0,0,0,0,0,0,0], [1,0,0,0,0,0,1,0,0,0]) = 546672
N(O(6, 10), 43, [0,1,0,0,0,0,0,0,0,0], [0,4,0,0,0,0,0,0,0,0]) = 598736
N(O(6, 10), 43, [0,1,0,0,0,0,0,0,0,0], [0,2,0,1,0,0,0,0,0,0]) = 1795968
N(O(6, 10), 43, [0,1,0,0,0,0,0,0,0,0], [0,1,2,0,0,0,0,0,0,0]) = 2020248
N(O(6, 10), 43, [0,1,0,0,0,0,0,0,0,0], [0,1,0,0,0,1,0,0,0,0]) = 897924
N(O(6, 10), 43, [0,1,0,0,0,0,0,0,0,0], [0,0,1,0,1,0,0,0,0,0]) = 1122240
N(O(6, 10), 43, [0,1,0,0,0,0,0,0,0,0], [0,0,0,2,0,0,0,0,0,0]) = 598528
N(O(6, 10), 43, [0,1,0,0,0,0,0,0,0,0], [0,0,0,0,0,0,0,1,0,0]) = 299264
N(O(6, 10), 43, [1,0,0,0,0,0,0,0,0,0], [9,0,0,0,0,0,0,0,0,0]) = 43066
N(O(6, 10), 43, [1,0,0,0,0,0,0,0,0,0], [7,1,0,0,0,0,0,0,0,0]) = 673936
N(O(6, 10), 43, [1,0,0,0,0,0,0,0,0,0], [6,0,1,0,0,0,0,0,0,0]) = 877311
N(O(6, 10), 43, [1,0,0,0,0,0,0,0,0,0], [5,2,0,0,0,0,0,0,0,0]) = 3451116
N(O(6, 10), 43, [1,0,0,0,0,0,0,0,0,0], [5,0,0,1,0,0,0,0,0,0]) = 994052
N(O(6, 10), 43, [1,0,0,0,0,0,0,0,0,0], [4,1,1,0,0,0,0,0,0,0]) = 7318830
N(O(6, 10), 43, [1,0,0,0,0,0,0,0,0,0], [4,0,0,0,1,0,0,0,0,0]) = 1025880
N(O(6, 10), 43, [1,0,0,0,0,0,0,0,0,0], [3,3,0,0,0,0,0,0,0,0]) = 6385760
N(O(6, 10), 43, [1,0,0,0,0,0,0,0,0,0], [3,1,0,1,0,0,0,0,0,0]) = 6429808
N(O(6, 10), 43, [1,0,0,0,0,0,0,0,0,0], [3,0,2,0,0,0,0,0,0,0]) = 3616515
N(O(6, 10), 43, [1,0,0,0,0,0,0,0,0,0], [3,0,0,0,0,1,0,0,0,0]) = 974538
N(O(6, 10), 43, [1,0,0,0,0,0,0,0,0,0], [2,2,1,0,0,0,0,0,0,0]) = 14164740
N(O(6, 10), 43, [1,0,0,0,0,0,0,0,0,0], [2,1,0,0,1,0,0,0,0,0]) = 4754610
N(O(6, 10), 43, [1,0,0,0,0,0,0,0,0,0], [2,0,1,1,0,0,0,0,0,0]) = 5705064
N(O(6, 10), 43, [1,0,0,0,0,0,0,0,0,0], [2,0,0,0,0,0,1,0,0,0]) = 841757
N(O(6, 10), 43, [1,0,0,0,0,0,0,0,0,0], [1,4,0,0,0,0,0,0,0,0]) = 3081488
N(O(6, 10), 43, [1,0,0,0,0,0,0,0,0,0], [1,2,0,1,0,0,0,0,0,0]) = 7420944
N(O(6, 10), 43, [1,0,0,0,0,0,0,0,0,0], [1,1,2,0,0,0,0,0,0,0]) = 8347860
N(O(6, 10), 43, [1,0,0,0,0,0,0,0,0,0], [1,1,0,0,0,1,0,0,0,0]) = 2799096
N(O(6, 10), 43, [1,0,0,0,0,0,0,0,0,0], [1,0,1,0,1,0,0,0,0,0]) = 3498510
N(O(6, 10), 43, [1,0,0,0,0,0,0,0,0,0], [1,0,0,2,0,0,0,0,0,0]) = 1865872
N(O(6, 10), 43, [1,0,0,0,0,0,0,0,0,0], [1,0,0,0,0,0,0,1,0,0]) = 629256
N(O(6, 10), 43, [1,0,0,0,0,0,0,0,0,0], [0,3,1,0,0,0,0,0,0,0]) = 3618504
N(O(6, 10), 43, [1,0,0,0,0,0,0,0,0,0], [0,2,0,0,1,0,0,0,0,0]) = 2261460
N(O(6, 10), 43, [1,0,0,0,0,0,0,0,0,0], [0,1,1,1,0,0,0,0,0,0]) = 5426928
N(O(6, 10), 43, [1,0,0,0,0,0,0,0,0,0], [0,1,0,0,0,0,1,0,0,0]) = 1055278
N(O(6, 10), 43, [1,0,0,0,0,0,0,0,0,0], [0,0,3,0,0,0,0,0,0,0]) = 1017441
N(O(6, 10), 43, [1,0,0,0,0,0,0,0,0,0], [0,0,1,0,0,1,0,0,0,0]) = 1356588
N(O(6, 10), 43, [1,0,0,0,0,0,0,0,0,0], [0,0,0,1,1,0,0,0,0,0]) = 1507320
N(O(6, 10), 43, [1,0,0,0,0,0,0,0,0,0], [0,0,0,0,0,0,0,0,1,0]) = 339147
N(O(6, 10), 43, [0,0,0,0,0,0,0,0,0,0], [10,0,0,0,0,0,0,0,0,0]) = 43066
N(O(6, 10), 43, [0,0,0,0,0,0,0,0,0,0], [8,1,0,0,0,0,0,0,0,0]) = 758896
N(O(6, 10), 43, [0,0,0,0,0,0,0,0,0,0], [7,0,1,0,0,0,0,0,0,0]) = 1003872
N(O(6, 10), 43, [0,0,0,0,0,0,0,0,0,0], [6,2,0,0,0,0,0,0,0,0]) = 4612844
N(O(6, 10), 43, [0,0,0,0,0,0,0,0,0,0], [6,0,0,1,0,0,0,0,0,0]) = 1161636
N(O(6, 10), 43, [0,0,0,0,0,0,0,0,0,0], [5,1,1,0,0,0,0,0,0,0]) = 10280340
N(O(6, 10), 43, [0,0,0,0,0,0,0,0,0,0], [5,0,0,0,1,0,0,0,0,0]) = 1233910
N(O(6, 10), 43, [0,0,0,0,0,0,0,0,0,0], [4,3,0,0,0,0,0,0,0,0]) = 11231080
N(O(6, 10), 43, [0,0,0,0,0,0,0,0,0,0], [4,1,0,1,0,0,0,0,0,0]) = 9689800
N(O(6, 10), 43, [0,0,0,0,0,0,0,0,0,0], [4,0,2,0,0,0,0,0,0,0]) = 5450175
N(O(6, 10), 43, [0,0,0,0,0,0,0,0,0,0], [4,0,0,0,0,1,0,0,0,0]) = 1222440
N(O(6, 10), 43, [0,0,0,0,0,0,0,0,0,0], [3,2,1,0,0,0,0,0,0,0]) = 28530000
N(O(6, 10), 43, [0,0,0,0,0,0,0,0,0,0], [3,1,0,0,1,0,0,0,0,0]) = 7980380
N(O(6, 10), 43, [0,0,0,0,0,0,0,0,0,0], [3,0,1,1,0,0,0,0,0,0]) = 9575784
N(O(6, 10), 43, [0,0,0,0,0,0,0,0,0,0], [3,0,0,0,0,0,1,0,0,0]) = 1128960
N(O(6, 10), 43, [0,0,0,0,0,0,0,0,0,0], [2,4,0,0,0,0,0,0,0,0]) = 9332480
N(O(6, 10), 43, [0,0,0,0,0,0,0,0,0,0], [2,2,0,1,0,0,0,0,0,0]) = 18751152
N(O(6, 10), 43, [0,0,0,0,0,0,0,0,0,0], [2,1,2,0,0,0,0,0,0,0]) = 21093534
N(O(6, 10), 43, [0,0,0,0,0,0,0,0,0,0], [2,1,0,0,0,1,0,0,0,0]) = 5664852
N(O(6, 10), 43, [0,0,0,0,0,0,0,0,0,0], [2,0,1,0,1,0,0,0,0,0]) = 7080480
N(O(6, 10), 43, [0,0,0,0,0,0,0,0,0,0], [2,0,0,2,0,0,0,0,0,0]) = 3776256
N(O(6, 10), 43, [0,0,0,0,0,0,0,0,0,0], [2,0,0,0,0,0,0,1,0,0]) = 955192
N(O(6, 10), 43, [0,0,0,0,0,0,0,0,0,0], [1,3,1,0,0,0,0,0,0,0]) = 18353760
N(O(6, 10), 43, [0,0,0,0,0,0,0,0,0,0], [1,2,0,0,1,0,0,0,0,0]) = 9209160
N(O(6, 10), 43, [0,0,0,0,0,0,0,0,0,0], [1,1,1,1,0,0,0,0,0,0]) = 22100112
N(O(6, 10), 43, [0,0,0,0,0,0,0,0,0,0], [1,1,0,0,0,0,1,0,0,0]) = 3242092
N(O(6, 10), 43, [0,0,0,0,0,0,0,0,0,0], [1,0,3,0,0,0,0,0,0,0]) = 4143420
N(O(6, 10), 43, [0,0,0,0,0,0,0,0,0,0], [1,0,1,0,0,1,0,0,0,0]) = 4167972
N(O(6, 10), 43, [0,0,0,0,0,0,0,0,0,0], [1,0,0,1,1,0,0,0,0,0]) = 4631080
N(O(6, 10), 43, [0,0,0,0,0,0,0,0,0,0], [1,0,0,0,0,0,0,0,1,0]) = 702846
N(O(6, 10), 43, [0,0,0,0,0,0,0,0,0,0], [0,5,0,0,0,0,0,0,0,0]) = 1197472
N(O(6, 10), 43, [0,0,0,0,0,0,0,0,0,0], [0,3,0,1,0,0,0,0,0,0]) = 4789344
N(O(6, 10), 43, [0,0,0,0,0,0,0,0,0,0], [0,2,2,0,0,0,0,0,0,0]) = 8081316
N(O(6, 10), 43, [0,0,0,0,0,0,0,0,0,0], [0,2,0,0,0,1,0,0,0,0]) = 2693880
N(O(6, 10), 43, [0,0,0,0,0,0,0,0,0,0], [0,1,1,0,1,0,0,0,0,0]) = 6733980
N(O(6, 10), 43, [0,0,0,0,0,0,0,0,0,0], [0,1,0,2,0,0,0,0,0,0]) = 3591456
N(O(6, 10), 43, [0,0,0,0,0,0,0,0,0,0], [0,1,0,0,0,0,0,1,0,0]) = 1197200
N(O(6, 10), 43, [0,0,0,0,0,0,0,0,0,0], [0,0,2,1,0,0,0,0,0,0]) = 4039956
N(O(6, 10), 43, [0,0,0,0,0,0,0,0,0,0], [0,0,1,0,0,0,1,0,0,0]) = 1571094
N(O(6, 10), 43, [0,0,0,0,0,0,0,0,0,0], [0,0,0,1,0,1,0,0,0,0]) = 1795536
N(O(6, 10), 43, [0,0,0,0,0,0,0,0,0,0], [0,0,0,0,2,0,0,0,0,0]) = 935175
N(O(6, 10), 43, [0,0,0,0,0,0,0,0,0,0], [0,0,0,0,0,0,0,0,0,1]) = 374070
