N(O(7, 10), 45, [10,0,0,0,0,0,0,0,0,0], [0,0,0,0,0,0,0,0,0,0]) = 46494598049784888
N(O(7, 10), 45, [8,1,0,0,0,0,0,0,0,0], [0,0,0,0,0,0,0,0,0,0]) = 43642933397148978
N(O(7, 10), 45, [7,0,1,0,0,0,0,0,0,0], [0,0,0,0,0,0,0,0,0,0]) = 42219889384900791
N(O(7, 10), 45, [6,2,0,0,0,0,0,0,0,0], [0,0,0,0,0,0,0,0,0,0]) = 40946748517879876
N(O(7, 10), 45, [6,0,0,1,0,0,0,0,0,0], [0,0,0,0,0,0,0,0,0,0]) = 40872726365819744
N(O(7, 10), 45, [5,1,1,0,0,0,0,0,0,0], [0,0,0,0,0,0,0,0,0,0]) = 39601330636864989
N(O(7, 10), 45, [5,0,0,0,1,0,0,0,0,0], [0,0,0,0,0,0,0,0,0,0]) = 39564338506974293
N(O(7, 10), 45, [4,3,0,0,0,0,0,0,0,0], [0,0,0,0,0,0,0,0,0,0]) = 38398629113779814
N(O(7, 10), 45, [4,1,0,1,0,0,0,0,0,0], [0,0,0,0,0,0,0,0,0,0]) = 38328162437239070
N(O(7, 10), 45, [4,0,2,0,0,0,0,0,0,0], [0,0,0,0,0,0,0,0,0,0]) = 38294668983025044
N(O(7, 10), 45, [4,0,0,0,0,1,0,0,0,0], [0,0,0,0,0,0,0,0,0,0]) = 38292929111797664
N(O(7, 10), 45, [3,2,1,0,0,0,0,0,0,0], [0,0,0,0,0,0,0,0,0,0]) = 37127134077013135
N(O(7, 10), 45, [3,1,0,0,1,0,0,0,0,0], [0,0,0,0,0,0,0,0,0,0]) = 37091919041461983
N(O(7, 10), 45, [3,0,1,1,0,0,0,0,0,0], [0,0,0,0,0,0,0,0,0,0]) = 37058443259552969
N(O(7, 10), 45, [3,0,0,0,0,0,1,0,0,0], [0,0,0,0,0,0,0,0,0,0]) = 37057573637008221
N(O(7, 10), 45, [2,4,0,0,0,0,0,0,0,0], [0,0,0,0,0,0,0,0,0,0]) = 35991463647065072
N(O(7, 10), 45, [2,2,0,1,0,0,0,0,0,0], [0,0,0,0,0,0,0,0,0,0]) = 35924406215316980
N(O(7, 10), 45, [2,1,2,0,0,0,0,0,0,0], [0,0,0,0,0,0,0,0,0,0]) = 35892545554189464
N(O(7, 10), 45, [2,1,0,0,0,1,0,0,0,0], [0,0,0,0,0,0,0,0,0,0]) = 35890877512010048
N(O(7, 10), 45, [2,0,1,0,1,0,0,0,0,0], [0,0,0,0,0,0,0,0,0,0]) = 35858218126601231
N(O(7, 10), 45, [2,0,0,2,0,0,0,0,0,0], [0,0,0,0,0,0,0,0,0,0]) = 35857419394029136
N(O(7, 10), 45, [2,0,0,0,0,0,0,1,0,0], [0,0,0,0,0,0,0,0,0,0]) = 35857384105555164
N(O(7, 10), 45, [1,3,1,0,0,0,0,0,0,0], [0,0,0,0,0,0,0,0,0,0]) = 34790339443075877
N(O(7, 10), 45, [1,2,0,0,1,0,0,0,0,0], [0,0,0,0,0,0,0,0,0,0]) = 34756828403946101
N(O(7, 10), 45, [1,1,1,1,0,0,0,0,0,0], [0,0,0,0,0,0,0,0,0,0]) = 34724984806329611
N(O(7, 10), 45, [1,1,0,0,0,0,1,0,0,0], [0,0,0,0,0,0,0,0,0,0]) = 34724151089762005
N(O(7, 10), 45, [1,0,3,0,0,0,0,0,0,0], [0,0,0,0,0,0,0,0,0,0]) = 34693939653425025
N(O(7, 10), 45, [1,0,1,0,0,1,0,0,0,0], [0,0,0,0,0,0,0,0,0,0]) = 34692307500392675
N(O(7, 10), 45, [1,0,0,1,1,0,0,0,0,0], [0,0,0,0,0,0,0,0,0,0]) = 34691509063884299
N(O(7, 10), 45, [1,0,0,0,0,0,0,0,1,0], [0,0,0,0,0,0,0,0,0,0]) = 34691491423876503
N(O(7, 10), 45, [0,5,0,0,0,0,0,0,0,0], [0,0,0,0,0,0,0,0,0,0]) = 33718433053573754
N(O(7, 10), 45, [0,3,0,1,0,0,0,0,0,0], [0,0,0,0,0,0,0,0,0,0]) = 33654643639697514
N(O(7, 10), 45, [0,2,2,0,0,0,0,0,0,0], [0,0,0,0,0,0,0,0,0,0]) = 33624347625219340
N(O(7, 10), 45, [0,2,0,0,0,1,0,0,0,0], [0,0,0,0,0,0,0,0,0,0]) = 33622748945068208
N(O(7, 10), 45, [0,1,1,0,1,0,0,0,0,0], [0,0,0,0,0,0,0,0,0,0]) = 33591687670733919
N(O(7, 10), 45, [0,1,0,2,0,0,0,0,0,0], [0,0,0,0,0,0,0,0,0,0]) = 33590922402758026
N(O(7, 10), 45, [0,1,0,0,0,0,0,1,0,0], [0,0,0,0,0,0,0,0,0,0]) = 33590888330701402
N(O(7, 10), 45, [0,0,2,1,0,0,0,0,0,0], [0,0,0,0,0,0,0,0,0,0]) = 33560659277072504
N(O(7, 10), 45, [0,0,1,0,0,0,1,0,0,0], [0,0,0,0,0,0,0,0,0,0]) = 33559843500805899
N(O(7, 10), 45, [0,0,0,1,0,1,0,0,0,0], [0,0,0,0,0,0,0,0,0,0]) = 33559061796595332
N(O(7, 10), 45, [0,0,0,0,2,0,0,0,0,0], [0,0,0,0,0,0,0,0,0,0]) = 33559045360318198
N(O(7, 10), 45, [0,0,0,0,0,0,0,0,0,1], [0,0,0,0,0,0,0,0,0,0]) = 33559044760567314
N(O(7, 10), 45, [9,0,0,0,0,0,0,0,0,0], [1,0,0,0,0,0,0,0,0,0]) = 59689844918389848
N(O(7, 10), 45, [7,1,0,0,0,0,0,0,0,0], [1,0,0,0,0,0,0,0,0,0]) = 56181359411695828
N(O(7, 10), 45, [6,0,1,0,0,0,0,0,0,0], [1,0,0,0,0,0,0,0,0,0]) = 54430340442236145
N(O(7, 10), 45, [5,2,0,0,0,0,0,0,0,0], [1,0,0,0,0,0,0,0,0,0]) = 52856587967910464
N(O(7, 10), 45, [5,0,0,1,0,0,0,0,0,0], [1,0,0,0,0,0,0,0,0,0]) = 52769029296284892
N(O(7, 10), 45, [4,1,1,0,0,0,0,0,0,0], [1,0,0,0,0,0,0,0,0,0]) = 51197299171086793
N(O(7, 10), 45, [4,0,0,0,1,0,0,0,0,0], [1,0,0,0,0,0,0,0,0,0]) = 51153540964394633
N(O(7, 10), 45, [3,3,0,0,0,0,0,0,0,0], [1,0,0,0,0,0,0,0,0,0]) = 49707093684794316
N(O(7, 10), 45, [3,1,0,1,0,0,0,0,0,0], [1,0,0,0,0,0,0,0,0,0]) = 49623584319565552
N(O(7, 10), 45, [3,0,2,0,0,0,0,0,0,0], [1,0,0,0,0,0,0,0,0,0]) = 49583812072810218
N(O(7, 10), 45, [3,0,0,0,0,1,0,0,0,0], [1,0,0,0,0,0,0,0,0,0]) = 49581829650554454
N(O(7, 10), 45, [2,2,1,0,0,0,0,0,0,0], [1,0,0,0,0,0,0,0,0,0]) = 48135320779679705
N(O(7, 10), 45, [2,1,0,0,1,0,0,0,0,0], [1,0,0,0,0,0,0,0,0,0]) = 48093586531429953
N(O(7, 10), 45, [2,0,1,1,0,0,0,0,0,0], [1,0,0,0,0,0,0,0,0,0]) = 48053834038070613
N(O(7, 10), 45, [2,0,0,0,0,0,1,0,0,0], [1,0,0,0,0,0,0,0,0,0]) = 48052843165159834
N(O(7, 10), 45, [1,4,0,0,0,0,0,0,0,0], [1,0,0,0,0,0,0,0,0,0]) = 46724772587614984
N(O(7, 10), 45, [1,2,0,1,0,0,0,0,0,0], [1,0,0,0,0,0,0,0,0,0]) = 46645151625281684
N(O(7, 10), 45, [1,1,2,0,0,0,0,0,0,0], [1,0,0,0,0,0,0,0,0,0]) = 46607244516922138
N(O(7, 10), 45, [1,1,0,0,0,1,0,0,0,0], [1,0,0,0,0,0,0,0,0,0]) = 46605341157447634
N(O(7, 10), 45, [1,0,1,0,1,0,0,0,0,0], [1,0,0,0,0,0,0,0,0,0]) = 46566521233241375
N(O(7, 10), 45, [1,0,0,2,0,0,0,0,0,0], [1,0,0,0,0,0,0,0,0,0]) = 46565608408596488
N(O(7, 10), 45, [1,0,0,0,0,0,0,1,0,0], [1,0,0,0,0,0,0,0,0,0]) = 46565569553549236
N(O(7, 10), 45, [0,3,1,0,0,0,0,0,0,0], [1,0,0,0,0,0,0,0,0,0]) = 45236467647083769
N(O(7, 10), 45, [0,2,0,0,1,0,0,0,0,0], [1,0,0,0,0,0,0,0,0,0]) = 45196676923847489
N(O(7, 10), 45, [0,1,1,1,0,0,0,0,0,0], [1,0,0,0,0,0,0,0,0,0]) = 45158788910498305
N(O(7, 10), 45, [0,1,0,0,0,0,1,0,0,0], [1,0,0,0,0,0,0,0,0,0]) = 45157837559998956
N(O(7, 10), 45, [0,0,3,0,0,0,0,0,0,0], [1,0,0,0,0,0,0,0,0,0]) = 45121813410151848
N(O(7, 10), 45, [0,0,1,0,0,1,0,0,0,0], [1,0,0,0,0,0,0,0,0,0]) = 45119949555402840
N(O(7, 10), 45, [0,0,0,1,1,0,0,0,0,0], [1,0,0,0,0,0,0,0,0,0]) = 45119037051108077
N(O(7, 10), 45, [0,0,0,0,0,0,0,0,1,0], [1,0,0,0,0,0,0,0,0,0]) = 45119017628028339
N(O(7, 10), 45, [8,0,0,0,0,0,0,0,0,0], [2,0,0,0,0,0,0,0,0,0]) = 61249766908502842
N(O(7, 10), 45, [8,0,0,0,0,0,0,0,0,0], [0,1,0,0,0,0,0,0,0,0]) = 87908438854916712
N(O(7, 10), 45, [6,1,0,0,0,0,0,0,0,0], [2,0,0,0,0,0,0,0,0,0]) = 57680177145315538
N(O(7, 10), 45, [6,1,0,0,0,0,0,0,0,0], [0,1,0,0,0,0,0,0,0,0]) = 82489181108520672
N(O(7, 10), 45, [5,0,1,0,0,0,0,0,0,0], [2,0,0,0,0,0,0,0,0,0]) = 55898631641170408
N(O(7, 10), 45, [5,0,1,0,0,0,0,0,0,0], [0,1,0,0,0,0,0,0,0,0]) = 79784914028121846
N(O(7, 10), 45, [4,2,0,0,0,0,0,0,0,0], [2,0,0,0,0,0,0,0,0,0]) = 54296291760906194
N(O(7, 10), 45, [4,2,0,0,0,0,0,0,0,0], [0,1,0,0,0,0,0,0,0,0]) = 77367032999831720
N(O(7, 10), 45, [4,0,0,1,0,0,0,0,0,0], [2,0,0,0,0,0,0,0,0,0]) = 54207772056069510
N(O(7, 10), 45, [4,0,0,1,0,0,0,0,0,0], [0,1,0,0,0,0,0,0,0,0]) = 77225627203798136
N(O(7, 10), 45, [3,1,1,0,0,0,0,0,0,0], [2,0,0,0,0,0,0,0,0,0]) = 52607471055679252
N(O(7, 10), 45, [3,1,1,0,0,0,0,0,0,0], [0,1,0,0,0,0,0,0,0,0]) = 74811100651809078
N(O(7, 10), 45, [3,0,0,0,1,0,0,0,0,0], [2,0,0,0,0,0,0,0,0,0]) = 52563232420971742
N(O(7, 10), 45, [3,0,0,0,1,0,0,0,0,0], [0,1,0,0,0,0,0,0,0,0]) = 74740434409187622
N(O(7, 10), 45, [2,3,0,0,0,0,0,0,0,0], [2,0,0,0,0,0,0,0,0,0]) = 51089621929227794
N(O(7, 10), 45, [2,3,0,0,0,0,0,0,0,0], [0,1,0,0,0,0,0,0,0,0]) = 72527742426311904
N(O(7, 10), 45, [2,1,0,1,0,0,0,0,0,0], [2,0,0,0,0,0,0,0,0,0]) = 51005176783821858
N(O(7, 10), 45, [2,1,0,1,0,0,0,0,0,0], [0,1,0,0,0,0,0,0,0,0]) = 72393169233609312
N(O(7, 10), 45, [2,0,2,0,0,0,0,0,0,0], [2,0,0,0,0,0,0,0,0,0]) = 50964949096354126
N(O(7, 10), 45, [2,0,2,0,0,0,0,0,0,0], [0,1,0,0,0,0,0,0,0,0]) = 72329225703736392
N(O(7, 10), 45, [2,0,0,0,0,1,0,0,0,0], [2,0,0,0,0,0,0,0,0,0]) = 50962954224735374
N(O(7, 10), 45, [2,0,0,0,0,1,0,0,0,0], [0,1,0,0,0,0,0,0,0,0]) = 72325882662400992
N(O(7, 10), 45, [1,2,1,0,0,0,0,0,0,0], [2,0,0,0,0,0,0,0,0,0]) = 49489285787929472
N(O(7, 10), 45, [1,2,1,0,0,0,0,0,0,0], [0,1,0,0,0,0,0,0,0,0]) = 70113026279392406
N(O(7, 10), 45, [1,1,0,0,1,0,0,0,0,0], [2,0,0,0,0,0,0,0,0,0]) = 49447083736874568
N(O(7, 10), 45, [1,1,0,0,1,0,0,0,0,0], [0,1,0,0,0,0,0,0,0,0]) = 70045775085627662
N(O(7, 10), 45, [1,0,1,1,0,0,0,0,0,0], [2,0,0,0,0,0,0,0,0,0]) = 49406875888792752
N(O(7, 10), 45, [1,0,1,1,0,0,0,0,0,0], [0,1,0,0,0,0,0,0,0,0]) = 69981865731024710
N(O(7, 10), 45, [1,0,0,0,0,0,1,0,0,0], [2,0,0,0,0,0,0,0,0,0]) = 49405878791845035
N(O(7, 10), 45, [1,0,0,0,0,0,1,0,0,0], [0,1,0,0,0,0,0,0,0,0]) = 69980194819824804
N(O(7, 10), 45, [0,4,0,0,0,0,0,0,0,0], [2,0,0,0,0,0,0,0,0,0]) = 48052012778847466
N(O(7, 10), 45, [0,4,0,0,0,0,0,0,0,0], [0,1,0,0,0,0,0,0,0,0]) = 67957642900520808
N(O(7, 10), 45, [0,2,0,1,0,0,0,0,0,0], [2,0,0,0,0,0,0,0,0,0]) = 47971480786272278
N(O(7, 10), 45, [0,2,0,1,0,0,0,0,0,0], [0,1,0,0,0,0,0,0,0,0]) = 67829619530252216
N(O(7, 10), 45, [0,1,2,0,0,0,0,0,0,0], [2,0,0,0,0,0,0,0,0,0]) = 47933130363232012
N(O(7, 10), 45, [0,1,2,0,0,0,0,0,0,0], [0,1,0,0,0,0,0,0,0,0]) = 67768812025213056
N(O(7, 10), 45, [0,1,0,0,0,1,0,0,0,0], [2,0,0,0,0,0,0,0,0,0]) = 47931214803330424
N(O(7, 10), 45, [0,1,0,0,0,1,0,0,0,0], [0,1,0,0,0,0,0,0,0,0]) = 67765607869744248
N(O(7, 10), 45, [0,0,1,0,1,0,0,0,0,0], [2,0,0,0,0,0,0,0,0,0]) = 47891945587417513
N(O(7, 10), 45, [0,0,1,0,1,0,0,0,0,0], [0,1,0,0,0,0,0,0,0,0]) = 67703266527473226
N(O(7, 10), 45, [0,0,0,2,0,0,0,0,0,0], [2,0,0,0,0,0,0,0,0,0]) = 47891026785737954
N(O(7, 10), 45, [0,0,0,2,0,0,0,0,0,0], [0,1,0,0,0,0,0,0,0,0]) = 67701732673996024
N(O(7, 10), 45, [0,0,0,0,0,0,0,1,0,0], [2,0,0,0,0,0,0,0,0,0]) = 47890987807511842
N(O(7, 10), 45, [0,0,0,0,0,0,0,1,0,0], [0,1,0,0,0,0,0,0,0,0]) = 67701664449824928
N(O(7, 10), 45, [7,0,0,0,0,0,0,0,0,0], [3,0,0,0,0,0,0,0,0,0]) = 61348444348235696
N(O(7, 10), 45, [7,0,0,0,0,0,0,0,0,0], [1,1,0,0,0,0,0,0,0,0]) = 200387643986501576
N(O(7, 10), 45, [7,0,0,0,0,0,0,0,0,0], [0,0,1,0,0,0,0,0,0,0]) = 126679764269485515
N(O(7, 10), 45, [5,1,0,0,0,0,0,0,0,0], [3,0,0,0,0,0,0,0,0,0]) = 57775932550624858
N(O(7, 10), 45, [5,1,0,0,0,0,0,0,0,0], [1,1,0,0,0,0,0,0,0,0]) = 188315028876465312
N(O(7, 10), 45, [5,1,0,0,0,0,0,0,0,0], [0,0,1,0,0,0,0,0,0,0]) = 118823356270243959
N(O(7, 10), 45, [4,0,1,0,0,0,0,0,0,0], [3,0,0,0,0,0,0,0,0,0]) = 55992926730661592
N(O(7, 10), 45, [4,0,1,0,0,0,0,0,0,0], [1,1,0,0,0,0,0,0,0,0]) = 182290278000106472
N(O(7, 10), 45, [4,0,1,0,0,0,0,0,0,0], [0,0,1,0,0,0,0,0,0,0]) = 114903005655583290
N(O(7, 10), 45, [3,2,0,0,0,0,0,0,0,0], [3,0,0,0,0,0,0,0,0,0]) = 54389193493878308
N(O(7, 10), 45, [3,2,0,0,0,0,0,0,0,0], [1,1,0,0,0,0,0,0,0,0]) = 176890177813415832
N(O(7, 10), 45, [3,2,0,0,0,0,0,0,0,0], [0,0,1,0,0,0,0,0,0,0]) = 111400056547220259
N(O(7, 10), 45, [3,0,0,1,0,0,0,0,0,0], [3,0,0,0,0,0,0,0,0,0]) = 54300640543189828
N(O(7, 10), 45, [3,0,0,1,0,0,0,0,0,0], [1,1,0,0,0,0,0,0,0,0]) = 176581704623916616
N(O(7, 10), 45, [3,0,0,1,0,0,0,0,0,0], [0,0,1,0,0,0,0,0,0,0]) = 111193973538241683
N(O(7, 10), 45, [2,1,1,0,0,0,0,0,0,0], [3,0,0,0,0,0,0,0,0,0]) = 52698946644768664
N(O(7, 10), 45, [2,1,1,0,0,0,0,0,0,0], [1,1,0,0,0,0,0,0,0,0]) = 171188843481438336
N(O(7, 10), 45, [2,1,1,0,0,0,0,0,0,0], [0,0,1,0,0,0,0,0,0,0]) = 107695936177581714
N(O(7, 10), 45, [2,0,0,0,1,0,0,0,0,0], [3,0,0,0,0,0,0,0,0,0]) = 52654691388653106
N(O(7, 10), 45, [2,0,0,0,1,0,0,0,0,0], [1,1,0,0,0,0,0,0,0,0]) = 171034684413377076
N(O(7, 10), 45, [2,0,0,0,1,0,0,0,0,0], [0,0,1,0,0,0,0,0,0,0]) = 107592948617161215
N(O(7, 10), 45, [1,3,0,0,0,0,0,0,0,0], [3,0,0,0,0,0,0,0,0,0]) = 51179737160199670
N(O(7, 10), 45, [1,3,0,0,0,0,0,0,0,0], [1,1,0,0,0,0,0,0,0,0]) = 166082628752721456
N(O(7, 10), 45, [1,3,0,0,0,0,0,0,0,0], [0,0,1,0,0,0,0,0,0,0]) = 104388983813855031
N(O(7, 10), 45, [1,1,0,1,0,0,0,0,0,0], [3,0,0,0,0,0,0,0,0,0]) = 51095259352672978
N(O(7, 10), 45, [1,1,0,1,0,0,0,0,0,0], [1,1,0,0,0,0,0,0,0,0]) = 165788765948147168
N(O(7, 10), 45, [1,1,0,1,0,0,0,0,0,0], [0,0,1,0,0,0,0,0,0,0]) = 104192909591747547
N(O(7, 10), 45, [1,0,2,0,0,0,0,0,0,0], [3,0,0,0,0,0,0,0,0,0]) = 51055015622974868
N(O(7, 10), 45, [1,0,2,0,0,0,0,0,0,0], [1,1,0,0,0,0,0,0,0,0]) = 165648984840726968
N(O(7, 10), 45, [1,0,2,0,0,0,0,0,0,0], [0,0,1,0,0,0,0,0,0,0]) = 104099769098177772
N(O(7, 10), 45, [1,0,0,0,0,1,0,0,0,0], [3,0,0,0,0,0,0,0,0,0]) = 51053020462526176
N(O(7, 10), 45, [1,0,0,0,0,1,0,0,0,0], [1,1,0,0,0,0,0,0,0,0]) = 165641834597668320
N(O(7, 10), 45, [1,0,0,0,0,1,0,0,0,0], [0,0,1,0,0,0,0,0,0,0]) = 104094872518002432
N(O(7, 10), 45, [0,2,1,0,0,0,0,0,0,0], [3,0,0,0,0,0,0,0,0,0]) = 49578008451150680
N(O(7, 10), 45, [0,2,1,0,0,0,0,0,0,0], [1,1,0,0,0,0,0,0,0,0]) = 160689495583427592
N(O(7, 10), 45, [0,2,1,0,0,0,0,0,0,0], [0,0,1,0,0,0,0,0,0,0]) = 100890664161257826
N(O(7, 10), 45, [0,1,0,0,1,0,0,0,0,0], [3,0,0,0,0,0,0,0,0,0]) = 49535790070541368
N(O(7, 10), 45, [0,1,0,0,1,0,0,0,0,0], [1,1,0,0,0,0,0,0,0,0]) = 160542639102127972
N(O(7, 10), 45, [0,1,0,0,1,0,0,0,0,0], [0,0,1,0,0,0,0,0,0,0]) = 100792679142503409
N(O(7, 10), 45, [0,0,1,1,0,0,0,0,0,0], [3,0,0,0,0,0,0,0,0,0]) = 49495566181723324
N(O(7, 10), 45, [0,0,1,1,0,0,0,0,0,0], [1,1,0,0,0,0,0,0,0,0]) = 160402930362515296
N(O(7, 10), 45, [0,0,1,1,0,0,0,0,0,0], [0,0,1,0,0,0,0,0,0,0]) = 100699588927292322
N(O(7, 10), 45, [0,0,0,0,0,0,1,0,0,0], [3,0,0,0,0,0,0,0,0,0]) = 49494568940366537
N(O(7, 10), 45, [0,0,0,0,0,0,1,0,0,0], [1,1,0,0,0,0,0,0,0,0]) = 160399356508941252
N(O(7, 10), 45, [0,0,0,0,0,0,1,0,0,0], [0,0,1,0,0,0,0,0,0,0]) = 100697141537956863
N(O(7, 10), 45, [6,0,0,0,0,0,0,0,0,0], [4,0,0,0,0,0,0,0,0,0]) = 61352033914418472
N(O(7, 10), 45, [6,0,0,0,0,0,0,0,0,0], [2,1,0,0,0,0,0,0,0,0]) = 315756406186572772
N(O(7, 10), 45, [6,0,0,0,0,0,0,0,0,0], [1,0,1,0,0,0,0,0,0,0]) = 289973632536775488
N(O(7, 10), 45, [6,0,0,0,0,0,0,0,0,0], [0,2,0,0,0,0,0,0,0,0]) = 164980188870482424
N(O(7, 10), 45, [6,0,0,0,0,0,0,0,0,0], [0,0,0,1,0,0,0,0,0,0]) = 163491392054152288
N(O(7, 10), 45, [4,1,0,0,0,0,0,0,0,0], [4,0,0,0,0,0,0,0,0,0]) = 57779445970961832
N(O(7, 10), 45, [4,1,0,0,0,0,0,0,0,0], [2,1,0,0,0,0,0,0,0,0]) = 296915822410790464
N(O(7, 10), 45, [4,1,0,0,0,0,0,0,0,0], [1,0,1,0,0,0,0,0,0,0]) = 272418025978935804
N(O(7, 10), 45, [4,1,0,0,0,0,0,0,0,0], [0,2,0,0,0,0,0,0,0,0]) = 154735844442820896
N(O(7, 10), 45, [4,1,0,0,0,0,0,0,0,0], [0,0,0,1,0,0,0,0,0,0]) = 153313121899351440
N(O(7, 10), 45, [3,0,1,0,0,0,0,0,0,0], [4,0,0,0,0,0,0,0,0,0]) = 55996402087153095
N(O(7, 10), 45, [3,0,1,0,0,0,0,0,0,0], [2,1,0,0,0,0,0,0,0,0]) = 287513331202337752
N(O(7, 10), 45, [3,0,1,0,0,0,0,0,0,0], [1,0,1,0,0,0,0,0,0,0]) = 263657176708381104
N(O(7, 10), 45, [3,0,1,0,0,0,0,0,0,0], [0,2,0,0,0,0,0,0,0,0]) = 149623955649177492
N(O(7, 10), 45, [3,0,1,0,0,0,0,0,0,0], [0,0,0,1,0,0,0,0,0,0]) = 148234237970937556
N(O(7, 10), 45, [2,2,0,0,0,0,0,0,0,0], [4,0,0,0,0,0,0,0,0,0]) = 54392631955176120
N(O(7, 10), 45, [2,2,0,0,0,0,0,0,0,0], [2,1,0,0,0,0,0,0,0,0]) = 279077437260516156
N(O(7, 10), 45, [2,2,0,0,0,0,0,0,0,0], [1,0,1,0,0,0,0,0,0,0]) = 255808717825626912
N(O(7, 10), 45, [2,2,0,0,0,0,0,0,0,0], [0,2,0,0,0,0,0,0,0,0]) = 145057216051582664
N(O(7, 10), 45, [2,2,0,0,0,0,0,0,0,0], [0,0,0,1,0,0,0,0,0,0]) = 143698082903658368
N(O(7, 10), 45, [2,0,0,1,0,0,0,0,0,0], [4,0,0,0,0,0,0,0,0,0]) = 54304078423187560
N(O(7, 10), 45, [2,0,0,1,0,0,0,0,0,0], [2,1,0,0,0,0,0,0,0,0]) = 278600072079440324
N(O(7, 10), 45, [2,0,0,1,0,0,0,0,0,0], [1,0,1,0,0,0,0,0,0,0]) = 255358173862625628
N(O(7, 10), 45, [2,0,0,1,0,0,0,0,0,0], [0,2,0,0,0,0,0,0,0,0]) = 144788069193193224
N(O(7, 10), 45, [2,0,0,1,0,0,0,0,0,0], [0,0,0,1,0,0,0,0,0,0]) = 143430135455696400
N(O(7, 10), 45, [1,1,1,0,0,0,0,0,0,0], [4,0,0,0,0,0,0,0,0,0]) = 52702347635561985
N(O(7, 10), 45, [1,1,1,0,0,0,0,0,0,0], [2,1,0,0,0,0,0,0,0,0]) = 270175333460620012
N(O(7, 10), 45, [1,1,1,0,0,0,0,0,0,0], [1,0,1,0,0,0,0,0,0,0]) = 247520332051088736
N(O(7, 10), 45, [1,1,1,0,0,0,0,0,0,0], [0,2,0,0,0,0,0,0,0,0]) = 140227760143118268
N(O(7, 10), 45, [1,1,1,0,0,0,0,0,0,0], [0,0,0,1,0,0,0,0,0,0]) = 138900390216247956
N(O(7, 10), 45, [1,0,0,0,1,0,0,0,0,0], [4,0,0,0,0,0,0,0,0,0]) = 52658092088806777
N(O(7, 10), 45, [1,0,0,0,1,0,0,0,0,0], [2,1,0,0,0,0,0,0,0,0]) = 269936769440101852
N(O(7, 10), 45, [1,0,0,0,1,0,0,0,0,0], [1,0,1,0,0,0,0,0,0,0]) = 247295174275045848
N(O(7, 10), 45, [1,0,0,0,1,0,0,0,0,0], [0,2,0,0,0,0,0,0,0,0]) = 140093257519108284
N(O(7, 10), 45, [1,0,0,0,1,0,0,0,0,0], [0,0,0,1,0,0,0,0,0,0]) = 138766487165066108
N(O(7, 10), 45, [0,3,0,0,0,0,0,0,0,0], [4,0,0,0,0,0,0,0,0,0]) = 51183101836921280
N(O(7, 10), 45, [0,3,0,0,0,0,0,0,0,0], [2,1,0,0,0,0,0,0,0,0]) = 262194478906806696
N(O(7, 10), 45, [0,3,0,0,0,0,0,0,0,0], [1,0,1,0,0,0,0,0,0,0]) = 240101013906851724
N(O(7, 10), 45, [0,3,0,0,0,0,0,0,0,0], [0,2,0,0,0,0,0,0,0,0]) = 135916970708401904
N(O(7, 10), 45, [0,3,0,0,0,0,0,0,0,0], [0,0,0,1,0,0,0,0,0,0]) = 134619018820156624
N(O(7, 10), 45, [0,1,0,1,0,0,0,0,0,0], [4,0,0,0,0,0,0,0,0,0]) = 51098623454183228
N(O(7, 10), 45, [0,1,0,1,0,0,0,0,0,0], [2,1,0,0,0,0,0,0,0,0]) = 261739550436757912
N(O(7, 10), 45, [0,1,0,1,0,0,0,0,0,0], [1,0,1,0,0,0,0,0,0,0]) = 239671902755973672
N(O(7, 10), 45, [0,1,0,1,0,0,0,0,0,0], [0,2,0,0,0,0,0,0,0,0]) = 135660923501529904
N(O(7, 10), 45, [0,1,0,1,0,0,0,0,0,0], [0,0,0,1,0,0,0,0,0,0]) = 134364133712296816
N(O(7, 10), 45, [0,0,2,0,0,0,0,0,0,0], [4,0,0,0,0,0,0,0,0,0]) = 51058379439903018
N(O(7, 10), 45, [0,0,2,0,0,0,0,0,0,0], [2,1,0,0,0,0,0,0,0,0]) = 261523067653244872
N(O(7, 10), 45, [0,0,2,0,0,0,0,0,0,0], [1,0,1,0,0,0,0,0,0,0]) = 239467835406912834
N(O(7, 10), 45, [0,0,2,0,0,0,0,0,0,0], [0,2,0,0,0,0,0,0,0,0]) = 135539308261585632
N(O(7, 10), 45, [0,0,2,0,0,0,0,0,0,0], [0,0,0,1,0,0,0,0,0,0]) = 134243081130848776
N(O(7, 10), 45, [0,0,0,0,0,1,0,0,0,0], [4,0,0,0,0,0,0,0,0,0]) = 51056384276430746
N(O(7, 10), 45, [0,0,0,0,0,1,0,0,0,0], [2,1,0,0,0,0,0,0,0,0]) = 261512086280233296
N(O(7, 10), 45, [0,0,0,0,0,1,0,0,0,0], [1,0,1,0,0,0,0,0,0,0]) = 239457347257435074
N(O(7, 10), 45, [0,0,0,0,0,1,0,0,0,0], [0,2,0,0,0,0,0,0,0,0]) = 135532899947346560
N(O(7, 10), 45, [0,0,0,0,0,1,0,0,0,0], [0,0,0,1,0,0,0,0,0,0]) = 134236691207595112
N(O(7, 10), 45, [5,0,0,0,0,0,0,0,0,0], [5,0,0,0,0,0,0,0,0,0]) = 61352109450774950
N(O(7, 10), 45, [5,0,0,0,0,0,0,0,0,0], [3,1,0,0,0,0,0,0,0,0]) = 431308565458924740
N(O(7, 10), 45, [5,0,0,0,0,0,0,0,0,0], [2,0,1,0,0,0,0,0,0,0]) = 457669675070488830
N(O(7, 10), 45, [5,0,0,0,0,0,0,0,0,0], [1,2,0,0,0,0,0,0,0,0]) = 541610437503969808
N(O(7, 10), 45, [5,0,0,0,0,0,0,0,0,0], [1,0,0,1,0,0,0,0,0,0]) = 374567558871913072
N(O(7, 10), 45, [5,0,0,0,0,0,0,0,0,0], [0,1,1,0,0,0,0,0,0,0]) = 477001526624440272
N(O(7, 10), 45, [5,0,0,0,0,0,0,0,0,0], [0,0,0,0,1,0,0,0,0,0]) = 197821701538962125
N(O(7, 10), 45, [3,1,0,0,0,0,0,0,0,0], [5,0,0,0,0,0,0,0,0,0]) = 57779520442670196
N(O(7, 10), 45, [3,1,0,0,0,0,0,0,0,0], [3,1,0,0,0,0,0,0,0,0]) = 405694498953194892
N(O(7, 10), 45, [3,1,0,0,0,0,0,0,0,0], [2,0,1,0,0,0,0,0,0,0]) = 430240584163264266
N(O(7, 10), 45, [3,1,0,0,0,0,0,0,0,0], [1,2,0,0,0,0,0,0,0,0]) = 508516387577541784
N(O(7, 10), 45, [3,1,0,0,0,0,0,0,0,0], [1,0,0,1,0,0,0,0,0,0]) = 351807507820922320
N(O(7, 10), 45, [3,1,0,0,0,0,0,0,0,0], [0,1,1,0,0,0,0,0,0,0]) = 447233485605650736
N(O(7, 10), 45, [3,1,0,0,0,0,0,0,0,0], [0,0,0,0,1,0,0,0,0,0]) = 185459604004038365
N(O(7, 10), 45, [2,0,1,0,0,0,0,0,0,0], [5,0,0,0,0,0,0,0,0,0]) = 55996476026587256
N(O(7, 10), 45, [2,0,1,0,0,0,0,0,0,0], [3,1,0,0,0,0,0,0,0,0]) = 392911511738542632
N(O(7, 10), 45, [2,0,1,0,0,0,0,0,0,0], [2,0,1,0,0,0,0,0,0,0]) = 416552167718436972
N(O(7, 10), 45, [2,0,1,0,0,0,0,0,0,0], [1,2,0,0,0,0,0,0,0,0]) = 492001828433819140
N(O(7, 10), 45, [2,0,1,0,0,0,0,0,0,0], [1,0,0,1,0,0,0,0,0,0]) = 340449622271942776
N(O(7, 10), 45, [2,0,1,0,0,0,0,0,0,0], [0,1,1,0,0,0,0,0,0,0]) = 432379619300358216
N(O(7, 10), 45, [2,0,1,0,0,0,0,0,0,0], [0,0,0,0,1,0,0,0,0,0]) = 179291099326071095
N(O(7, 10), 45, [1,2,0,0,0,0,0,0,0,0], [5,0,0,0,0,0,0,0,0,0]) = 54392705372108130
N(O(7, 10), 45, [1,2,0,0,0,0,0,0,0,0], [3,1,0,0,0,0,0,0,0,0]) = 381437196567496068
N(O(7, 10), 45, [1,2,0,0,0,0,0,0,0,0], [2,0,1,0,0,0,0,0,0,0]) = 404276717644771494
N(O(7, 10), 45, [1,2,0,0,0,0,0,0,0,0], [1,2,0,0,0,0,0,0,0,0]) = 477222657732808480
N(O(7, 10), 45, [1,2,0,0,0,0,0,0,0,0], [1,0,0,1,0,0,0,0,0,0]) = 330278737072506608
N(O(7, 10), 45, [1,2,0,0,0,0,0,0,0,0], [0,1,1,0,0,0,0,0,0,0]) = 419117115598036608
N(O(7, 10), 45, [1,2,0,0,0,0,0,0,0,0], [0,0,0,0,1,0,0,0,0,0]) = 173784150612523725
N(O(7, 10), 45, [1,0,0,1,0,0,0,0,0,0], [5,0,0,0,0,0,0,0,0,0]) = 54304151835250162
N(O(7, 10), 45, [1,0,0,1,0,0,0,0,0,0], [3,1,0,0,0,0,0,0,0,0]) = 380790875747502532
N(O(7, 10), 45, [1,0,0,1,0,0,0,0,0,0], [2,0,1,0,0,0,0,0,0,0]) = 403578943969082934
N(O(7, 10), 45, [1,0,0,1,0,0,0,0,0,0], [1,2,0,0,0,0,0,0,0,0]) = 476365785245269216
N(O(7, 10), 45, [1,0,0,1,0,0,0,0,0,0], [1,0,0,1,0,0,0,0,0,0]) = 329692616751034992
N(O(7, 10), 45, [1,0,0,1,0,0,0,0,0,0], [0,1,1,0,0,0,0,0,0,0]) = 418331485498772856
N(O(7, 10), 45, [1,0,0,1,0,0,0,0,0,0], [0,0,0,0,1,0,0,0,0,0]) = 173457553910524685
N(O(7, 10), 45, [0,1,1,0,0,0,0,0,0,0], [5,0,0,0,0,0,0,0,0,0]) = 52702420525155546
N(O(7, 10), 45, [0,1,1,0,0,0,0,0,0,0], [3,1,0,0,0,0,0,0,0,0]) = 369331633065714564
N(O(7, 10), 45, [0,1,1,0,0,0,0,0,0,0], [2,0,1,0,0,0,0,0,0,0]) = 391319864315331618
N(O(7, 10), 45, [0,1,1,0,0,0,0,0,0,0], [1,2,0,0,0,0,0,0,0,0]) = 461606933819911996
N(O(7, 10), 45, [0,1,1,0,0,0,0,0,0,0], [1,0,0,1,0,0,0,0,0,0]) = 319535593038239176
N(O(7, 10), 45, [0,1,1,0,0,0,0,0,0,0], [0,1,1,0,0,0,0,0,0,0]) = 405087832818591432
N(O(7, 10), 45, [0,1,1,0,0,0,0,0,0,0], [0,0,0,0,1,0,0,0,0,0]) = 167958446844512705
N(O(7, 10), 45, [0,0,0,0,1,0,0,0,0,0], [5,0,0,0,0,0,0,0,0,0]) = 52658164975965655
N(O(7, 10), 45, [0,0,0,0,1,0,0,0,0,0], [3,1,0,0,0,0,0,0,0,0]) = 369008632272045740
N(O(7, 10), 45, [0,0,0,0,1,0,0,0,0,0], [2,0,1,0,0,0,0,0,0,0]) = 390971152204206765
N(O(7, 10), 45, [0,0,0,0,1,0,0,0,0,0], [1,2,0,0,0,0,0,0,0,0]) = 461178718223302268
N(O(7, 10), 45, [0,0,0,0,1,0,0,0,0,0], [1,0,0,1,0,0,0,0,0,0]) = 319242682546112032
N(O(7, 10), 45, [0,0,0,0,1,0,0,0,0,0], [0,1,1,0,0,0,0,0,0,0]) = 404695226282890332
N(O(7, 10), 45, [0,0,0,0,1,0,0,0,0,0], [0,0,0,0,1,0,0,0,0,0]) = 167795235291589100
N(O(7, 10), 45, [4,0,0,0,0,0,0,0,0,0], [6,0,0,0,0,0,0,0,0,0]) = 61352110335654176
N(O(7, 10), 45, [4,0,0,0,0,0,0,0,0,0], [4,1,0,0,0,0,0,0,0,0]) = 546867462581698544
N(O(7, 10), 45, [4,0,0,0,0,0,0,0,0,0], [3,0,1,0,0,0,0,0,0,0]) = 625648458706513656
N(O(7, 10), 45, [4,0,0,0,0,0,0,0,0,0], [2,2,0,0,0,0,0,0,0,0]) = 1135442089057423896
N(O(7, 10), 45, [4,0,0,0,0,0,0,0,0,0], [2,0,0,1,0,0,0,0,0,0]) = 591398648817172032
N(O(7, 10), 45, [4,0,0,0,0,0,0,0,0,0], [1,1,1,0,0,0,0,0,0,0]) = 1568708417618203776
N(O(7, 10), 45, [4,0,0,0,0,0,0,0,0,0], [1,0,0,0,1,0,0,0,0,0]) = 453589406977126680
N(O(7, 10), 45, [4,0,0,0,0,0,0,0,0,0], [0,3,0,0,0,0,0,0,0,0]) = 309471689976994752
N(O(7, 10), 45, [4,0,0,0,0,0,0,0,0,0], [0,1,0,1,0,0,0,0,0,0]) = 615528753573059424
N(O(7, 10), 45, [4,0,0,0,0,0,0,0,0,0], [0,0,2,0,0,0,0,0,0,0]) = 344709017506182672
N(O(7, 10), 45, [4,0,0,0,0,0,0,0,0,0], [0,0,0,0,0,1,0,0,0,0]) = 229757574794943096
N(O(7, 10), 45, [2,1,0,0,0,0,0,0,0,0], [6,0,0,0,0,0,0,0,0,0]) = 57779521320147482
N(O(7, 10), 45, [2,1,0,0,0,0,0,0,0,0], [4,1,0,0,0,0,0,0,0,0]) = 514479767995985092
N(O(7, 10), 45, [2,1,0,0,0,0,0,0,0,0], [3,0,1,0,0,0,0,0,0,0]) = 588337427505462708
N(O(7, 10), 45, [2,1,0,0,0,0,0,0,0,0], [2,2,0,0,0,0,0,0,0,0]) = 1066671268759333816
N(O(7, 10), 45, [2,1,0,0,0,0,0,0,0,0], [2,0,0,1,0,0,0,0,0,0]) = 555828216656609744
N(O(7, 10), 45, [2,1,0,0,0,0,0,0,0,0], [1,1,1,0,0,0,0,0,0,0]) = 1472417456676163344
N(O(7, 10), 45, [2,1,0,0,0,0,0,0,0,0], [1,0,0,0,1,0,0,0,0,0]) = 425927537268824600
N(O(7, 10), 45, [2,1,0,0,0,0,0,0,0,0], [0,3,0,0,0,0,0,0,0,0]) = 290114433181289776
N(O(7, 10), 45, [2,1,0,0,0,0,0,0,0,0], [0,1,0,1,0,0,0,0,0,0]) = 576968843687508480
N(O(7, 10), 45, [2,1,0,0,0,0,0,0,0,0], [0,0,2,0,0,0,0,0,0,0]) = 323087809064635602
N(O(7, 10), 45, [2,1,0,0,0,0,0,0,0,0], [0,0,0,0,0,1,0,0,0,0]) = 215345265194164752
N(O(7, 10), 45, [1,0,1,0,0,0,0,0,0,0], [6,0,0,0,0,0,0,0,0,0]) = 55996476900363656
N(O(7, 10), 45, [1,0,1,0,0,0,0,0,0,0], [4,1,0,0,0,0,0,0,0,0]) = 498316212117899102
N(O(7, 10), 45, [1,0,1,0,0,0,0,0,0,0], [3,0,1,0,0,0,0,0,0,0]) = 569717217977180766
N(O(7, 10), 45, [1,0,1,0,0,0,0,0,0,0], [2,2,0,0,0,0,0,0,0,0]) = 1032352501980263244
N(O(7, 10), 45, [1,0,1,0,0,0,0,0,0,0], [2,0,0,1,0,0,0,0,0,0]) = 538077127517223672
N(O(7, 10), 45, [1,0,1,0,0,0,0,0,0,0], [1,1,1,0,0,0,0,0,0,0]) = 1424367242869347096
N(O(7, 10), 45, [1,0,1,0,0,0,0,0,0,0], [1,0,0,0,1,0,0,0,0,0]) = 412123706095637160
N(O(7, 10), 45, [1,0,1,0,0,0,0,0,0,0], [0,3,0,0,0,0,0,0,0,0]) = 280455521357746968
N(O(7, 10), 45, [1,0,1,0,0,0,0,0,0,0], [0,1,0,1,0,0,0,0,0,0]) = 557728244295644784
N(O(7, 10), 45, [1,0,1,0,0,0,0,0,0,0], [0,0,2,0,0,0,0,0,0,0]) = 312299307822652767
N(O(7, 10), 45, [1,0,1,0,0,0,0,0,0,0], [0,0,0,0,0,1,0,0,0,0]) = 208153845123434244
N(O(7, 10), 45, [0,2,0,0,0,0,0,0,0,0], [6,0,0,0,0,0,0,0,0,0]) = 54392706242217188
N(O(7, 10), 45, [0,2,0,0,0,0,0,0,0,0], [4,1,0,0,0,0,0,0,0,0]) = 483803405325614488
N(O(7, 10), 45, [0,2,0,0,0,0,0,0,0,0], [3,0,1,0,0,0,0,0,0,0]) = 553010746370181984
N(O(7, 10), 45, [0,2,0,0,0,0,0,0,0,0], [2,2,0,0,0,0,0,0,0,0]) = 1001611622136491512
N(O(7, 10), 45, [0,2,0,0,0,0,0,0,0,0], [2,0,0,1,0,0,0,0,0,0]) = 522164661897556672
N(O(7, 10), 45, [0,2,0,0,0,0,0,0,0,0], [1,1,1,0,0,0,0,0,0,0]) = 1381387635076759248
N(O(7, 10), 45, [0,2,0,0,0,0,0,0,0,0], [1,0,0,0,1,0,0,0,0,0]) = 399767535830913400
N(O(7, 10), 45, [0,2,0,0,0,0,0,0,0,0], [0,3,0,0,0,0,0,0,0,0]) = 271833942481792416
N(O(7, 10), 45, [0,2,0,0,0,0,0,0,0,0], [0,1,0,1,0,0,0,0,0,0]) = 540556516693778848
N(O(7, 10), 45, [0,2,0,0,0,0,0,0,0,0], [0,0,2,0,0,0,0,0,0,0]) = 302671993008184452
N(O(7, 10), 45, [0,2,0,0,0,0,0,0,0,0], [0,0,0,0,0,1,0,0,0,0]) = 201736493790482184
N(O(7, 10), 45, [0,0,0,1,0,0,0,0,0,0], [6,0,0,0,0,0,0,0,0,0]) = 54304152705342476
N(O(7, 10), 45, [0,0,0,1,0,0,0,0,0,0], [4,1,0,0,0,0,0,0,0,0]) = 482988127740020648
N(O(7, 10), 45, [0,0,0,1,0,0,0,0,0,0], [3,0,1,0,0,0,0,0,0,0]) = 552065645886105276
N(O(7, 10), 45, [0,0,0,1,0,0,0,0,0,0], [2,2,0,0,0,0,0,0,0,0]) = 999844892708644440
N(O(7, 10), 45, [0,0,0,1,0,0,0,0,0,0], [2,0,0,1,0,0,0,0,0,0]) = 521256725573877296
N(O(7, 10), 45, [0,0,0,1,0,0,0,0,0,0], [1,1,1,0,0,0,0,0,0,0]) = 1378884087012793272
N(O(7, 10), 45, [0,0,0,1,0,0,0,0,0,0], [1,0,0,0,1,0,0,0,0,0]) = 399052739765182200
N(O(7, 10), 45, [0,0,0,1,0,0,0,0,0,0], [0,3,0,0,0,0,0,0,0,0]) = 271321848068002400
N(O(7, 10), 45, [0,0,0,1,0,0,0,0,0,0], [0,1,0,1,0,0,0,0,0,0]) = 539535199052978976
N(O(7, 10), 45, [0,0,0,1,0,0,0,0,0,0], [0,0,2,0,0,0,0,0,0,0]) = 302098767306256728
N(O(7, 10), 45, [0,0,0,1,0,0,0,0,0,0], [0,0,0,0,0,1,0,0,0,0]) = 201354370899634440
N(O(7, 10), 45, [3,0,0,0,0,0,0,0,0,0], [7,0,0,0,0,0,0,0,0,0]) = 61352110340940192
N(O(7, 10), 45, [3,0,0,0,0,0,0,0,0,0], [5,1,0,0,0,0,0,0,0,0]) = 662426503510627180
N(O(7, 10), 45, [3,0,0,0,0,0,0,0,0,0], [4,0,1,0,0,0,0,0,0,0]) = 793637665004126136
N(O(7, 10), 45, [3,0,0,0,0,0,0,0,0,0], [3,2,0,0,0,0,0,0,0,0]) = 1946831087058761920
N(O(7, 10), 45, [3,0,0,0,0,0,0,0,0,0], [3,0,0,1,0,0,0,0,0,0]) = 808601211013935984
N(O(7, 10), 45, [3,0,0,0,0,0,0,0,0,0], [2,1,1,0,0,0,0,0,0,0]) = 3291729579657990924
N(O(7, 10), 45, [3,0,0,0,0,0,0,0,0,0], [2,0,0,0,1,0,0,0,0,0]) = 716405569094804580
N(O(7, 10), 45, [3,0,0,0,0,0,0,0,0,0], [1,3,0,0,0,0,0,0,0,0]) = 1326504465178518320
N(O(7, 10), 45, [3,0,0,0,0,0,0,0,0,0], [1,1,0,1,0,0,0,0,0,0]) = 2025470587750850176
N(O(7, 10), 45, [3,0,0,0,0,0,0,0,0,0], [1,0,2,0,0,0,0,0,0,0]) = 1135680547653981936
N(O(7, 10), 45, [3,0,0,0,0,0,0,0,0,0], [1,0,0,0,0,1,0,0,0,0]) = 527248552703388720
N(O(7, 10), 45, [3,0,0,0,0,0,0,0,0,0], [0,2,1,0,0,0,0,0,0,0]) = 1343338838188492404
N(O(7, 10), 45, [3,0,0,0,0,0,0,0,0,0], [0,1,0,0,1,0,0,0,0,0]) = 744621380062372500
N(O(7, 10), 45, [3,0,0,0,0,0,0,0,0,0], [0,0,1,1,0,0,0,0,0,0]) = 889478608075807920
N(O(7, 10), 45, [3,0,0,0,0,0,0,0,0,0], [0,0,0,0,0,0,1,0,0,0]) = 259403015460252860
N(O(7, 10), 45, [1,1,0,0,0,0,0,0,0,0], [7,0,0,0,0,0,0,0,0,0]) = 57779521325411818
N(O(7, 10), 45, [1,1,0,0,0,0,0,0,0,0], [5,1,0,0,0,0,0,0,0,0]) = 623265178783589340
N(O(7, 10), 45, [1,1,0,0,0,0,0,0,0,0], [4,0,1,0,0,0,0,0,0,0]) = 746444470448114748
N(O(7, 10), 45, [1,1,0,0,0,0,0,0,0,0], [3,2,0,0,0,0,0,0,0,0]) = 1829545661988779312
N(O(7, 10), 45, [1,1,0,0,0,0,0,0,0,0], [3,0,0,1,0,0,0,0,0,0]) = 760209254091164216
N(O(7, 10), 45, [1,1,0,0,0,0,0,0,0,0], [2,1,1,0,0,0,0,0,0,0]) = 3091496892453178128
N(O(7, 10), 45, [1,1,0,0,0,0,0,0,0,0], [2,0,0,0,1,0,0,0,0,0]) = 673162955965928130
N(O(7, 10), 45, [1,1,0,0,0,0,0,0,0,0], [1,3,0,0,0,0,0,0,0,0]) = 1244559748693067696
N(O(7, 10), 45, [1,1,0,0,0,0,0,0,0,0], [1,1,0,1,0,0,0,0,0,0]) = 1900681381665109696
N(O(7, 10), 45, [1,1,0,0,0,0,0,0,0,0], [1,0,2,0,0,0,0,0,0,0]) = 1065648805240400082
N(O(7, 10), 45, [1,1,0,0,0,0,0,0,0,0], [1,0,0,0,0,1,0,0,0,0]) = 494977312143927120
N(O(7, 10), 45, [1,1,0,0,0,0,0,0,0,0], [0,2,1,0,0,0,0,0,0,0]) = 1258917511654878396
N(O(7, 10), 45, [1,1,0,0,0,0,0,0,0,0], [0,1,0,0,1,0,0,0,0,0]) = 697797176661473700
N(O(7, 10), 45, [1,1,0,0,0,0,0,0,0,0], [0,0,1,1,0,0,0,0,0,0]) = 833472809025678912
N(O(7, 10), 45, [1,1,0,0,0,0,0,0,0,0], [0,0,0,0,0,0,1,0,0,0]) = 243069057629517042
N(O(7, 10), 45, [0,0,1,0,0,0,0,0,0,0], [7,0,0,0,0,0,0,0,0,0]) = 55996476905617152
N(O(7, 10), 45, [0,0,1,0,0,0,0,0,0,0], [5,1,0,0,0,0,0,0,0,0]) = 603721053211498054
N(O(7, 10), 45, [0,0,1,0,0,0,0,0,0,0], [4,0,1,0,0,0,0,0,0,0]) = 722892356332762350
N(O(7, 10), 45, [0,0,1,0,0,0,0,0,0,0], [3,2,0,0,0,0,0,0,0,0]) = 1771015768205898292
N(O(7, 10), 45, [0,0,1,0,0,0,0,0,0,0], [3,0,0,1,0,0,0,0,0,0]) = 736059392267908488
N(O(7, 10), 45, [0,0,1,0,0,0,0,0,0,0], [2,1,1,0,0,0,0,0,0,0]) = 2991576174565039908
N(O(7, 10), 45, [0,0,1,0,0,0,0,0,0,0], [2,0,0,0,1,0,0,0,0,0]) = 651583434045411165
N(O(7, 10), 45, [0,0,1,0,0,0,0,0,0,0], [1,3,0,0,0,0,0,0,0,0]) = 1203669389043592400
N(O(7, 10), 45, [0,0,1,0,0,0,0,0,0,0], [1,1,0,1,0,0,0,0,0,0]) = 1838411151862043488
N(O(7, 10), 45, [0,0,1,0,0,0,0,0,0,0], [1,0,2,0,0,0,0,0,0,0]) = 1030702814065810701
N(O(7, 10), 45, [0,0,1,0,0,0,0,0,0,0], [1,0,0,0,0,1,0,0,0,0]) = 478873542460906680
N(O(7, 10), 45, [0,0,1,0,0,0,0,0,0,0], [0,2,1,0,0,0,0,0,0,0]) = 1216793590451286096
N(O(7, 10), 45, [0,0,1,0,0,0,0,0,0,0], [0,1,0,0,1,0,0,0,0,0]) = 674433226334644620
N(O(7, 10), 45, [0,0,1,0,0,0,0,0,0,0], [0,0,1,1,0,0,0,0,0,0]) = 805527599111618640
N(O(7, 10), 45, [0,0,1,0,0,0,0,0,0,0], [0,0,0,0,0,0,1,0,0,0]) = 234918904506818147
N(O(7, 10), 45, [2,0,0,0,0,0,0,0,0,0], [8,0,0,0,0,0,0,0,0,0]) = 61352110340953746
N(O(7, 10), 45, [2,0,0,0,0,0,0,0,0,0], [6,1,0,0,0,0,0,0,0,0]) = 777985546151072448
N(O(7, 10), 45, [2,0,0,0,0,0,0,0,0,0], [5,0,1,0,0,0,0,0,0,0]) = 961627093084037718
N(O(7, 10), 45, [2,0,0,0,0,0,0,0,0,0], [4,2,0,0,0,0,0,0,0,0]) = 2975790623051227704
N(O(7, 10), 45, [2,0,0,0,0,0,0,0,0,0], [4,0,0,1,0,0,0,0,0,0]) = 1025817524706810664
N(O(7, 10), 45, [2,0,0,0,0,0,0,0,0,0], [3,1,1,0,0,0,0,0,0,0]) = 5647138969885284756
N(O(7, 10), 45, [2,0,0,0,0,0,0,0,0,0], [3,0,0,0,1,0,0,0,0,0]) = 979679026038158710
N(O(7, 10), 45, [2,0,0,0,0,0,0,0,0,0], [2,3,0,0,0,0,0,0,0,0]) = 3459847002697675552
N(O(7, 10), 45, [2,0,0,0,0,0,0,0,0,0], [2,1,0,1,0,0,0,0,0,0]) = 4251527309382252400
N(O(7, 10), 45, [2,0,0,0,0,0,0,0,0,0], [2,0,2,0,0,0,0,0,0,0]) = 2385337050809529912
N(O(7, 10), 45, [2,0,0,0,0,0,0,0,0,0], [2,0,0,0,0,1,0,0,0,0]) = 833026278051853956
N(O(7, 10), 45, [2,0,0,0,0,0,0,0,0,0], [1,2,1,0,0,0,0,0,0,0]) = 5764179236842902912
N(O(7, 10), 45, [2,0,0,0,0,0,0,0,0,0], [1,1,0,0,1,0,0,0,0,0]) = 2451649876667081920
N(O(7, 10), 45, [2,0,0,0,0,0,0,0,0,0], [1,0,1,1,0,0,0,0,0,0]) = 2932260170342348568
N(O(7, 10), 45, [2,0,0,0,0,0,0,0,0,0], [1,0,0,0,0,0,1,0,0,0]) = 595772917616396352
N(O(7, 10), 45, [2,0,0,0,0,0,0,0,0,0], [0,4,0,0,0,0,0,0,0,0]) = 580228866362648512
N(O(7, 10), 45, [2,0,0,0,0,0,0,0,0,0], [0,2,0,1,0,0,0,0,0,0]) = 1733089964147928288
N(O(7, 10), 45, [2,0,0,0,0,0,0,0,0,0], [0,1,2,0,0,0,0,0,0,0]) = 1943314476030501588
N(O(7, 10), 45, [2,0,0,0,0,0,0,0,0,0], [0,1,0,0,0,1,0,0,0,0]) = 864645826362777216
N(O(7, 10), 45, [2,0,0,0,0,0,0,0,0,0], [0,0,1,0,1,0,0,0,0,0]) = 1075838041064071560
N(O(7, 10), 45, [2,0,0,0,0,0,0,0,0,0], [0,0,0,2,0,0,0,0,0,0]) = 573720541822813440
N(O(7, 10), 45, [2,0,0,0,0,0,0,0,0,0], [0,0,0,0,0,0,0,1,0,0]) = 286859072844448336
N(O(7, 10), 45, [0,1,0,0,0,0,0,0,0,0], [8,0,0,0,0,0,0,0,0,0]) = 57779521325425354
N(O(7, 10), 45, [0,1,0,0,0,0,0,0,0,0], [6,1,0,0,0,0,0,0,0,0]) = 732050591268173796
N(O(7, 10), 45, [0,1,0,0,0,0,0,0,0,0], [5,0,1,0,0,0,0,0,0,0]) = 904551732023730948
N(O(7, 10), 45, [0,1,0,0,0,0,0,0,0,0], [4,2,0,0,0,0,0,0,0,0]) = 2797152472640503048
N(O(7, 10), 45, [0,1,0,0,0,0,0,0,0,0], [4,0,0,1,0,0,0,0,0,0]) = 964603747908021328
N(O(7, 10), 45, [0,1,0,0,0,0,0,0,0,0], [3,1,1,0,0,0,0,0,0,0]) = 5305513284391424868
N(O(7, 10), 45, [0,1,0,0,0,0,0,0,0,0], [3,0,0,0,1,0,0,0,0,0]) = 920841906318723370
N(O(7, 10), 45, [0,1,0,0,0,0,0,0,0,0], [2,3,0,0,0,0,0,0,0,0]) = 3247782992966539360
N(O(7, 10), 45, [0,1,0,0,0,0,0,0,0,0], [2,1,0,1,0,0,0,0,0,0]) = 3991968907207675168
N(O(7, 10), 45, [0,1,0,0,0,0,0,0,0,0], [2,0,2,0,0,0,0,0,0,0]) = 2239608398186631456
N(O(7, 10), 45, [0,1,0,0,0,0,0,0,0,0], [2,0,0,0,0,1,0,0,0,0]) = 782564600963962512
N(O(7, 10), 45, [0,1,0,0,0,0,0,0,0,0], [1,2,1,0,0,0,0,0,0,0]) = 5406513583268757840
N(O(7, 10), 45, [0,1,0,0,0,0,0,0,0,0], [1,1,0,0,1,0,0,0,0,0]) = 2300045443834114720
N(O(7, 10), 45, [0,1,0,0,0,0,0,0,0,0], [1,0,1,1,0,0,0,0,0,0]) = 2750767199164500360
N(O(7, 10), 45, [0,1,0,0,0,0,0,0,0,0], [1,0,0,0,0,0,1,0,0,0]) = 559173920549534304
N(O(7, 10), 45, [0,1,0,0,0,0,0,0,0,0], [0,4,0,0,0,0,0,0,0,0]) = 543667884963653632
N(O(7, 10), 45, [0,1,0,0,0,0,0,0,0,0], [0,2,0,1,0,0,0,0,0,0]) = 1623756727393815360
N(O(7, 10), 45, [0,1,0,0,0,0,0,0,0,0], [0,1,2,0,0,0,0,0,0,0]) = 1820607484472298504
N(O(7, 10), 45, [0,1,0,0,0,0,0,0,0,0], [0,1,0,0,0,1,0,0,0,0]) = 810066634799471472
N(O(7, 10), 45, [0,1,0,0,0,0,0,0,0,0], [0,0,1,0,1,0,0,0,0,0]) = 1007838736246107180
N(O(7, 10), 45, [0,1,0,0,0,0,0,0,0,0], [0,0,0,2,0,0,0,0,0,0]) = 537456534849215008
N(O(7, 10), 45, [0,1,0,0,0,0,0,0,0,0], [0,0,0,0,0,0,0,1,0,0]) = 268727106645618208
N(O(7, 10), 45, [1,0,0,0,0,0,0,0,0,0], [9,0,0,0,0,0,0,0,0,0]) = 61352110340953756
N(O(7, 10), 45, [1,0,0,0,0,0,0,0,0,0], [7,1,0,0,0,0,0,0,0,0]) = 893544588801896228
N(O(7, 10), 45, [1,0,0,0,0,0,0,0,0,0], [6,0,1,0,0,0,0,0,0,0]) = 1129616523785128854
N(O(7, 10), 45, [1,0,0,0,0,0,0,0,0,0], [5,2,0,0,0,0,0,0,0,0]) = 4222320980618407056
N(O(7, 10), 45, [1,0,0,0,0,0,0,0,0,0], [5,0,0,1,0,0,0,0,0,0]) = 1243034132047811480
N(O(7, 10), 45, [1,0,0,0,0,0,0,0,0,0], [4,1,1,0,0,0,0,0,0,0]) = 8634976547135212818
N(O(7, 10), 45, [1,0,0,0,0,0,0,0,0,0], [4,0,0,0,1,0,0,0,0,0]) = 1242969486482192745
N(O(7, 10), 45, [1,0,0,0,0,0,0,0,0,0], [3,3,0,0,0,0,0,0,0,0]) = 7118938326675235296
N(O(7, 10), 45, [1,0,0,0,0,0,0,0,0,0], [3,1,0,1,0,0,0,0,0,0]) = 7295109320554591920
N(O(7, 10), 45, [1,0,0,0,0,0,0,0,0,0], [3,0,2,0,0,0,0,0,0,0]) = 4094488704741072750
N(O(7, 10), 45, [1,0,0,0,0,0,0,0,0,0], [3,0,0,0,0,1,0,0,0,0]) = 1139344400827011132
N(O(7, 10), 45, [1,0,0,0,0,0,0,0,0,0], [2,2,1,0,0,0,0,0,0,0]) = 15044230527690051060
N(O(7, 10), 45, [1,0,0,0,0,0,0,0,0,0], [2,1,0,0,1,0,0,0,0,0]) = 5147659635799448040
N(O(7, 10), 45, [1,0,0,0,0,0,0,0,0,0], [2,0,1,1,0,0,0,0,0,0]) = 6160807328770352040
N(O(7, 10), 45, [1,0,0,0,0,0,0,0,0,0], [2,0,0,0,0,0,1,0,0,0]) = 941614069159311681
N(O(7, 10), 45, [1,0,0,0,0,0,0,0,0,0], [1,4,0,0,0,0,0,0,0,0]) = 3069348363748784384
N(O(7, 10), 45, [1,0,0,0,0,0,0,0,0,0], [1,2,0,1,0,0,0,0,0,0]) = 7439915868459225504
N(O(7, 10), 45, [1,0,0,0,0,0,0,0,0,0], [1,1,2,0,0,0,0,0,0,0]) = 8347713815119344120
N(O(7, 10), 45, [1,0,0,0,0,0,0,0,0,0], [1,1,0,0,0,1,0,0,0,0]) = 2848451458236641664
N(O(7, 10), 45, [1,0,0,0,0,0,0,0,0,0], [1,0,1,0,1,0,0,0,0,0]) = 3548685030726212640
N(O(7, 10), 45, [1,0,0,0,0,0,0,0,0,0], [1,0,0,2,0,0,0,0,0,0]) = 1892491008826953600
N(O(7, 10), 45, [1,0,0,0,0,0,0,0,0,0], [1,0,0,0,0,0,0,1,0,0]) = 659383629272842272
N(O(7, 10), 45, [1,0,0,0,0,0,0,0,0,0], [0,3,1,0,0,0,0,0,0,0]) = 3359201587382998176
N(O(7, 10), 45, [1,0,0,0,0,0,0,0,0,0], [0,2,0,0,1,0,0,0,0,0]) = 2096060640918489060
N(O(7, 10), 45, [1,0,0,0,0,0,0,0,0,0], [0,1,1,1,0,0,0,0,0,0]) = 5013456292933384176
N(O(7, 10), 45, [1,0,0,0,0,0,0,0,0,0], [0,1,0,0,0,0,1,0,0,0]) = 975999478997807796
N(O(7, 10), 45, [1,0,0,0,0,0,0,0,0,0], [0,0,3,0,0,0,0,0,0,0]) = 936897923467958409
N(O(7, 10), 45, [1,0,0,0,0,0,0,0,0,0], [0,0,1,0,0,1,0,0,0,0]) = 1249030770478317432
N(O(7, 10), 45, [1,0,0,0,0,0,0,0,0,0], [0,0,0,1,1,0,0,0,0,0]) = 1387662651467429400
N(O(7, 10), 45, [1,0,0,0,0,0,0,0,0,0], [0,0,0,0,0,0,0,0,1,0]) = 312223422814888545
N(O(7, 10), 45, [0,0,0,0,0,0,0,0,0,0], [10,0,0,0,0,0,0,0,0,0]) = 61352110340953756
N(O(7, 10), 45, [0,0,0,0,0,0,0,0,0,0], [8,1,0,0,0,0,0,0,0,0]) = 1009103631452746936
N(O(7, 10), 45, [0,0,0,0,0,0,0,0,0,0], [7,0,1,0,0,0,0,0,0,0]) = 1297605954501980310
N(O(7, 10), 45, [0,0,0,0,0,0,0,0,0,0], [6,2,0,0,0,0,0,0,0,0]) = 5686422163154754648
N(O(7, 10), 45, [0,0,0,0,0,0,0,0,0,0], [6,0,0,1,0,0,0,0,0,0]) = 1460250742869181384
N(O(7, 10), 45, [0,0,0,0,0,0,0,0,0,0], [5,1,1,0,0,0,0,0,0,0]) = 12255243170817168876
N(O(7, 10), 45, [0,0,0,0,0,0,0,0,0,0], [5,0,0,0,1,0,0,0,0,0]) = 1506260311362021020
N(O(7, 10), 45, [0,0,0,0,0,0,0,0,0,0], [4,3,0,0,0,0,0,0,0,0]) = 12713243271956241392
N(O(7, 10), 45, [0,0,0,0,0,0,0,0,0,0], [4,1,0,1,0,0,0,0,0,0]) = 11156269327330717168
N(O(7, 10), 45, [0,0,0,0,0,0,0,0,0,0], [4,0,2,0,0,0,0,0,0,0]) = 6263165773739359800
N(O(7, 10), 45, [0,0,0,0,0,0,0,0,0,0], [4,0,0,0,0,1,0,0,0,0]) = 1445682706485595608
N(O(7, 10), 45, [0,0,0,0,0,0,0,0,0,0], [3,2,1,0,0,0,0,0,0,0]) = 30968304401090595672
N(O(7, 10), 45, [0,0,0,0,0,0,0,0,0,0], [3,1,0,0,1,0,0,0,0,0]) = 8834386609797123480
N(O(7, 10), 45, [0,0,0,0,0,0,0,0,0,0], [3,0,1,1,0,0,0,0,0,0]) = 10577248089118498608
N(O(7, 10), 45, [0,0,0,0,0,0,0,0,0,0], [3,0,0,0,0,0,1,0,0,0]) = 1288076051741877440
N(O(7, 10), 45, [0,0,0,0,0,0,0,0,0,0], [2,4,0,0,0,0,0,0,0,0]) = 9564914349681863104
N(O(7, 10), 45, [0,0,0,0,0,0,0,0,0,0], [2,2,0,1,0,0,0,0,0,0]) = 19423233253709153600
N(O(7, 10), 45, [0,0,0,0,0,0,0,0,0,0], [2,1,2,0,0,0,0,0,0,0]) = 21801659135187726756
N(O(7, 10), 45, [0,0,0,0,0,0,0,0,0,0], [2,1,0,0,0,1,0,0,0,0]) = 5982653177845966464
N(O(7, 10), 45, [0,0,0,0,0,0,0,0,0,0], [2,0,1,0,1,0,0,0,0,0]) = 7458291093883479960
N(O(7, 10), 45, [0,0,0,0,0,0,0,0,0,0], [2,0,0,2,0,0,0,0,0,0]) = 3977517911122462784
N(O(7, 10), 45, [0,0,0,0,0,0,0,0,0,0], [2,0,0,0,0,0,0,1,0,0]) = 1042511531732937008
N(O(7, 10), 45, [0,0,0,0,0,0,0,0,0,0], [1,3,1,0,0,0,0,0,0,0]) = 17783236921051291056
N(O(7, 10), 45, [0,0,0,0,0,0,0,0,0,0], [1,2,0,0,1,0,0,0,0,0]) = 9002045119703229840
N(O(7, 10), 45, [0,0,0,0,0,0,0,0,0,0], [1,1,1,1,0,0,0,0,0,0]) = 21545760494899688448
N(O(7, 10), 45, [0,0,0,0,0,0,0,0,0,0], [1,1,0,0,0,0,1,0,0,0]) = 3217142815659465168
N(O(7, 10), 45, [0,0,0,0,0,0,0,0,0,0], [1,0,3,0,0,0,0,0,0,0]) = 4029006365665390512
N(O(7, 10), 45, [0,0,0,0,0,0,0,0,0,0], [1,0,1,0,0,1,0,0,0,0]) = 4122395481405647916
N(O(7, 10), 45, [0,0,0,0,0,0,0,0,0,0], [1,0,0,1,1,0,0,0,0,0]) = 4580087023258718360
N(O(7, 10), 45, [0,0,0,0,0,0,0,0,0,0], [1,0,0,0,0,0,0,0,1,0]) = 718294581467143596
N(O(7, 10), 45, [0,0,0,0,0,0,0,0,0,0], [0,5,0,0,0,0,0,0,0,0]) = 1087335769927307264
N(O(7, 10), 45, [0,0,0,0,0,0,0,0,0,0], [0,3,0,1,0,0,0,0,0,0]) = 4332800847059640320
N(O(7, 10), 45, [0,0,0,0,0,0,0,0,0,0], [0,2,2,0,0,0,0,0,0,0]) = 7291595740298455296
N(O(7, 10), 45, [0,0,0,0,0,0,0,0,0,0], [0,2,0,0,0,1,0,0,0,0]) = 2433330669283022304
N(O(7, 10), 45, [0,0,0,0,0,0,0,0,0,0], [0,1,1,0,1,0,0,0,0,0]) = 6062453282910599880
N(O(7, 10), 45, [0,0,0,0,0,0,0,0,0,0], [0,1,0,2,0,0,0,0,0,0]) = 3233053865910345920
N(O(7, 10), 45, [0,0,0,0,0,0,0,0,0,0], [0,1,0,0,0,0,0,1,0,0]) = 1079067528889835840
N(O(7, 10), 45, [0,0,0,0,0,0,0,0,0,0], [0,0,2,1,0,0,0,0,0,0]) = 3624977866559882832
N(O(7, 10), 45, [0,0,0,0,0,0,0,0,0,0], [0,0,1,0,0,0,1,0,0,0]) = 1409636704286152482
N(O(7, 10), 45, [0,0,0,0,0,0,0,0,0,0], [0,0,0,1,0,1,0,0,0,0]) = 1610837630844108432
N(O(7, 10), 45, [0,0,0,0,0,0,0,0,0,0], [0,0,0,0,2,0,0,0,0,0]) = 838976176457945500
N(O(7, 10), 45, [0,0,0,0,0,0,0,0,0,0], [0,0,0,0,0,0,0,0,0,1]) = 335590447605673140
