

alpha = [4,0,0,0,0,0,0,0,0,0]
34980+

alpha = [2,1,0,0,0,0,0,0,0,0]
26648+

alpha = [1,0,1,0,0,0,0,0,0,0]
22566+

alpha = [0,2,0,0,0,0,0,0,0,0]
19900+

alpha = [0,0,0,1,0,0,0,0,0,0]
19220+

alpha = [3,0,0,0,0,0,0,0,0,0]
36864+36960b^1+

alpha = [1,1,0,0,0,0,0,0,0,0]
28368+26736b^1+

alpha = [0,0,1,0,0,0,0,0,0,0]
24204+21768b^1+

alpha = [2,0,0,0,0,0,0,0,0,0]
36974+90552b^1+43812c^1+

alpha = [0,1,0,0,0,0,0,0,0,0]
28476+66824b^1+30792c^1+

alpha = [1,0,0,0,0,0,0,0,0,0]
36975+147294b^1+111516c^1+53476b^2+48304d^1+

alpha = [0,0,0,0,0,0,0,0,0,0]
36975+204246b^1+184128c^1+187124b^2+125184d^1+126888b^1 c^1+49650e^1+