

alpha = [4,0,0,0,0,0,0,0,0,0]
48+

alpha = [2,1,0,0,0,0,0,0,0,0]
46+

alpha = [1,0,1,0,0,0,0,0,0,0]
45+

alpha = [0,2,0,0,0,0,0,0,0,0]
44+

alpha = [0,0,0,1,0,0,0,0,0,0]
44+

alpha = [3,0,0,0,0,0,0,0,0,0]
48+84b^1+

alpha = [1,1,0,0,0,0,0,0,0,0]
46+80b^1+

alpha = [0,0,1,0,0,0,0,0,0,0]
45+78b^1+

alpha = [2,0,0,0,0,0,0,0,0,0]
48+176b^1+123c^1+

alpha = [0,1,0,0,0,0,0,0,0,0]
46+168b^1+117c^1+

alpha = [1,0,0,0,0,0,0,0,0,0]
48+268b^1+258c^1+160b^2+160d^1+

alpha = [0,0,0,0,0,0,0,0,0,0]
48+360b^1+393c^1+496b^2+336d^1+468b^1 c^1+195e^1+