

alpha = [4,0,0,0,0,0,0,0,0,0]
75+136b^1+

alpha = [2,1,0,0,0,0,0,0,0,0]
73+132b^1+

alpha = [1,0,1,0,0,0,0,0,0,0]
72+130b^1+

alpha = [0,2,0,0,0,0,0,0,0,0]
71+128b^1+

alpha = [0,0,0,1,0,0,0,0,0,0]
71+128b^1+

alpha = [3,0,0,0,0,0,0,0,0,0]
75+282b^1+201c^1+

alpha = [1,1,0,0,0,0,0,0,0,0]
73+274b^1+195c^1+

alpha = [0,0,1,0,0,0,0,0,0,0]
72+270b^1+192c^1+

alpha = [2,0,0,0,0,0,0,0,0,0]
75+428b^1+417c^1+264b^2+264d^1+

alpha = [0,1,0,0,0,0,0,0,0,0]
73+416b^1+405c^1+256b^2+256d^1+

alpha = [1,0,0,0,0,0,0,0,0,0]
75+574b^1+633c^1+812b^2+548d^1+780b^1 c^1+325e^1+

alpha = [0,0,0,0,0,0,0,0,0,0]
75+720b^1+849c^1+1644b^2+832d^1+2400b^1 c^1+675e^1+512b^3+1024b^1 d^1+576c^2+384f^1+