

alpha = [4,0,0,0,0,0,0,0,0,0]
437004+553622b^1+

alpha = [2,1,0,0,0,0,0,0,0,0]
378830+469046b^1+

alpha = [1,0,1,0,0,0,0,0,0,0]
349908+427058b^1+

alpha = [0,2,0,0,0,0,0,0,0,0]
326684+394454b^1+

alpha = [0,0,0,1,0,0,0,0,0,0]
323890+389862b^1+

alpha = [3,0,0,0,0,0,0,0,0,0]
437512+1289220b^1+746313c^1+

alpha = [1,1,0,0,0,0,0,0,0,0]
379330+1101528b^1+628395c^1+

alpha = [0,0,1,0,0,0,0,0,0,0]
350404+1008300b^1+569877c^1+

alpha = [2,0,0,0,0,0,0,0,0,0]
437517+2046904b^1+1762134c^1+938104b^2+910728d^1+

alpha = [0,1,0,0,0,0,0,0,0,0]
379335+1754920b^1+1498584c^1+788920b^2+763480d^1+

alpha = [1,0,0,0,0,0,0,0,0,0]
437517+2805564b^1+2811858c^1+3141160b^2+2162260d^1+2537964b^1 c^1+1040395e^1+

alpha = [0,0,0,0,0,0,0,0,0,0]
437517+3564234b^1+3863070c^1+6651000b^2+3457820d^1+8560032b^1 c^1+2483715e^1+1577840b^3+3086408b^1 d^1+1709631c^2+1138332f^1+