

alpha = [4,0,0,0,0,0,0,0,0,0,0,0,0,0,0,0,0,0,0,0]
147+856b^1+843c^1+544b^2+544d^1+

alpha = [2,1,0,0,0,0,0,0,0,0,0,0,0,0,0,0,0,0,0,0]
145+844b^1+831c^1+536b^2+536d^1+

alpha = [1,0,1,0,0,0,0,0,0,0,0,0,0,0,0,0,0,0,0,0]
144+838b^1+825c^1+532b^2+532d^1+

alpha = [0,2,0,0,0,0,0,0,0,0,0,0,0,0,0,0,0,0,0,0]
143+832b^1+819c^1+528b^2+528d^1+

alpha = [0,0,0,1,0,0,0,0,0,0,0,0,0,0,0,0,0,0,0,0]
143+832b^1+819c^1+528b^2+528d^1+

alpha = [3,0,0,0,0,0,0,0,0,0,0,0,0,0,0,0,0,0,0,0]
147+1146b^1+1275c^1+1660b^2+1116d^1+1620b^1 c^1+675e^1+

alpha = [1,1,0,0,0,0,0,0,0,0,0,0,0,0,0,0,0,0,0,0]
145+1130b^1+1257c^1+1636b^2+1100d^1+1596b^1 c^1+665e^1+

alpha = [0,0,1,0,0,0,0,0,0,0,0,0,0,0,0,0,0,0,0,0]
144+1122b^1+1248c^1+1624b^2+1092d^1+1584b^1 c^1+660e^1+

alpha = [2,0,0,0,0,0,0,0,0,0,0,0,0,0,0,0,0,0,0,0]
147+1436b^1+1707c^1+3348b^2+1688d^1+4944b^1 c^1+1385e^1+1072b^3+2144b^1 d^1+1206c^2+804f^1+

alpha = [0,1,0,0,0,0,0,0,0,0,0,0,0,0,0,0,0,0,0,0]
145+1416b^1+1683c^1+3300b^2+1664d^1+4872b^1 c^1+1365e^1+1056b^3+2112b^1 d^1+1188c^2+792f^1+

alpha = [1,0,0,0,0,0,0,0,0,0,0,0,0,0,0,0,0,0,0,0]
147+1726b^1+2139c^1+5608b^2+2260d^1+9972b^1 c^1+2095e^1+4344b^3+6544b^1 d^1+3681c^2+1650f^1+4788b^2 c^1+2660b^1 e^1+3192c^1 d^1+931g^1+

alpha = [0,0,0,0,0,0,0,0,0,0,0,0,0,0,0,0,0,0,0,0]
147+2016b^1+2571c^1+8440b^2+2832d^1+16704b^1 c^1+2805e^1+10944b^3+13200b^1 d^1+7425c^2+2496f^1+19404b^2 c^1+8120b^1 e^1+9744c^1 d^1+1911g^1+2112b^4+6336b^2 d^1+7128b^1 c^2+3168b^1 f^1+3960c^1 e^1+2112d^2+1056h^1+