

alpha = [4,0,0,0,0,0,0,0,0,0,0,0,0,0,0,0,0,0,0,0]
404185+2202636b^1+2091576c^1+1261824b^2+1257896d^1+

alpha = [2,1,0,0,0,0,0,0,0,0,0,0,0,0,0,0,0,0,0,0]
386323+2101728b^1+1993800c^1+1200544b^2+1196672d^1+

alpha = [1,0,1,0,0,0,0,0,0,0,0,0,0,0,0,0,0,0,0,0]
377395+2051292b^1+1944930c^1+1169916b^2+1166072d^1+

alpha = [0,2,0,0,0,0,0,0,0,0,0,0,0,0,0,0,0,0,0,0]
368993+2003924b^1+1899084c^1+1141248b^2+1137432d^1+

alpha = [0,0,0,1,0,0,0,0,0,0,0,0,0,0,0,0,0,0,0,0]
368731+2002396b^1+1897578c^1+1140272b^2+1136456d^1+

alpha = [3,0,0,0,0,0,0,0,0,0,0,0,0,0,0,0,0,0,0,0]
404185+2975282b^1+3223656c^1+3989448b^2+2722528d^1+3686244b^1 c^1+1533480e^1+

alpha = [1,1,0,0,0,0,0,0,0,0,0,0,0,0,0,0,0,0,0,0]
386323+2839714b^1+3074688c^1+3799784b^2+2594216d^1+3505488b^1 c^1+1458200e^1+

alpha = [0,0,1,0,0,0,0,0,0,0,0,0,0,0,0,0,0,0,0,0]
377395+2771954b^1+3000231c^1+3704988b^2+2530084d^1+3415146b^1 c^1+1420575e^1+

alpha = [2,0,0,0,0,0,0,0,0,0,0,0,0,0,0,0,0,0,0,0]
404185+3747928b^1+4355841c^1+8192904b^2+4197312d^1+11665944b^1 c^1+3321690e^1+2401088b^3+4792448b^1 d^1+2691459c^2+1794264f^1+

alpha = [0,1,0,0,0,0,0,0,0,0,0,0,0,0,0,0,0,0,0,0]
386323+3577700b^1+4155681c^1+7807632b^2+4001792d^1+11106264b^1 c^1+3163850e^1+2282496b^3+4555408b^1 d^1+2558187c^2+1705416f^1+

alpha = [1,0,0,0,0,0,0,0,0,0,0,0,0,0,0,0,0,0,0,0]
404185+4520574b^1+5488026c^1+13872332b^2+5672236d^1+23969196b^1 c^1+5122515e^1+10000656b^3+15175312b^1 d^1+8526249c^2+3889806f^1+10520724b^2 c^1+5839950b^1 e^1+6996492c^1 d^1+2040619g^1+

alpha = [0,0,0,0,0,0,0,0,0,0,0,0,0,0,0,0,0,0,0,0]
404185+5293220b^1+6620211c^1+21027732b^2+7147160d^1+40596420b^1 c^1+6923515e^1+25615920b^3+31188480b^1 d^1+17526942c^2+6000396f^1+43848216b^2 c^1+18502800b^1 e^1+22177056c^1 d^1+4427633g^1+4564992b^4+13671904b^2 d^1+15361812b^1 c^2+6830184b^1 f^1+8523525c^1 e^1+4545824d^2+2272912h^1+