

alpha = [4,0,0,0,0,0,0,0,0,0,0,0,0,0,0,0,0,0,0,0]
959115+7178244b^1+7842276c^1+9832584b^2+6691592d^1+9220620b^1 c^1+3838180e^1+

alpha = [2,1,0,0,0,0,0,0,0,0,0,0,0,0,0,0,0,0,0,0]
927225+6933656b^1+7572132c^1+9485880b^2+6457456d^1+8887308b^1 c^1+3699340e^1+

alpha = [1,0,1,0,0,0,0,0,0,0,0,0,0,0,0,0,0,0,0,0]
911283+6811386b^1+7437087c^1+9312564b^2+6340412d^1+8720688b^1 c^1+3629935e^1+

alpha = [0,2,0,0,0,0,0,0,0,0,0,0,0,0,0,0,0,0,0,0]
896047+6694652b^1+7308216c^1+9147336b^2+6228792d^1+8562012b^1 c^1+3563840e^1+

alpha = [0,0,0,1,0,0,0,0,0,0,0,0,0,0,0,0,0,0,0,0]
895695+6691892b^1+7305138c^1+9143304b^2+6226088d^1+8558052b^1 c^1+3562190e^1+

alpha = [3,0,0,0,0,0,0,0,0,0,0,0,0,0,0,0,0,0,0,0]
959115+9032694b^1+10576125c^1+20115708b^2+10274148d^1+28951416b^1 c^1+8216435e^1+6041872b^3+12069200b^1 d^1+6782328c^2+4521504f^1+

alpha = [1,1,0,0,0,0,0,0,0,0,0,0,0,0,0,0,0,0,0,0]
927225+8725750b^1+10213515c^1+19412892b^2+9918132d^1+27923832b^1 c^1+7927205e^1+5822272b^3+11630160b^1 d^1+6535440c^2+4356912f^1+

alpha = [0,0,1,0,0,0,0,0,0,0,0,0,0,0,0,0,0,0,0,0]
911283+8572308b^1+10032246c^1+19061556b^2+9740160d^1+27410148b^1 c^1+7782620e^1+5712496b^3+11410688b^1 d^1+6412023c^2+4274634f^1+

alpha = [2,0,0,0,0,0,0,0,0,0,0,0,0,0,0,0,0,0,0,0]
959115+10887144b^1+13309974c^1+33983020b^2+13856928d^1+59247072b^1 c^1+12617580e^1+25013632b^3+37908528b^1 d^1+21308616c^2+9684132f^1+26668728b^2 c^1+14808760b^1 e^1+17752920c^1 d^1+5177907g^1+

alpha = [0,1,0,0,0,0,0,0,0,0,0,0,0,0,0,0,0,0,0,0]
927225+10517844b^1+12854898c^1+32802196b^2+13379032d^1+57163752b^1 c^1+12177750e^1+24116944b^3+36554736b^1 d^1+20547270c^2+9341160f^1+25692768b^2 c^1+14266640b^1 e^1+17102568c^1 d^1+4988221g^1+

alpha = [1,0,0,0,0,0,0,0,0,0,0,0,0,0,0,0,0,0,0,0]
959115+12741594b^1+16043823c^1+51434520b^2+17439708d^1+100108260b^1 c^1+17019005e^1+63839416b^3+77590560b^1 d^1+43619877c^2+14874102f^1+110454084b^2 c^1+46529400b^1 e^1+55795464c^1 d^1+11095707g^1+11644544b^4+34899552b^2 d^1+39232944b^1 c^2+17441256b^1 f^1+21779700c^1 e^1+11615776d^2+5807888h^1+

alpha = [0,0,0,0,0,0,0,0,0,0,0,0,0,0,0,0,0,0,0,0]
959115+14596044b^1+18777672c^1+72470208b^2+21022488d^1+151534980b^1 c^1+21420430e^1+129443808b^3+131116192b^1 d^1+73716615c^2+20064408f^1+281966256b^2 c^1+95252220b^1 e^1+114236496c^1 d^1+17045259g^1+59878432b^4+144582240b^2 d^1+162557928b^1 c^2+54820008b^1 f^1+68475510c^1 e^1+36520128d^2+12452176h^1+68523024b^3 c^1+42811200b^2 e^1+102669408b^1 c^1 d^1+19968676b^1 g^1+19236069c^3+25647912c^1 f^1+28497520d^1 e^1+6411942i^1+